0 0
0.01 0
0.02 0
0.03 0
0.04 0
0.05 0
0.06 0
0.07 0
0.08 0
0.09 0
0.1 0
0.11 0
0.12 0
0.13 0
0.14 0
0.15 0
0.16 0
0.17 0
0.18 0
0.19 0
0.2 -1
0.21 -1
0.22 -1
0.23 -1
0.24 -1
0.25 -1
0.26 -1
0.27 -1
0.28 -1
0.29 -1
0.3 -1
0.31 -1
0.32 -1
0.33 -1
0.34 -1
0.35 -1
0.36 -1
0.37 -1
0.38 -1
0.39 -1
0.4 1
0.41 1
0.42 1
0.43 1
0.44 1
0.45 1
0.46 1
0.47 1
0.48 1
0.49 1
0.5 1
0.51 1
0.52 1
0.53 1
0.54 1
0.55 1
0.56 1
0.57 1
0.58 1
0.59 1
0.6 0
0.61 0
0.62 0
0.63 0
0.64 0
0.65 0
0.66 0
0.67 0
0.68 0
0.69 0
0.7 0
0.71 0
0.72 0
0.73 0
0.74 0
0.75 0
0.76 0
0.77 0
0.78 0
0.79 0
0.8 0
0.81 0
0.82 0
0.83 0
0.84 0
0.85 0
0.86 0
0.87 0
0.88 0
0.89 0
0.9 0
0.91 0
0.92 0
0.93 0
0.94 0
0.95 0
0.96 0
0.97 0
0.98 0
0.99 0
1 0
1.01 0
1.02 0
1.03 0
1.04 0
1.05 0
1.06 0
1.07 0
1.08 0
1.09 0
1.1 0
1.11 0
1.12 0
1.13 0
1.14 0
1.15 0
1.16 0
1.17 0
1.18 0
1.19 0
1.2 0
1.21 0
1.22 0
1.23 0
1.24 0
1.25 0
1.26 0
1.27 0
1.28 0
1.29 0
1.3 0
1.31 0
1.32 0
1.33 0
1.34 0
1.35 0
1.36 0
1.37 0
1.38 0
1.39 0
1.4 0
1.41 0
1.42 0
1.43 0
1.44 0
1.45 0
1.46 0
1.47 0
1.48 0
1.49 0
1.5 0
1.51 0
1.52 0
1.53 0
1.54 0
1.55 0
1.56 0
1.57 0
1.58 0
1.59 0
1.6 -1
1.61 -1
1.62 -1
1.63 -1
1.64 -1
1.65 -1
1.66 -1
1.67 -1
1.68 -1
1.69 -1
1.7 -1
1.71 -1
1.72 -1
1.73 -1
1.74 -1
1.75 -1
1.76 -1
1.77 -1
1.78 -1
1.79 -1
1.8 0
1.81 0
1.82 0
1.83 0
1.84 0
1.85 0
1.86 0
1.87 0
1.88 0
1.89 0
1.9 0
1.91 0
1.92 0
1.93 0
1.94 0
1.95 0
1.96 0
1.97 0
1.98 0
1.99 0
2 1
2.01 1
2.02 1
2.03 1
2.04 1
2.05 1
2.06 1
2.07 1
2.08 1
2.09 1
2.1 1
2.11 1
2.12 1
2.13 1
2.14 1
2.15 1
2.16 1
2.17 1
2.18 1
2.19 1
2.2 0
2.21 0
2.22 0
2.23 0
2.24 0
2.25 0
2.26 0
2.27 0
2.28 0
2.29 0
2.3 0
2.31 0
2.32 0
2.33 0
2.34 0
2.35 0
2.36 0
2.37 0
2.38 0
2.39 0
2.4 -1
2.41 -1
2.42 -1
2.43 -1
2.44 -1
2.45 -1
2.46 -1
2.47 -1
2.48 -1
2.49 -1
2.5 -1
2.51 -1
2.52 -1
2.53 -1
2.54 -1
2.55 -1
2.56 -1
2.57 -1
2.58 -1
2.59 -1
2.6 0
2.61 0
2.62 0
2.63 0
2.64 0
2.65 0
2.66 0
2.67 0
2.68 0
2.69 0
2.7 0
2.71 0
2.72 0
2.73 0
2.74 0
2.75 0
2.76 0
2.77 0
2.78 0
2.79 0
2.8 1
2.81 1
2.82 1
2.83 1
2.84 1
2.85 1
2.86 1
2.87 1
2.88 1
2.89 1
2.9 1
2.91 1
2.92 1
2.93 1
2.94 1
2.95 1
2.96 1
2.97 1
2.98 1
2.99 1
3 0
3.01 0
3.02 0
3.03 0
3.04 0
3.05 0
3.06 0
3.07 0
3.08 0
3.09 0
3.1 0
3.11 0
3.12 0
3.13 0
3.14 0
3.15 0
3.16 0
3.17 0
3.18 0
3.19 0
3.2 0
3.21 0
3.22 0
3.23 0
3.24 0
3.25 0
3.26 0
3.27 0
3.28 0
3.29 0
3.3 0
3.31 0
3.32 0
3.33 0
3.34 0
3.35 0
3.36 0
3.37 0
3.38 0
3.39 0
3.4 0
3.41 0
3.42 0
3.43 0
3.44 0
3.45 0
3.46 0
3.47 0
3.48 0
3.49 0
3.5 0
3.51 0
3.52 0
3.53 0
3.54 0
3.55 0
3.56 0
3.57 0
3.58 0
3.59 0
3.6 0
3.61 0
3.62 0
3.63 0
3.64 0
3.65 0
3.66 0
3.67 0
3.68 0
3.69 0
3.7 0
3.71 0
3.72 0
3.73 0
3.74 0
3.75 0
3.76 0
3.77 0
3.78 0
3.79 0
3.8 -1
3.81 -1
3.82 -1
3.83 -1
3.84 -1
3.85 -1
3.86 -1
3.87 -1
3.88 -1
3.89 -1
3.9 -1
3.91 -1
3.92 -1
3.93 -1
3.94 -1
3.95 -1
3.96 -1
3.97 -1
3.98 -1
3.99 -1
4 1
4.01 1
4.02 1
4.03 1
4.04 1
4.05 1
4.06 1
4.07 1
4.08 1
4.09 1
4.1 1
4.11 1
4.12 1
4.13 1
4.14 1
4.15 1
4.16 1
4.17 1
4.18 1
4.19 1
4.2 0
4.21 0
4.22 0
4.23 0
4.24 0
4.25 0
4.26 0
4.27 0
4.28 0
4.29 0
4.3 0
4.31 0
4.32 0
4.33 0
4.34 0
4.35 0
4.36 0
4.37 0
4.38 0
4.39 0
4.4 -1
4.41 -1
4.42 -1
4.43 -1
4.44 -1
4.45 -1
4.46 -1
4.47 -1
4.48 -1
4.49 -1
4.5 -1
4.51 -1
4.52 -1
4.53 -1
4.54 -1
4.55 -1
4.56 -1
4.57 -1
4.58 -1
4.59 -1
4.6 0
4.61 0
4.62 0
4.63 0
4.64 0
4.65 0
4.66 0
4.67 0
4.68 0
4.69 0
4.7 0
4.71 0
4.72 0
4.73 0
4.74 0
4.75 0
4.76 0
4.77 0
4.78 0
4.79 0
4.8 1
4.81 1
4.82 1
4.83 1
4.84 1
4.85 1
4.86 1
4.87 1
4.88 1
4.89 1
4.9 1
4.91 1
4.92 1
4.93 1
4.94 1
4.95 1
4.96 1
4.97 1
4.98 1
4.99 1
5 0
5.01 0
5.02 0
5.03 0
5.04 0
5.05 0
5.06 0
5.07 0
5.08 0
5.09 0
5.1 0
5.11 0
5.12 0
5.13 0
5.14 0
5.15 0
5.16 0
5.17 0
5.18 0
5.19 0
5.2 -1
5.21 -1
5.22 -1
5.23 -1
5.24 -1
5.25 -1
5.26 -1
5.27 -1
5.28 -1
5.29 -1
5.3 -1
5.31 -1
5.32 -1
5.33 -1
5.34 -1
5.35 -1
5.36 -1
5.37 -1
5.38 -1
5.39 -1
5.4 0
5.41 0
5.42 0
5.43 0
5.44 0
5.45 0
5.46 0
5.47 0
5.48 0
5.49 0
5.5 0
5.51 0
5.52 0
5.53 0
5.54 0
5.55 0
5.56 0
5.57 0
5.58 0
5.59 0
5.6 1
5.61 1
5.62 1
5.63 1
5.64 1
5.65 1
5.66 1
5.67 1
5.68 1
5.69 1
5.7 1
5.71 1
5.72 1
5.73 1
5.74 1
5.75 1
5.76 1
5.77 1
5.78 1
5.79 1
5.8 -1
5.81 -1
5.82 -1
5.83 -1
5.84 -1
5.85 -1
5.86 -1
5.87 -1
5.88 -1
5.89 -1
5.9 -1
5.91 -1
5.92 -1
5.93 -1
5.94 -1
5.95 -1
5.96 -1
5.97 -1
5.98 -1
5.99 -1
6 1
6.01 1
6.02 1
6.03 1
6.04 1
6.05 1
6.06 1
6.07 1
6.08 1
6.09 1
6.1 1
6.11 1
6.12 1
6.13 1
6.14 1
6.15 1
6.16 1
6.17 1
6.18 1
6.19 1
6.2 0
6.21 0
6.22 0
6.23 0
6.24 0
6.25 0
6.26 0
6.27 0
6.28 0
6.29 0
6.3 0
6.31 0
6.32 0
6.33 0
6.34 0
6.35 0
6.36 0
6.37 0
6.38 0
6.39 0
6.4 0
6.41 0
6.42 0
6.43 0
6.44 0
6.45 0
6.46 0
6.47 0
6.48 0
6.49 0
6.5 0
6.51 0
6.52 0
6.53 0
6.54 0
6.55 0
6.56 0
6.57 0
6.58 0
6.59 0
6.6 0
6.61 0
6.62 0
6.63 0
6.64 0
6.65 0
6.66 0
6.67 0
6.68 0
6.69 0
6.7 0
6.71 0
6.72 0
6.73 0
6.74 0
6.75 0
6.76 0
6.77 0
6.78 0
6.79 0
6.8 0
6.81 0
6.82 0
6.83 0
6.84 0
6.85 0
6.86 0
6.87 0
6.88 0
6.89 0
6.9 0
6.91 0
6.92 0
6.93 0
6.94 0
6.95 0
6.96 0
6.97 0
6.98 0
6.99 0
7 0
7.01 0
7.02 0
7.03 0
7.04 0
7.05 0
7.06 0
7.07 0
7.08 0
7.09 0
7.1 0
7.11 0
7.12 0
7.13 0
7.14 0
7.15 0
7.16 0
7.17 0
7.18 0
7.19 0
7.2 -1
7.21 -1
7.22 -1
7.23 -1
7.24 -1
7.25 -1
7.26 -1
7.27 -1
7.28 -1
7.29 -1
7.3 -1
7.31 -1
7.32 -1
7.33 -1
7.34 -1
7.35 -1
7.36 -1
7.37 -1
7.38 -1
7.39 -1
7.4 0
7.41 0
7.42 0
7.43 0
7.44 0
7.45 0
7.46 0
7.47 0
7.48 0
7.49 0
7.5 0
7.51 0
7.52 0
7.53 0
7.54 0
7.55 0
7.56 0
7.57 0
7.58 0
7.59 0
7.6 1
7.61 1
7.62 1
7.63 1
7.64 1
7.65 1
7.66 1
7.67 1
7.68 1
7.69 1
7.7 1
7.71 1
7.72 1
7.73 1
7.74 1
7.75 1
7.76 1
7.77 1
7.78 1
7.79 1
7.8 0
7.81 0
7.82 0
7.83 0
7.84 0
7.85 0
7.86 0
7.87 0
7.88 0
7.89 0
7.9 0
7.91 0
7.92 0
7.93 0
7.94 0
7.95 0
7.96 0
7.97 0
7.98 0
7.99 0
8 -1
8.01 -1
8.02 -1
8.03 -1
8.04 -1
8.05 -1
8.06 -1
8.07 -1
8.08 -1
8.09 -1
8.1 -1
8.11 -1
8.12 -1
8.13 -1
8.14 -1
8.15 -1
8.16 -1
8.17 -1
8.18 -1
8.19 -1
8.2 0
8.21 0
8.22 0
8.23 0
8.24 0
8.25 0
8.26 0
8.27 0
8.28 0
8.29 0
8.3 0
8.31 0
8.32 0
8.33 0
8.34 0
8.35 0
8.36 0
8.37 0
8.38 0
8.39 0
8.4 0
8.41 0
8.42 0
8.43 0
8.44 0
8.45 0
8.46 0
8.47 0
8.48 0
8.49 0
8.5 0
8.51 0
8.52 0
8.53 0
8.54 0
8.55 0
8.56 0
8.57 0
8.58 0
8.59 0
8.6 0
8.61 0
8.62 0
8.63 0
8.64 0
8.65 0
8.66 0
8.67 0
8.68 0
8.69 0
8.7 0
8.71 0
8.72 0
8.73 0
8.74 0
8.75 0
8.76 0
8.77 0
8.78 0
8.79 0
8.8 0
8.81 0
8.82 0
8.83 0
8.84 0
8.85 0
8.86 0
8.87 0
8.88 0
8.89 0
8.9 0
8.91 0
8.92 0
8.93 0
8.94 0
8.95 0
8.96 0
8.97 0
8.98 0
8.99 0
9 0
9.01 0
9.02 0
9.03 0
9.04 0
9.05 0
9.06 0
9.07 0
9.08 0
9.09 0
9.1 0
9.11 0
9.12 0
9.13 0
9.14 0
9.15 0
9.16 0
9.17 0
9.18 0
9.19 0
9.2 0
9.21 0
9.22 0
9.23 0
9.24 0
9.25 0
9.26 0
9.27 0
9.28 0
9.29 0
9.3 0
9.31 0
9.32 0
9.33 0
9.34 0
9.35 0
9.36 0
9.37 0
9.38 0
9.39 0
9.4 0
9.41 0
9.42 0
9.43 0
9.44 0
9.45 0
9.46 0
9.47 0
9.48 0
9.49 0
9.5 0
9.51 0
9.52 0
9.53 0
9.54 0
9.55 0
9.56 0
9.57 0
9.58 0
9.59 0
9.6 0
9.61 0
9.62 0
9.63 0
9.64 0
9.65 0
9.66 0
9.67 0
9.68 0
9.69 0
9.7 0
9.71 0
9.72 0
9.73 0
9.74 0
9.75 0
9.76 0
9.77 0
9.78 0
9.79 0
9.8 1
9.81 1
9.82 1
9.83 1
9.84 1
9.85 1
9.86 1
9.87 1
9.88 1
9.89 1
9.9 1
9.91 1
9.92 1
9.93 1
9.94 1
9.95 1
9.96 1
9.97 1
9.98 1
9.99 1
10 0
10.01 0
10.02 0
10.03 0
10.04 0
10.05 0
10.06 0
10.07 0
10.08 0
10.09 0
10.1 0
10.11 0
10.12 0
10.13 0
10.14 0
10.15 0
10.16 0
10.17 0
10.18 0
10.19 0
10.2 0
10.21 0
10.22 0
10.23 0
10.24 0
10.25 0
10.26 0
10.27 0
10.28 0
10.29 0
10.3 0
10.31 0
10.32 0
10.33 0
10.34 0
10.35 0
10.36 0
10.37 0
10.38 0
10.39 0
10.4 -1
10.41 -1
10.42 -1
10.43 -1
10.44 -1
10.45 -1
10.46 -1
10.47 -1
10.48 -1
10.49 -1
10.5 -1
10.51 -1
10.52 -1
10.53 -1
10.54 -1
10.55 -1
10.56 -1
10.57 -1
10.58 -1
10.59 -1
10.6 1
10.61 1
10.62 1
10.63 1
10.64 1
10.65 1
10.66 1
10.67 1
10.68 1
10.69 1
10.7 1
10.71 1
10.72 1
10.73 1
10.74 1
10.75 1
10.76 1
10.77 1
10.78 1
10.79 1
10.8 0
10.81 0
10.82 0
10.83 0
10.84 0
10.85 0
10.86 0
10.87 0
10.88 0
10.89 0
10.9 0
10.91 0
10.92 0
10.93 0
10.94 0
10.95 0
10.96 0
10.97 0
10.98 0
10.99 0
11 0
11.01 0
11.02 0
11.03 0
11.04 0
11.05 0
11.06 0
11.07 0
11.08 0
11.09 0
11.1 0
11.11 0
11.12 0
11.13 0
11.14 0
11.15 0
11.16 0
11.17 0
11.18 0
11.19 0
11.2 0
11.21 0
11.22 0
11.23 0
11.24 0
11.25 0
11.26 0
11.27 0
11.28 0
11.29 0
11.3 0
11.31 0
11.32 0
11.33 0
11.34 0
11.35 0
11.36 0
11.37 0
11.38 0
11.39 0
11.4 -1
11.41 -1
11.42 -1
11.43 -1
11.44 -1
11.45 -1
11.46 -1
11.47 -1
11.48 -1
11.49 -1
11.5 -1
11.51 -1
11.52 -1
11.53 -1
11.54 -1
11.55 -1
11.56 -1
11.57 -1
11.58 -1
11.59 -1
11.6 1
11.61 1
11.62 1
11.63 1
11.64 1
11.65 1
11.66 1
11.67 1
11.68 1
11.69 1
11.7 1
11.71 1
11.72 1
11.73 1
11.74 1
11.75 1
11.76 1
11.77 1
11.78 1
11.79 1
11.8 0
11.81 0
11.82 0
11.83 0
11.84 0
11.85 0
11.86 0
11.87 0
11.88 0
11.89 0
11.9 0
11.91 0
11.92 0
11.93 0
11.94 0
11.95 0
11.96 0
11.97 0
11.98 0
11.99 0
12 0
12.01 0
12.02 0
12.03 0
12.04 0
12.05 0
12.06 0
12.07 0
12.08 0
12.09 0
12.1 0
12.11 0
12.12 0
12.13 0
12.14 0
12.15 0
12.16 0
12.17 0
12.18 0
12.19 0
12.2 -1
12.21 -1
12.22 -1
12.23 -1
12.24 -1
12.25 -1
12.26 -1
12.27 -1
12.28 -1
12.29 -1
12.3 -1
12.31 -1
12.32 -1
12.33 -1
12.34 -1
12.35 -1
12.36 -1
12.37 -1
12.38 -1
12.39 -1
12.4 1
12.41 1
12.42 1
12.43 1
12.44 1
12.45 1
12.46 1
12.47 1
12.48 1
12.49 1
12.5 1
12.51 1
12.52 1
12.53 1
12.54 1
12.55 1
12.56 1
12.57 1
12.58 1
12.59 1
12.6 0
12.61 0
12.62 0
12.63 0
12.64 0
12.65 0
12.66 0
12.67 0
12.68 0
12.69 0
12.7 0
12.71 0
12.72 0
12.73 0
12.74 0
12.75 0
12.76 0
12.77 0
12.78 0
12.79 0
12.8 -1
12.81 -1
12.82 -1
12.83 -1
12.84 -1
12.85 -1
12.86 -1
12.87 -1
12.88 -1
12.89 -1
12.9 -1
12.91 -1
12.92 -1
12.93 -1
12.94 -1
12.95 -1
12.96 -1
12.97 -1
12.98 -1
12.99 -1
13 0
13.01 0
13.02 0
13.03 0
13.04 0
13.05 0
13.06 0
13.07 0
13.08 0
13.09 0
13.1 0
13.11 0
13.12 0
13.13 0
13.14 0
13.15 0
13.16 0
13.17 0
13.18 0
13.19 0
13.2 1
13.21 1
13.22 1
13.23 1
13.24 1
13.25 1
13.26 1
13.27 1
13.28 1
13.29 1
13.3 1
13.31 1
13.32 1
13.33 1
13.34 1
13.35 1
13.36 1
13.37 1
13.38 1
13.39 1
13.4 0
13.41 0
13.42 0
13.43 0
13.44 0
13.45 0
13.46 0
13.47 0
13.48 0
13.49 0
13.5 0
13.51 0
13.52 0
13.53 0
13.54 0
13.55 0
13.56 0
13.57 0
13.58 0
13.59 0
13.6 -1
13.61 -1
13.62 -1
13.63 -1
13.64 -1
13.65 -1
13.66 -1
13.67 -1
13.68 -1
13.69 -1
13.7 -1
13.71 -1
13.72 -1
13.73 -1
13.74 -1
13.75 -1
13.76 -1
13.77 -1
13.78 -1
13.79 -1
13.8 0
13.81 0
13.82 0
13.83 0
13.84 0
13.85 0
13.86 0
13.87 0
13.88 0
13.89 0
13.9 0
13.91 0
13.92 0
13.93 0
13.94 0
13.95 0
13.96 0
13.97 0
13.98 0
13.99 0
14 1
14.01 1
14.02 1
14.03 1
14.04 1
14.05 1
14.06 1
14.07 1
14.08 1
14.09 1
14.1 1
14.11 1
14.12 1
14.13 1
14.14 1
14.15 1
14.16 1
14.17 1
14.18 1
14.19 1
14.2 -1
14.21 -1
14.22 -1
14.23 -1
14.24 -1
14.25 -1
14.26 -1
14.27 -1
14.28 -1
14.29 -1
14.3 -1
14.31 -1
14.32 -1
14.33 -1
14.34 -1
14.35 -1
14.36 -1
14.37 -1
14.38 -1
14.39 -1
14.4 1
14.41 1
14.42 1
14.43 1
14.44 1
14.45 1
14.46 1
14.47 1
14.48 1
14.49 1
14.5 1
14.51 1
14.52 1
14.53 1
14.54 1
14.55 1
14.56 1
14.57 1
14.58 1
14.59 1
14.6 0
14.61 0
14.62 0
14.63 0
14.64 0
14.65 0
14.66 0
14.67 0
14.68 0
14.69 0
14.7 0
14.71 0
14.72 0
14.73 0
14.74 0
14.75 0
14.76 0
14.77 0
14.78 0
14.79 0
14.8 0
14.81 0
14.82 0
14.83 0
14.84 0
14.85 0
14.86 0
14.87 0
14.88 0
14.89 0
14.9 0
14.91 0
14.92 0
14.93 0
14.94 0
14.95 0
14.96 0
14.97 0
14.98 0
14.99 0
15 0
15.01 0
15.02 0
15.03 0
15.04 0
15.05 0
15.06 0
15.07 0
15.08 0
15.09 0
15.1 0
15.11 0
15.12 0
15.13 0
15.14 0
15.15 0
15.16 0
15.17 0
15.18 0
15.19 0
15.2 0
15.21 0
15.22 0
15.23 0
15.24 0
15.25 0
15.26 0
15.27 0
15.28 0
15.29 0
15.3 0
15.31 0
15.32 0
15.33 0
15.34 0
15.35 0
15.36 0
15.37 0
15.38 0
15.39 0
15.4 0
15.41 0
15.42 0
15.43 0
15.44 0
15.45 0
15.46 0
15.47 0
15.48 0
15.49 0
15.5 0
15.51 0
15.52 0
15.53 0
15.54 0
15.55 0
15.56 0
15.57 0
15.58 0
15.59 0
15.6 -1
15.61 -1
15.62 -1
15.63 -1
15.64 -1
15.65 -1
15.66 -1
15.67 -1
15.68 -1
15.69 -1
15.7 -1
15.71 -1
15.72 -1
15.73 -1
15.74 -1
15.75 -1
15.76 -1
15.77 -1
15.78 -1
15.79 -1
15.8 0
15.81 0
15.82 0
15.83 0
15.84 0
15.85 0
15.86 0
15.87 0
15.88 0
15.89 0
15.9 0
15.91 0
15.92 0
15.93 0
15.94 0
15.95 0
15.96 0
15.97 0
15.98 0
15.99 0
16 1
16.01 1
16.02 1
16.03 1
16.04 1
16.05 1
16.06 1
16.07 1
16.08 1
16.09 1
16.1 1
16.11 1
16.12 1
16.13 1
16.14 1
16.15 1
16.16 1
16.17 1
16.18 1
16.19 1
16.2 0
16.21 0
16.22 0
16.23 0
16.24 0
16.25 0
16.26 0
16.27 0
16.28 0
16.29 0
16.3 0
16.31 0
16.32 0
16.33 0
16.34 0
16.35 0
16.36 0
16.37 0
16.38 0
16.39 0
16.4 -1
16.41 -1
16.42 -1
16.43 -1
16.44 -1
16.45 -1
16.46 -1
16.47 -1
16.48 -1
16.49 -1
16.5 -1
16.51 -1
16.52 -1
16.53 -1
16.54 -1
16.55 -1
16.56 -1
16.57 -1
16.58 -1
16.59 -1
16.6 0
16.61 0
16.62 0
16.63 0
16.64 0
16.65 0
16.66 0
16.67 0
16.68 0
16.69 0
16.7 0
16.71 0
16.72 0
16.73 0
16.74 0
16.75 0
16.76 0
16.77 0
16.78 0
16.79 0
16.8 0
16.81 0
16.82 0
16.83 0
16.84 0
16.85 0
16.86 0
16.87 0
16.88 0
16.89 0
16.9 0
16.91 0
16.92 0
16.93 0
16.94 0
16.95 0
16.96 0
16.97 0
16.98 0
16.99 0
17 0
17.01 0
17.02 0
17.03 0
17.04 0
17.05 0
17.06 0
17.07 0
17.08 0
17.09 0
17.1 0
17.11 0
17.12 0
17.13 0
17.14 0
17.15 0
17.16 0
17.17 0
17.18 0
17.19 0
17.2 0
17.21 0
17.22 0
17.23 0
17.24 0
17.25 0
17.26 0
17.27 0
17.28 0
17.29 0
17.3 0
17.31 0
17.32 0
17.33 0
17.34 0
17.35 0
17.36 0
17.37 0
17.38 0
17.39 0
17.4 0
17.41 0
17.42 0
17.43 0
17.44 0
17.45 0
17.46 0
17.47 0
17.48 0
17.49 0
17.5 0
17.51 0
17.52 0
17.53 0
17.54 0
17.55 0
17.56 0
17.57 0
17.58 0
17.59 0
17.6 0
17.61 0
17.62 0
17.63 0
17.64 0
17.65 0
17.66 0
17.67 0
17.68 0
17.69 0
17.7 0
17.71 0
17.72 0
17.73 0
17.74 0
17.75 0
17.76 0
17.77 0
17.78 0
17.79 0
17.8 0
17.81 0
17.82 0
17.83 0
17.84 0
17.85 0
17.86 0
17.87 0
17.88 0
17.89 0
17.9 0
17.91 0
17.92 0
17.93 0
17.94 0
17.95 0
17.96 0
17.97 0
17.98 0
17.99 0
18 0
18.01 0
18.02 0
18.03 0
18.04 0
18.05 0
18.06 0
18.07 0
18.08 0
18.09 0
18.1 0
18.11 0
18.12 0
18.13 0
18.14 0
18.15 0
18.16 0
18.17 0
18.18 0
18.19 0
18.2 1
18.21 1
18.22 1
18.23 1
18.24 1
18.25 1
18.26 1
18.27 1
18.28 1
18.29 1
18.3 1
18.31 1
18.32 1
18.33 1
18.34 1
18.35 1
18.36 1
18.37 1
18.38 1
18.39 1
18.4 0
18.41 0
18.42 0
18.43 0
18.44 0
18.45 0
18.46 0
18.47 0
18.48 0
18.49 0
18.5 0
18.51 0
18.52 0
18.53 0
18.54 0
18.55 0
18.56 0
18.57 0
18.58 0
18.59 0
18.6 0
18.61 0
18.62 0
18.63 0
18.64 0
18.65 0
18.66 0
18.67 0
18.68 0
18.69 0
18.7 0
18.71 0
18.72 0
18.73 0
18.74 0
18.75 0
18.76 0
18.77 0
18.78 0
18.79 0
18.8 -1
18.81 -1
18.82 -1
18.83 -1
18.84 -1
18.85 -1
18.86 -1
18.87 -1
18.88 -1
18.89 -1
18.9 -1
18.91 -1
18.92 -1
18.93 -1
18.94 -1
18.95 -1
18.96 -1
18.97 -1
18.98 -1
18.99 -1
19 1
19.01 1
19.02 1
19.03 1
19.04 1
19.05 1
19.06 1
19.07 1
19.08 1
19.09 1
19.1 1
19.11 1
19.12 1
19.13 1
19.14 1
19.15 1
19.16 1
19.17 1
19.18 1
19.19 1
19.2 0
19.21 0
19.22 0
19.23 0
19.24 0
19.25 0
19.26 0
19.27 0
19.28 0
19.29 0
19.3 0
19.31 0
19.32 0
19.33 0
19.34 0
19.35 0
19.36 0
19.37 0
19.38 0
19.39 0
19.4 0
19.41 0
19.42 0
19.43 0
19.44 0
19.45 0
19.46 0
19.47 0
19.48 0
19.49 0
19.5 0
19.51 0
19.52 0
19.53 0
19.54 0
19.55 0
19.56 0
19.57 0
19.58 0
19.59 0
19.6 -1
19.61 -1
19.62 -1
19.63 -1
19.64 -1
19.65 -1
19.66 -1
19.67 -1
19.68 -1
19.69 -1
19.7 -1
19.71 -1
19.72 -1
19.73 -1
19.74 -1
19.75 -1
19.76 -1
19.77 -1
19.78 -1
19.79 -1
19.8 0
19.81 0
19.82 0
19.83 0
19.84 0
19.85 0
19.86 0
19.87 0
19.88 0
19.89 0
19.9 0
19.91 0
19.92 0
19.93 0
19.94 0
19.95 0
19.96 0
19.97 0
19.98 0
19.99 0
20 1
20.01 1
20.02 1
20.03 1
20.04 1
20.05 1
20.06 1
20.07 1
20.08 1
20.09 1
20.1 1
20.11 1
20.12 1
20.13 1
20.14 1
20.15 1
20.16 1
20.17 1
20.18 1
20.19 1
20.2 0
20.21 0
20.22 0
20.23 0
20.24 0
20.25 0
20.26 0
20.27 0
20.28 0
20.29 0
20.3 0
20.31 0
20.32 0
20.33 0
20.34 0
20.35 0
20.36 0
20.37 0
20.38 0
20.39 0
20.4 -1
20.41 -1
20.42 -1
20.43 -1
20.44 -1
20.45 -1
20.46 -1
20.47 -1
20.48 -1
20.49 -1
20.5 -1
20.51 -1
20.52 -1
20.53 -1
20.54 -1
20.55 -1
20.56 -1
20.57 -1
20.58 -1
20.59 -1
20.6 0
20.61 0
20.62 0
20.63 0
20.64 0
20.65 0
20.66 0
20.67 0
20.68 0
20.69 0
20.7 0
20.71 0
20.72 0
20.73 0
20.74 0
20.75 0
20.76 0
20.77 0
20.78 0
20.79 0
20.8 1
20.81 1
20.82 1
20.83 1
20.84 1
20.85 1
20.86 1
20.87 1
20.88 1
20.89 1
20.9 1
20.91 1
20.92 1
20.93 1
20.94 1
20.95 1
20.96 1
20.97 1
20.98 1
20.99 1
21 0
21.01 0
21.02 0
21.03 0
21.04 0
21.05 0
21.06 0
21.07 0
21.08 0
21.09 0
21.1 0
21.11 0
21.12 0
21.13 0
21.14 0
21.15 0
21.16 0
21.17 0
21.18 0
21.19 0
21.2 -1
21.21 -1
21.22 -1
21.23 -1
21.24 -1
21.25 -1
21.26 -1
21.27 -1
21.28 -1
21.29 -1
21.3 -1
21.31 -1
21.32 -1
21.33 -1
21.34 -1
21.35 -1
21.36 -1
21.37 -1
21.38 -1
21.39 -1
21.4 0
21.41 0
21.42 0
21.43 0
21.44 0
21.45 0
21.46 0
21.47 0
21.48 0
21.49 0
21.5 0
21.51 0
21.52 0
21.53 0
21.54 0
21.55 0
21.56 0
21.57 0
21.58 0
21.59 0
21.6 1
21.61 1
21.62 1
21.63 1
21.64 1
21.65 1
21.66 1
21.67 1
21.68 1
21.69 1
21.7 1
21.71 1
21.72 1
21.73 1
21.74 1
21.75 1
21.76 1
21.77 1
21.78 1
21.79 1
21.8 0
21.81 0
21.82 0
21.83 0
21.84 0
21.85 0
21.86 0
21.87 0
21.88 0
21.89 0
21.9 0
21.91 0
21.92 0
21.93 0
21.94 0
21.95 0
21.96 0
21.97 0
21.98 0
21.99 0
22 -1
22.01 -1
22.02 -1
22.03 -1
22.04 -1
22.05 -1
22.06 -1
22.07 -1
22.08 -1
22.09 -1
22.1 -1
22.11 -1
22.12 -1
22.13 -1
22.14 -1
22.15 -1
22.16 -1
22.17 -1
22.18 -1
22.19 -1
22.2 0
22.21 0
22.22 0
22.23 0
22.24 0
22.25 0
22.26 0
22.27 0
22.28 0
22.29 0
22.3 0
22.31 0
22.32 0
22.33 0
22.34 0
22.35 0
22.36 0
22.37 0
22.38 0
22.39 0
22.4 1
22.41 1
22.42 1
22.43 1
22.44 1
22.45 1
22.46 1
22.47 1
22.48 1
22.49 1
22.5 1
22.51 1
22.52 1
22.53 1
22.54 1
22.55 1
22.56 1
22.57 1
22.58 1
22.59 1
22.6 -1
22.61 -1
22.62 -1
22.63 -1
22.64 -1
22.65 -1
22.66 -1
22.67 -1
22.68 -1
22.69 -1
22.7 -1
22.71 -1
22.72 -1
22.73 -1
22.74 -1
22.75 -1
22.76 -1
22.77 -1
22.78 -1
22.79 -1
22.8 1
22.81 1
22.82 1
22.83 1
22.84 1
22.85 1
22.86 1
22.87 1
22.88 1
22.89 1
22.9 1
22.91 1
22.92 1
22.93 1
22.94 1
22.95 1
22.96 1
22.97 1
22.98 1
22.99 1
23 -1
23.01 -1
23.02 -1
23.03 -1
23.04 -1
23.05 -1
23.06 -1
23.07 -1
23.08 -1
23.09 -1
23.1 -1
23.11 -1
23.12 -1
23.13 -1
23.14 -1
23.15 -1
23.16 -1
23.17 -1
23.18 -1
23.19 -1
23.2 1
23.21 1
23.22 1
23.23 1
23.24 1
23.25 1
23.26 1
23.27 1
23.28 1
23.29 1
23.3 1
23.31 1
23.32 1
23.33 1
23.34 1
23.35 1
23.36 1
23.37 1
23.38 1
23.39 1
23.4 -1
23.41 -1
23.42 -1
23.43 -1
23.44 -1
23.45 -1
23.46 -1
23.47 -1
23.48 -1
23.49 -1
23.5 -1
23.51 -1
23.52 -1
23.53 -1
23.54 -1
23.55 -1
23.56 -1
23.57 -1
23.58 -1
23.59 -1
23.6 1
23.61 1
23.62 1
23.63 1
23.64 1
23.65 1
23.66 1
23.67 1
23.68 1
23.69 1
23.7 1
23.71 1
23.72 1
23.73 1
23.74 1
23.75 1
23.76 1
23.77 1
23.78 1
23.79 1
23.8 0
23.81 0
23.82 0
23.83 0
23.84 0
23.85 0
23.86 0
23.87 0
23.88 0
23.89 0
23.9 0
23.91 0
23.92 0
23.93 0
23.94 0
23.95 0
23.96 0
23.97 0
23.98 0
23.99 0
24 -1
24.01 -1
24.02 -1
24.03 -1
24.04 -1
24.05 -1
24.06 -1
24.07 -1
24.08 -1
24.09 -1
24.1 -1
24.11 -1
24.12 -1
24.13 -1
24.14 -1
24.15 -1
24.16 -1
24.17 -1
24.18 -1
24.19 -1
24.2 0
24.21 0
24.22 0
24.23 0
24.24 0
24.25 0
24.26 0
24.27 0
24.28 0
24.29 0
24.3 0
24.31 0
24.32 0
24.33 0
24.34 0
24.35 0
24.36 0
24.37 0
24.38 0
24.39 0
24.4 1
24.41 1
24.42 1
24.43 1
24.44 1
24.45 1
24.46 1
24.47 1
24.48 1
24.49 1
24.5 1
24.51 1
24.52 1
24.53 1
24.54 1
24.55 1
24.56 1
24.57 1
24.58 1
24.59 1
24.6 0
24.61 0
24.62 0
24.63 0
24.64 0
24.65 0
24.66 0
24.67 0
24.68 0
24.69 0
24.7 0
24.71 0
24.72 0
24.73 0
24.74 0
24.75 0
24.76 0
24.77 0
24.78 0
24.79 0
24.8 -1
24.81 -1
24.82 -1
24.83 -1
24.84 -1
24.85 -1
24.86 -1
24.87 -1
24.88 -1
24.89 -1
24.9 -1
24.91 -1
24.92 -1
24.93 -1
24.94 -1
24.95 -1
24.96 -1
24.97 -1
24.98 -1
24.99 -1
25 0
25.01 0
25.02 0
25.03 0
25.04 0
25.05 0
25.06 0
25.07 0
25.08 0
25.09 0
25.1 0
25.11 0
25.12 0
25.13 0
25.14 0
25.15 0
25.16 0
25.17 0
25.18 0
25.19 0
25.2 0
25.21 0
25.22 0
25.23 0
25.24 0
25.25 0
25.26 0
25.27 0
25.28 0
25.29 0
25.3 0
25.31 0
25.32 0
25.33 0
25.34 0
25.35 0
25.36 0
25.37 0
25.38 0
25.39 0
25.4 1
25.41 1
25.42 1
25.43 1
25.44 1
25.45 1
25.46 1
25.47 1
25.48 1
25.49 1
25.5 1
25.51 1
25.52 1
25.53 1
25.54 1
25.55 1
25.56 1
25.57 1
25.58 1
25.59 1
25.6 0
25.61 0
25.62 0
25.63 0
25.64 0
25.65 0
25.66 0
25.67 0
25.68 0
25.69 0
25.7 0
25.71 0
25.72 0
25.73 0
25.74 0
25.75 0
25.76 0
25.77 0
25.78 0
25.79 0
25.8 -1
25.81 -1
25.82 -1
25.83 -1
25.84 -1
25.85 -1
25.86 -1
25.87 -1
25.88 -1
25.89 -1
25.9 -1
25.91 -1
25.92 -1
25.93 -1
25.94 -1
25.95 -1
25.96 -1
25.97 -1
25.98 -1
25.99 -1
26 0
26.01 0
26.02 0
26.03 0
26.04 0
26.05 0
26.06 0
26.07 0
26.08 0
26.09 0
26.1 0
26.11 0
26.12 0
26.13 0
26.14 0
26.15 0
26.16 0
26.17 0
26.18 0
26.19 0
26.2 1
26.21 1
26.22 1
26.23 1
26.24 1
26.25 1
26.26 1
26.27 1
26.28 1
26.29 1
26.3 1
26.31 1
26.32 1
26.33 1
26.34 1
26.35 1
26.36 1
26.37 1
26.38 1
26.39 1
26.4 0
26.41 0
26.42 0
26.43 0
26.44 0
26.45 0
26.46 0
26.47 0
26.48 0
26.49 0
26.5 0
26.51 0
26.52 0
26.53 0
26.54 0
26.55 0
26.56 0
26.57 0
26.58 0
26.59 0
26.6 -1
26.61 -1
26.62 -1
26.63 -1
26.64 -1
26.65 -1
26.66 -1
26.67 -1
26.68 -1
26.69 -1
26.7 -1
26.71 -1
26.72 -1
26.73 -1
26.74 -1
26.75 -1
26.76 -1
26.77 -1
26.78 -1
26.79 -1
26.8 0
26.81 0
26.82 0
26.83 0
26.84 0
26.85 0
26.86 0
26.87 0
26.88 0
26.89 0
26.9 0
26.91 0
26.92 0
26.93 0
26.94 0
26.95 0
26.96 0
26.97 0
26.98 0
26.99 0
27 1
27.01 1
27.02 1
27.03 1
27.04 1
27.05 1
27.06 1
27.07 1
27.08 1
27.09 1
27.1 1
27.11 1
27.12 1
27.13 1
27.14 1
27.15 1
27.16 1
27.17 1
27.18 1
27.19 1
27.2 -1
27.21 -1
27.22 -1
27.23 -1
27.24 -1
27.25 -1
27.26 -1
27.27 -1
27.28 -1
27.29 -1
27.3 -1
27.31 -1
27.32 -1
27.33 -1
27.34 -1
27.35 -1
27.36 -1
27.37 -1
27.38 -1
27.39 -1
27.4 0
27.41 0
27.42 0
27.43 0
27.44 0
27.45 0
27.46 0
27.47 0
27.48 0
27.49 0
27.5 0
27.51 0
27.52 0
27.53 0
27.54 0
27.55 0
27.56 0
27.57 0
27.58 0
27.59 0
27.6 1
27.61 1
27.62 1
27.63 1
27.64 1
27.65 1
27.66 1
27.67 1
27.68 1
27.69 1
27.7 1
27.71 1
27.72 1
27.73 1
27.74 1
27.75 1
27.76 1
27.77 1
27.78 1
27.79 1
27.8 0
27.81 0
27.82 0
27.83 0
27.84 0
27.85 0
27.86 0
27.87 0
27.88 0
27.89 0
27.9 0
27.91 0
27.92 0
27.93 0
27.94 0
27.95 0
27.96 0
27.97 0
27.98 0
27.99 0
28 -1
28.01 -1
28.02 -1
28.03 -1
28.04 -1
28.05 -1
28.06 -1
28.07 -1
28.08 -1
28.09 -1
28.1 -1
28.11 -1
28.12 -1
28.13 -1
28.14 -1
28.15 -1
28.16 -1
28.17 -1
28.18 -1
28.19 -1
28.2 1
28.21 1
28.22 1
28.23 1
28.24 1
28.25 1
28.26 1
28.27 1
28.28 1
28.29 1
28.3 1
28.31 1
28.32 1
28.33 1
28.34 1
28.35 1
28.36 1
28.37 1
28.38 1
28.39 1
28.4 -1
28.41 -1
28.42 -1
28.43 -1
28.44 -1
28.45 -1
28.46 -1
28.47 -1
28.48 -1
28.49 -1
28.5 -1
28.51 -1
28.52 -1
28.53 -1
28.54 -1
28.55 -1
28.56 -1
28.57 -1
28.58 -1
28.59 -1
28.6 0
28.61 0
28.62 0
28.63 0
28.64 0
28.65 0
28.66 0
28.67 0
28.68 0
28.69 0
28.7 0
28.71 0
28.72 0
28.73 0
28.74 0
28.75 0
28.76 0
28.77 0
28.78 0
28.79 0
28.8 0
28.81 0
28.82 0
28.83 0
28.84 0
28.85 0
28.86 0
28.87 0
28.88 0
28.89 0
28.9 0
28.91 0
28.92 0
28.93 0
28.94 0
28.95 0
28.96 0
28.97 0
28.98 0
28.99 0
29 0
29.01 0
29.02 0
29.03 0
29.04 0
29.05 0
29.06 0
29.07 0
29.08 0
29.09 0
29.1 0
29.11 0
29.12 0
29.13 0
29.14 0
29.15 0
29.16 0
29.17 0
29.18 0
29.19 0
29.2 0
29.21 0
29.22 0
29.23 0
29.24 0
29.25 0
29.26 0
29.27 0
29.28 0
29.29 0
29.3 0
29.31 0
29.32 0
29.33 0
29.34 0
29.35 0
29.36 0
29.37 0
29.38 0
29.39 0
29.4 0
29.41 0
29.42 0
29.43 0
29.44 0
29.45 0
29.46 0
29.47 0
29.48 0
29.49 0
29.5 0
29.51 0
29.52 0
29.53 0
29.54 0
29.55 0
29.56 0
29.57 0
29.58 0
29.59 0
29.6 1
29.61 1
29.62 1
29.63 1
29.64 1
29.65 1
29.66 1
29.67 1
29.68 1
29.69 1
29.7 1
29.71 1
29.72 1
29.73 1
29.74 1
29.75 1
29.76 1
29.77 1
29.78 1
29.79 1
29.8 0
29.81 0
29.82 0
29.83 0
29.84 0
29.85 0
29.86 0
29.87 0
29.88 0
29.89 0
29.9 0
29.91 0
29.92 0
29.93 0
29.94 0
29.95 0
29.96 0
29.97 0
29.98 0
29.99 0
30 -1
30.01 -1
30.02 -1
30.03 -1
30.04 -1
30.05 -1
30.06 -1
30.07 -1
30.08 -1
30.09 -1
30.1 -1
30.11 -1
30.12 -1
30.13 -1
30.14 -1
30.15 -1
30.16 -1
30.17 -1
30.18 -1
30.19 -1
30.2 0
30.21 0
30.22 0
30.23 0
30.24 0
30.25 0
30.26 0
30.27 0
30.28 0
30.29 0
30.3 0
30.31 0
30.32 0
30.33 0
30.34 0
30.35 0
30.36 0
30.37 0
30.38 0
30.39 0
30.4 1
30.41 1
30.42 1
30.43 1
30.44 1
30.45 1
30.46 1
30.47 1
30.48 1
30.49 1
30.5 1
30.51 1
30.52 1
30.53 1
30.54 1
30.55 1
30.56 1
30.57 1
30.58 1
30.59 1
30.6 0
30.61 0
30.62 0
30.63 0
30.64 0
30.65 0
30.66 0
30.67 0
30.68 0
30.69 0
30.7 0
30.71 0
30.72 0
30.73 0
30.74 0
30.75 0
30.76 0
30.77 0
30.78 0
30.79 0
