0 0
0.001 0
0.002 0
0.003 0
0.004 0
0.005 0
0.006 0
0.007 0
0.008 0
0.009 0
0.01 0
0.011 0
0.012 0
0.013 0
0.014 0
0.015 0
0.016 0
0.017 0
0.018 0
0.019 0
0.02 0
0.021 0
0.022 0
0.023 0
0.024 0
0.025 0
0.026 0
0.027 0
0.028 0
0.029 0
0.03 0
0.031 0
0.032 0
0.033 0
0.034 0
0.035 0
0.036 0
0.037 0
0.038 0
0.039 0
0.04 0
0.041 0
0.042 0
0.043 0
0.044 0
0.045 0
0.046 0
0.047 0
0.048 0
0.049 0
0.05 0
0.051 0
0.052 0
0.053 0
0.054 0
0.055 0
0.056 0
0.057 0
0.058 0
0.059 0
0.06 0
0.061 0
0.062 0
0.063 0
0.064 0
0.065 0
0.066 0
0.067 0
0.068 0
0.069 0
0.07 0
0.071 0
0.072 0
0.073 0
0.074 0
0.075 0
0.076 0
0.077 0
0.078 0
0.079 0
0.08 0
0.081 0
0.082 0
0.083 0
0.084 0
0.085 0
0.086 0
0.087 0
0.088 0
0.089 0
0.09 0
0.091 0
0.092 0
0.093 0
0.094 0
0.095 0
0.096 0
0.097 0
0.098 0
0.099 0
0.1 0
0.101 0
0.102 0
0.103 0
0.104 0
0.105 0
0.106 0
0.107 0
0.108 0
0.109 0
0.11 0
0.111 0
0.112 0
0.113 0
0.114 0
0.115 0
0.116 0
0.117 0
0.118 0
0.119 0
0.12 0
0.121 0
0.122 0
0.123 0
0.124 0
0.125 0
0.126 0
0.127 0
0.128 0
0.129 0
0.13 0
0.131 0
0.132 0
0.133 0
0.134 0
0.135 0
0.136 0
0.137 0
0.138 0
0.139 0
0.14 0
0.141 0
0.142 0
0.143 0
0.144 0
0.145 0
0.146 0
0.147 0
0.148 0
0.149 0
0.15 0
0.151 0
0.152 0
0.153 0
0.154 0
0.155 0
0.156 0
0.157 0
0.158 0
0.159 0
0.16 0
0.161 0
0.162 0
0.163 0
0.164 0
0.165 0
0.166 0
0.167 0
0.168 0
0.169 0
0.17 0
0.171 0
0.172 0
0.173 0
0.174 0
0.175 0
0.176 0
0.177 0
0.178 0
0.179 0
0.18 0
0.181 0
0.182 0
0.183 0
0.184 0
0.185 0
0.186 0
0.187 0
0.188 0
0.189 0
0.19 0
0.191 0
0.192 0
0.193 0
0.194 0
0.195 0
0.196 0
0.197 0
0.198 0
0.199 0
0.2 0
0.201 0
0.202 0
0.203 0
0.204 0
0.205 0
0.206 0
0.207 0
0.208 0
0.209 0
0.21 0
0.211 0
0.212 0
0.213 0
0.214 0
0.215 0
0.216 0
0.217 0
0.218 0
0.219 0
0.22 0
0.221 0
0.222 0
0.223 0
0.224 0
0.225 0
0.226 0
0.227 0
0.228 0
0.229 0
0.23 0
0.231 0
0.232 0
0.233 0
0.234 0
0.235 0
0.236 0
0.237 0
0.238 0
0.239 0
0.24 0
0.241 0
0.242 0
0.243 0
0.244 0
0.245 0
0.246 0
0.247 0
0.248 0
0.249 0
0.25 0
0.251 0
0.252 0
0.253 0
0.254 0
0.255 0
0.256 0
0.257 0
0.258 0
0.259 0
0.26 0
0.261 0
0.262 0
0.263 0
0.264 0
0.265 0
0.266 0
0.267 0
0.268 0
0.269 0
0.27 0
0.271 0
0.272 0
0.273 0
0.274 0
0.275 0
0.276 0
0.277 0
0.278 0
0.279 0
0.28 0
0.281 0
0.282 0
0.283 0
0.284 0
0.285 0
0.286 0
0.287 0
0.288 0
0.289 0
0.29 0
0.291 0
0.292 0
0.293 0
0.294 0
0.295 0
0.296 0
0.297 0
0.298 0
0.299 0
0.3 0
0.301 0
0.302 0
0.303 0
0.304 0
0.305 0
0.306 0
0.307 0
0.308 0
0.309 0
0.31 0
0.311 0
0.312 0
0.313 0
0.314 0
0.315 0
0.316 0
0.317 0
0.318 0
0.319 0
0.32 0
0.321 0
0.322 0
0.323 0
0.324 0
0.325 0
0.326 0
0.327 0
0.328 0
0.329 0
0.33 0
0.331 0
0.332 0
0.333 0
0.334 0
0.335 0
0.336 0
0.337 0
0.338 0
0.339 0
0.34 0
0.341 0
0.342 0
0.343 0
0.344 0
0.345 0
0.346 0
0.347 0
0.348 0
0.349 0
0.35 0
0.351 0
0.352 0
0.353 0
0.354 0
0.355 0
0.356 0
0.357 0
0.358 0
0.359 0
0.36 0
0.361 0
0.362 0
0.363 0
0.364 0
0.365 0
0.366 0
0.367 0
0.368 0
0.369 0
0.37 0
0.371 0
0.372 0
0.373 0
0.374 0
0.375 0
0.376 0
0.377 0
0.378 0
0.379 0
0.38 0
0.381 0
0.382 0
0.383 0
0.384 0
0.385 0
0.386 0
0.387 0
0.388 0
0.389 0
0.39 0
0.391 0
0.392 0
0.393 0
0.394 0
0.395 0
0.396 0
0.397 0
0.398 0
0.399 0
0.4 1
0.401 1
0.402 1
0.403 1
0.404 1
0.405 1
0.406 1
0.407 1
0.408 1
0.409 1
0.41 1
0.411 1
0.412 1
0.413 1
0.414 1
0.415 1
0.416 1
0.417 1
0.418 1
0.419 1
0.42 1
0.421 1
0.422 1
0.423 1
0.424 1
0.425 1
0.426 1
0.427 1
0.428 1
0.429 1
0.43 1
0.431 1
0.432 1
0.433 1
0.434 1
0.435 1
0.436 1
0.437 1
0.438 1
0.439 1
0.44 1
0.441 1
0.442 1
0.443 1
0.444 1
0.445 1
0.446 1
0.447 1
0.448 1
0.449 1
0.45 1
0.451 1
0.452 1
0.453 1
0.454 1
0.455 1
0.456 1
0.457 1
0.458 1
0.459 1
0.46 1
0.461 1
0.462 1
0.463 1
0.464 1
0.465 1
0.466 1
0.467 1
0.468 1
0.469 1
0.47 1
0.471 1
0.472 1
0.473 1
0.474 1
0.475 1
0.476 1
0.477 1
0.478 1
0.479 1
0.48 1
0.481 1
0.482 1
0.483 1
0.484 1
0.485 1
0.486 1
0.487 1
0.488 1
0.489 1
0.49 1
0.491 1
0.492 1
0.493 1
0.494 1
0.495 1
0.496 1
0.497 1
0.498 1
0.499 1
0.5 1
0.501 1
0.502 1
0.503 1
0.504 1
0.505 1
0.506 1
0.507 1
0.508 1
0.509 1
0.51 1
0.511 1
0.512 1
0.513 1
0.514 1
0.515 1
0.516 1
0.517 1
0.518 1
0.519 1
0.52 1
0.521 1
0.522 1
0.523 1
0.524 1
0.525 1
0.526 1
0.527 1
0.528 1
0.529 1
0.53 1
0.531 1
0.532 1
0.533 1
0.534 1
0.535 1
0.536 1
0.537 1
0.538 1
0.539 1
0.54 1
0.541 1
0.542 1
0.543 1
0.544 1
0.545 1
0.546 1
0.547 1
0.548 1
0.549 1
0.55 1
0.551 1
0.552 1
0.553 1
0.554 1
0.555 1
0.556 1
0.557 1
0.558 1
0.559 1
0.56 1
0.561 1
0.562 1
0.563 1
0.564 1
0.565 1
0.566 1
0.567 1
0.568 1
0.569 1
0.57 1
0.571 1
0.572 1
0.573 1
0.574 1
0.575 1
0.576 1
0.577 1
0.578 1
0.579 1
0.58 1
0.581 1
0.582 1
0.583 1
0.584 1
0.585 1
0.586 1
0.587 1
0.588 1
0.589 1
0.59 1
0.591 1
0.592 1
0.593 1
0.594 1
0.595 1
0.596 1
0.597 1
0.598 1
0.599 1
0.6 0
0.601 0
0.602 0
0.603 0
0.604 0
0.605 0
0.606 0
0.607 0
0.608 0
0.609 0
0.61 0
0.611 0
0.612 0
0.613 0
0.614 0
0.615 0
0.616 0
0.617 0
0.618 0
0.619 0
0.62 0
0.621 0
0.622 0
0.623 0
0.624 0
0.625 0
0.626 0
0.627 0
0.628 0
0.629 0
0.63 0
0.631 0
0.632 0
0.633 0
0.634 0
0.635 0
0.636 0
0.637 0
0.638 0
0.639 0
0.64 0
0.641 0
0.642 0
0.643 0
0.644 0
0.645 0
0.646 0
0.647 0
0.648 0
0.649 0
0.65 0
0.651 0
0.652 0
0.653 0
0.654 0
0.655 0
0.656 0
0.657 0
0.658 0
0.659 0
0.66 0
0.661 0
0.662 0
0.663 0
0.664 0
0.665 0
0.666 0
0.667 0
0.668 0
0.669 0
0.67 0
0.671 0
0.672 0
0.673 0
0.674 0
0.675 0
0.676 0
0.677 0
0.678 0
0.679 0
0.68 0
0.681 0
0.682 0
0.683 0
0.684 0
0.685 0
0.686 0
0.687 0
0.688 0
0.689 0
0.69 0
0.691 0
0.692 0
0.693 0
0.694 0
0.695 0
0.696 0
0.697 0
0.698 0
0.699 0
0.7 0
0.701 0
0.702 0
0.703 0
0.704 0
0.705 0
0.706 0
0.707 0
0.708 0
0.709 0
0.71 0
0.711 0
0.712 0
0.713 0
0.714 0
0.715 0
0.716 0
0.717 0
0.718 0
0.719 0
0.72 0
0.721 0
0.722 0
0.723 0
0.724 0
0.725 0
0.726 0
0.727 0
0.728 0
0.729 0
0.73 0
0.731 0
0.732 0
0.733 0
0.734 0
0.735 0
0.736 0
0.737 0
0.738 0
0.739 0
0.74 0
0.741 0
0.742 0
0.743 0
0.744 0
0.745 0
0.746 0
0.747 0
0.748 0
0.749 0
0.75 0
0.751 0
0.752 0
0.753 0
0.754 0
0.755 0
0.756 0
0.757 0
0.758 0
0.759 0
0.76 0
0.761 0
0.762 0
0.763 0
0.764 0
0.765 0
0.766 0
0.767 0
0.768 0
0.769 0
0.77 0
0.771 0
0.772 0
0.773 0
0.774 0
0.775 0
0.776 0
0.777 0
0.778 0
0.779 0
0.78 0
0.781 0
0.782 0
0.783 0
0.784 0
0.785 0
0.786 0
0.787 0
0.788 0
0.789 0
0.79 0
0.791 0
0.792 0
0.793 0
0.794 0
0.795 0
0.796 0
0.797 0
0.798 0
0.799 0
0.8 1
0.801 1
0.802 1
0.803 1
0.804 1
0.805 1
0.806 1
0.807 1
0.808 1
0.809 1
0.81 1
0.811 1
0.812 1
0.813 1
0.814 1
0.815 1
0.816 1
0.817 1
0.818 1
0.819 1
0.82 1
0.821 1
0.822 1
0.823 1
0.824 1
0.825 1
0.826 1
0.827 1
0.828 1
0.829 1
0.83 1
0.831 1
0.832 1
0.833 1
0.834 1
0.835 1
0.836 1
0.837 1
0.838 1
0.839 1
0.84 1
0.841 1
0.842 1
0.843 1
0.844 1
0.845 1
0.846 1
0.847 1
0.848 1
0.849 1
0.85 1
0.851 1
0.852 1
0.853 1
0.854 1
0.855 1
0.856 1
0.857 1
0.858 1
0.859 1
0.86 1
0.861 1
0.862 1
0.863 1
0.864 1
0.865 1
0.866 1
0.867 1
0.868 1
0.869 1
0.87 1
0.871 1
0.872 1
0.873 1
0.874 1
0.875 1
0.876 1
0.877 1
0.878 1
0.879 1
0.88 1
0.881 1
0.882 1
0.883 1
0.884 1
0.885 1
0.886 1
0.887 1
0.888 1
0.889 1
0.89 1
0.891 1
0.892 1
0.893 1
0.894 1
0.895 1
0.896 1
0.897 1
0.898 1
0.899 1
0.9 1
0.901 1
0.902 1
0.903 1
0.904 1
0.905 1
0.906 1
0.907 1
0.908 1
0.909 1
0.91 1
0.911 1
0.912 1
0.913 1
0.914 1
0.915 1
0.916 1
0.917 1
0.918 1
0.919 1
0.92 1
0.921 1
0.922 1
0.923 1
0.924 1
0.925 1
0.926 1
0.927 1
0.928 1
0.929 1
0.93 1
0.931 1
0.932 1
0.933 1
0.934 1
0.935 1
0.936 1
0.937 1
0.938 1
0.939 1
0.94 1
0.941 1
0.942 1
0.943 1
0.944 1
0.945 1
0.946 1
0.947 1
0.948 1
0.949 1
0.95 1
0.951 1
0.952 1
0.953 1
0.954 1
0.955 1
0.956 1
0.957 1
0.958 1
0.959 1
0.96 1
0.961 1
0.962 1
0.963 1
0.964 1
0.965 1
0.966 1
0.967 1
0.968 1
0.969 1
0.97 1
0.971 1
0.972 1
0.973 1
0.974 1
0.975 1
0.976 1
0.977 1
0.978 1
0.979 1
0.98 1
0.981 1
0.982 1
0.983 1
0.984 1
0.985 1
0.986 1
0.987 1
0.988 1
0.989 1
0.99 1
0.991 1
0.992 1
0.993 1
0.994 1
0.995 1
0.996 1
0.997 1
0.998 1
0.999 1
1 1
1.001 1
1.002 1
1.003 1
1.004 1
1.005 1
1.006 1
1.007 1
1.008 1
1.009 1
1.01 1
1.011 1
1.012 1
1.013 1
1.014 1
1.015 1
1.016 1
1.017 1
1.018 1
1.019 1
1.02 1
1.021 1
1.022 1
1.023 1
1.024 1
1.025 1
1.026 1
1.027 1
1.028 1
1.029 1
1.03 1
1.031 1
1.032 1
1.033 1
1.034 1
1.035 1
1.036 1
1.037 1
1.038 1
1.039 1
1.04 1
1.041 1
1.042 1
1.043 1
1.044 1
1.045 1
1.046 1
1.047 1
1.048 1
1.049 1
1.05 1
1.051 1
1.052 1
1.053 1
1.054 1
1.055 1
1.056 1
1.057 1
1.058 1
1.059 1
1.06 1
1.061 1
1.062 1
1.063 1
1.064 1
1.065 1
1.066 1
1.067 1
1.068 1
1.069 1
1.07 1
1.071 1
1.072 1
1.073 1
1.074 1
1.075 1
1.076 1
1.077 1
1.078 1
1.079 1
1.08 1
1.081 1
1.082 1
1.083 1
1.084 1
1.085 1
1.086 1
1.087 1
1.088 1
1.089 1
1.09 1
1.091 1
1.092 1
1.093 1
1.094 1
1.095 1
1.096 1
1.097 1
1.098 1
1.099 1
1.1 1
1.101 1
1.102 1
1.103 1
1.104 1
1.105 1
1.106 1
1.107 1
1.108 1
1.109 1
1.11 1
1.111 1
1.112 1
1.113 1
1.114 1
1.115 1
1.116 1
1.117 1
1.118 1
1.119 1
1.12 1
1.121 1
1.122 1
1.123 1
1.124 1
1.125 1
1.126 1
1.127 1
1.128 1
1.129 1
1.13 1
1.131 1
1.132 1
1.133 1
1.134 1
1.135 1
1.136 1
1.137 1
1.138 1
1.139 1
1.14 1
1.141 1
1.142 1
1.143 1
1.144 1
1.145 1
1.146 1
1.147 1
1.148 1
1.149 1
1.15 1
1.151 1
1.152 1
1.153 1
1.154 1
1.155 1
1.156 1
1.157 1
1.158 1
1.159 1
1.16 1
1.161 1
1.162 1
1.163 1
1.164 1
1.165 1
1.166 1
1.167 1
1.168 1
1.169 1
1.17 1
1.171 1
1.172 1
1.173 1
1.174 1
1.175 1
1.176 1
1.177 1
1.178 1
1.179 1
1.18 1
1.181 1
1.182 1
1.183 1
1.184 1
1.185 1
1.186 1
1.187 1
1.188 1
1.189 1
1.19 1
1.191 1
1.192 1
1.193 1
1.194 1
1.195 1
1.196 1
1.197 1
1.198 1
1.199 1
1.2 1
1.201 1
1.202 1
1.203 1
1.204 1
1.205 1
1.206 1
1.207 1
1.208 1
1.209 1
1.21 1
1.211 1
1.212 1
1.213 1
1.214 1
1.215 1
1.216 1
1.217 1
1.218 1
1.219 1
1.22 1
1.221 1
1.222 1
1.223 1
1.224 1
1.225 1
1.226 1
1.227 1
1.228 1
1.229 1
1.23 1
1.231 1
1.232 1
1.233 1
1.234 1
1.235 1
1.236 1
1.237 1
1.238 1
1.239 1
1.24 1
1.241 1
1.242 1
1.243 1
1.244 1
1.245 1
1.246 1
1.247 1
1.248 1
1.249 1
1.25 1
1.251 1
1.252 1
1.253 1
1.254 1
1.255 1
1.256 1
1.257 1
1.258 1
1.259 1
1.26 1
1.261 1
1.262 1
1.263 1
1.264 1
1.265 1
1.266 1
1.267 1
1.268 1
1.269 1
1.27 1
1.271 1
1.272 1
1.273 1
1.274 1
1.275 1
1.276 1
1.277 1
1.278 1
1.279 1
1.28 1
1.281 1
1.282 1
1.283 1
1.284 1
1.285 1
1.286 1
1.287 1
1.288 1
1.289 1
1.29 1
1.291 1
1.292 1
1.293 1
1.294 1
1.295 1
1.296 1
1.297 1
1.298 1
1.299 1
1.3 1
1.301 1
1.302 1
1.303 1
1.304 1
1.305 1
1.306 1
1.307 1
1.308 1
1.309 1
1.31 1
1.311 1
1.312 1
1.313 1
1.314 1
1.315 1
1.316 1
1.317 1
1.318 1
1.319 1
1.32 1
1.321 1
1.322 1
1.323 1
1.324 1
1.325 1
1.326 1
1.327 1
1.328 1
1.329 1
1.33 1
1.331 1
1.332 1
1.333 1
1.334 1
1.335 1
1.336 1
1.337 1
1.338 1
1.339 1
1.34 1
1.341 1
1.342 1
1.343 1
1.344 1
1.345 1
1.346 1
1.347 1
1.348 1
1.349 1
1.35 1
1.351 1
1.352 1
1.353 1
1.354 1
1.355 1
1.356 1
1.357 1
1.358 1
1.359 1
1.36 1
1.361 1
1.362 1
1.363 1
1.364 1
1.365 1
1.366 1
1.367 1
1.368 1
1.369 1
1.37 1
1.371 1
1.372 1
1.373 1
1.374 1
1.375 1
1.376 1
1.377 1
1.378 1
1.379 1
1.38 1
1.381 1
1.382 1
1.383 1
1.384 1
1.385 1
1.386 1
1.387 1
1.388 1
1.389 1
1.39 1
1.391 1
1.392 1
1.393 1
1.394 1
1.395 1
1.396 1
1.397 1
1.398 1
1.399 1
1.4 0
1.401 0
1.402 0
1.403 0
1.404 0
1.405 0
1.406 0
1.407 0
1.408 0
1.409 0
1.41 0
1.411 0
1.412 0
1.413 0
1.414 0
1.415 0
1.416 0
1.417 0
1.418 0
1.419 0
1.42 0
1.421 0
1.422 0
1.423 0
1.424 0
1.425 0
1.426 0
1.427 0
1.428 0
1.429 0
1.43 0
1.431 0
1.432 0
1.433 0
1.434 0
1.435 0
1.436 0
1.437 0
1.438 0
1.439 0
1.44 0
1.441 0
1.442 0
1.443 0
1.444 0
1.445 0
1.446 0
1.447 0
1.448 0
1.449 0
1.45 0
1.451 0
1.452 0
1.453 0
1.454 0
1.455 0
1.456 0
1.457 0
1.458 0
1.459 0
1.46 0
1.461 0
1.462 0
1.463 0
1.464 0
1.465 0
1.466 0
1.467 0
1.468 0
1.469 0
1.47 0
1.471 0
1.472 0
1.473 0
1.474 0
1.475 0
1.476 0
1.477 0
1.478 0
1.479 0
1.48 0
1.481 0
1.482 0
1.483 0
1.484 0
1.485 0
1.486 0
1.487 0
1.488 0
1.489 0
1.49 0
1.491 0
1.492 0
1.493 0
1.494 0
1.495 0
1.496 0
1.497 0
1.498 0
1.499 0
1.5 0
1.501 0
1.502 0
1.503 0
1.504 0
1.505 0
1.506 0
1.507 0
1.508 0
1.509 0
1.51 0
1.511 0
1.512 0
1.513 0
1.514 0
1.515 0
1.516 0
1.517 0
1.518 0
1.519 0
1.52 0
1.521 0
1.522 0
1.523 0
1.524 0
1.525 0
1.526 0
1.527 0
1.528 0
1.529 0
1.53 0
1.531 0
1.532 0
1.533 0
1.534 0
1.535 0
1.536 0
1.537 0
1.538 0
1.539 0
1.54 0
1.541 0
1.542 0
1.543 0
1.544 0
1.545 0
1.546 0
1.547 0
1.548 0
1.549 0
1.55 0
1.551 0
1.552 0
1.553 0
1.554 0
1.555 0
1.556 0
1.557 0
1.558 0
1.559 0
1.56 0
1.561 0
1.562 0
1.563 0
1.564 0
1.565 0
1.566 0
1.567 0
1.568 0
1.569 0
1.57 0
1.571 0
1.572 0
1.573 0
1.574 0
1.575 0
1.576 0
1.577 0
1.578 0
1.579 0
1.58 0
1.581 0
1.582 0
1.583 0
1.584 0
1.585 0
1.586 0
1.587 0
1.588 0
1.589 0
1.59 0
1.591 0
1.592 0
1.593 0
1.594 0
1.595 0
1.596 0
1.597 0
1.598 0
1.599 0
1.6 1
1.601 1
1.602 1
1.603 1
1.604 1
1.605 1
1.606 1
1.607 1
1.608 1
1.609 1
1.61 1
1.611 1
1.612 1
1.613 1
1.614 1
1.615 1
1.616 1
1.617 1
1.618 1
1.619 1
1.62 1
1.621 1
1.622 1
1.623 1
1.624 1
1.625 1
1.626 1
1.627 1
1.628 1
1.629 1
1.63 1
1.631 1
1.632 1
1.633 1
1.634 1
1.635 1
1.636 1
1.637 1
1.638 1
1.639 1
1.64 1
1.641 1
1.642 1
1.643 1
1.644 1
1.645 1
1.646 1
1.647 1
1.648 1
1.649 1
1.65 1
1.651 1
1.652 1
1.653 1
1.654 1
1.655 1
1.656 1
1.657 1
1.658 1
1.659 1
1.66 1
1.661 1
1.662 1
1.663 1
1.664 1
1.665 1
1.666 1
1.667 1
1.668 1
1.669 1
1.67 1
1.671 1
1.672 1
1.673 1
1.674 1
1.675 1
1.676 1
1.677 1
1.678 1
1.679 1
1.68 1
1.681 1
1.682 1
1.683 1
1.684 1
1.685 1
1.686 1
1.687 1
1.688 1
1.689 1
1.69 1
1.691 1
1.692 1
1.693 1
1.694 1
1.695 1
1.696 1
1.697 1
1.698 1
1.699 1
1.7 1
1.701 1
1.702 1
1.703 1
1.704 1
1.705 1
1.706 1
1.707 1
1.708 1
1.709 1
1.71 1
1.711 1
1.712 1
1.713 1
1.714 1
1.715 1
1.716 1
1.717 1
1.718 1
1.719 1
1.72 1
1.721 1
1.722 1
1.723 1
1.724 1
1.725 1
1.726 1
1.727 1
1.728 1
1.729 1
1.73 1
1.731 1
1.732 1
1.733 1
1.734 1
1.735 1
1.736 1
1.737 1
1.738 1
1.739 1
1.74 1
1.741 1
1.742 1
1.743 1
1.744 1
1.745 1
1.746 1
1.747 1
1.748 1
1.749 1
1.75 1
1.751 1
1.752 1
1.753 1
1.754 1
1.755 1
1.756 1
1.757 1
1.758 1
1.759 1
1.76 1
1.761 1
1.762 1
1.763 1
1.764 1
1.765 1
1.766 1
1.767 1
1.768 1
1.769 1
1.77 1
1.771 1
1.772 1
1.773 1
1.774 1
1.775 1
1.776 1
1.777 1
1.778 1
1.779 1
1.78 1
1.781 1
1.782 1
1.783 1
1.784 1
1.785 1
1.786 1
1.787 1
1.788 1
1.789 1
1.79 1
1.791 1
1.792 1
1.793 1
1.794 1
1.795 1
1.796 1
1.797 1
1.798 1
1.799 1
1.8 1
1.801 1
1.802 1
1.803 1
1.804 1
1.805 1
1.806 1
1.807 1
1.808 1
1.809 1
1.81 1
1.811 1
1.812 1
1.813 1
1.814 1
1.815 1
1.816 1
1.817 1
1.818 1
1.819 1
1.82 1
1.821 1
1.822 1
1.823 1
1.824 1
1.825 1
1.826 1
1.827 1
1.828 1
1.829 1
1.83 1
1.831 1
1.832 1
1.833 1
1.834 1
1.835 1
1.836 1
1.837 1
1.838 1
1.839 1
1.84 1
1.841 1
1.842 1
1.843 1
1.844 1
1.845 1
1.846 1
1.847 1
1.848 1
1.849 1
1.85 1
1.851 1
1.852 1
1.853 1
1.854 1
1.855 1
1.856 1
1.857 1
1.858 1
1.859 1
1.86 1
1.861 1
1.862 1
1.863 1
1.864 1
1.865 1
1.866 1
1.867 1
1.868 1
1.869 1
1.87 1
1.871 1
1.872 1
1.873 1
1.874 1
1.875 1
1.876 1
1.877 1
1.878 1
1.879 1
1.88 1
1.881 1
1.882 1
1.883 1
1.884 1
1.885 1
1.886 1
1.887 1
1.888 1
1.889 1
1.89 1
1.891 1
1.892 1
1.893 1
1.894 1
1.895 1
1.896 1
1.897 1
1.898 1
1.899 1
1.9 1
1.901 1
1.902 1
1.903 1
1.904 1
1.905 1
1.906 1
1.907 1
1.908 1
1.909 1
1.91 1
1.911 1
1.912 1
1.913 1
1.914 1
1.915 1
1.916 1
1.917 1
1.918 1
1.919 1
1.92 1
1.921 1
1.922 1
1.923 1
1.924 1
1.925 1
1.926 1
1.927 1
1.928 1
1.929 1
1.93 1
1.931 1
1.932 1
1.933 1
1.934 1
1.935 1
1.936 1
1.937 1
1.938 1
1.939 1
1.94 1
1.941 1
1.942 1
1.943 1
1.944 1
1.945 1
1.946 1
1.947 1
1.948 1
1.949 1
1.95 1
1.951 1
1.952 1
1.953 1
1.954 1
1.955 1
1.956 1
1.957 1
1.958 1
1.959 1
1.96 1
1.961 1
1.962 1
1.963 1
1.964 1
1.965 1
1.966 1
1.967 1
1.968 1
1.969 1
1.97 1
1.971 1
1.972 1
1.973 1
1.974 1
1.975 1
1.976 1
1.977 1
1.978 1
1.979 1
1.98 1
1.981 1
1.982 1
1.983 1
1.984 1
1.985 1
1.986 1
1.987 1
1.988 1
1.989 1
1.99 1
1.991 1
1.992 1
1.993 1
1.994 1
1.995 1
1.996 1
1.997 1
1.998 1
1.999 1
2 1
2.001 1
2.002 1
2.003 1
2.004 1
2.005 1
2.006 1
2.007 1
2.008 1
2.009 1
2.01 1
2.011 1
2.012 1
2.013 1
2.014 1
2.015 1
2.016 1
2.017 1
2.018 1
2.019 1
2.02 1
2.021 1
2.022 1
2.023 1
2.024 1
2.025 1
2.026 1
2.027 1
2.028 1
2.029 1
2.03 1
2.031 1
2.032 1
2.033 1
2.034 1
2.035 1
2.036 1
2.037 1
2.038 1
2.039 1
2.04 1
2.041 1
2.042 1
2.043 1
2.044 1
2.045 1
2.046 1
2.047 1
2.048 1
2.049 1
2.05 1
2.051 1
2.052 1
2.053 1
2.054 1
2.055 1
2.056 1
2.057 1
2.058 1
2.059 1
2.06 1
2.061 1
2.062 1
2.063 1
2.064 1
2.065 1
2.066 1
2.067 1
2.068 1
2.069 1
2.07 1
2.071 1
2.072 1
2.073 1
2.074 1
2.075 1
2.076 1
2.077 1
2.078 1
2.079 1
2.08 1
2.081 1
2.082 1
2.083 1
2.084 1
2.085 1
2.086 1
2.087 1
2.088 1
2.089 1
2.09 1
2.091 1
2.092 1
2.093 1
2.094 1
2.095 1
2.096 1
2.097 1
2.098 1
2.099 1
2.1 1
2.101 1
2.102 1
2.103 1
2.104 1
2.105 1
2.106 1
2.107 1
2.108 1
2.109 1
2.11 1
2.111 1
2.112 1
2.113 1
2.114 1
2.115 1
2.116 1
2.117 1
2.118 1
2.119 1
2.12 1
2.121 1
2.122 1
2.123 1
2.124 1
2.125 1
2.126 1
2.127 1
2.128 1
2.129 1
2.13 1
2.131 1
2.132 1
2.133 1
2.134 1
2.135 1
2.136 1
2.137 1
2.138 1
2.139 1
2.14 1
2.141 1
2.142 1
2.143 1
2.144 1
2.145 1
2.146 1
2.147 1
2.148 1
2.149 1
2.15 1
2.151 1
2.152 1
2.153 1
2.154 1
2.155 1
2.156 1
2.157 1
2.158 1
2.159 1
2.16 1
2.161 1
2.162 1
2.163 1
2.164 1
2.165 1
2.166 1
2.167 1
2.168 1
2.169 1
2.17 1
2.171 1
2.172 1
2.173 1
2.174 1
2.175 1
2.176 1
2.177 1
2.178 1
2.179 1
2.18 1
2.181 1
2.182 1
2.183 1
2.184 1
2.185 1
2.186 1
2.187 1
2.188 1
2.189 1
2.19 1
2.191 1
2.192 1
2.193 1
2.194 1
2.195 1
2.196 1
2.197 1
2.198 1
2.199 1
2.2 1
2.201 1
2.202 1
2.203 1
2.204 1
2.205 1
2.206 1
2.207 1
2.208 1
2.209 1
2.21 1
2.211 1
2.212 1
2.213 1
2.214 1
2.215 1
2.216 1
2.217 1
2.218 1
2.219 1
2.22 1
2.221 1
2.222 1
2.223 1
2.224 1
2.225 1
2.226 1
2.227 1
2.228 1
2.229 1
2.23 1
2.231 1
2.232 1
2.233 1
2.234 1
2.235 1
2.236 1
2.237 1
2.238 1
2.239 1
2.24 1
2.241 1
2.242 1
2.243 1
2.244 1
2.245 1
2.246 1
2.247 1
2.248 1
2.249 1
2.25 1
2.251 1
2.252 1
2.253 1
2.254 1
2.255 1
2.256 1
2.257 1
2.258 1
2.259 1
2.26 1
2.261 1
2.262 1
2.263 1
2.264 1
2.265 1
2.266 1
2.267 1
2.268 1
2.269 1
2.27 1
2.271 1
2.272 1
2.273 1
2.274 1
2.275 1
2.276 1
2.277 1
2.278 1
2.279 1
2.28 1
2.281 1
2.282 1
2.283 1
2.284 1
2.285 1
2.286 1
2.287 1
2.288 1
2.289 1
2.29 1
2.291 1
2.292 1
2.293 1
2.294 1
2.295 1
2.296 1
2.297 1
2.298 1
2.299 1
2.3 1
2.301 1
2.302 1
2.303 1
2.304 1
2.305 1
2.306 1
2.307 1
2.308 1
2.309 1
2.31 1
2.311 1
2.312 1
2.313 1
2.314 1
2.315 1
2.316 1
2.317 1
2.318 1
2.319 1
2.32 1
2.321 1
2.322 1
2.323 1
2.324 1
2.325 1
2.326 1
2.327 1
2.328 1
2.329 1
2.33 1
2.331 1
2.332 1
2.333 1
2.334 1
2.335 1
2.336 1
2.337 1
2.338 1
2.339 1
2.34 1
2.341 1
2.342 1
2.343 1
2.344 1
2.345 1
2.346 1
2.347 1
2.348 1
2.349 1
2.35 1
2.351 1
2.352 1
2.353 1
2.354 1
2.355 1
2.356 1
2.357 1
2.358 1
2.359 1
2.36 1
2.361 1
2.362 1
2.363 1
2.364 1
2.365 1
2.366 1
2.367 1
2.368 1
2.369 1
2.37 1
2.371 1
2.372 1
2.373 1
2.374 1
2.375 1
2.376 1
2.377 1
2.378 1
2.379 1
2.38 1
2.381 1
2.382 1
2.383 1
2.384 1
2.385 1
2.386 1
2.387 1
2.388 1
2.389 1
2.39 1
2.391 1
2.392 1
2.393 1
2.394 1
2.395 1
2.396 1
2.397 1
2.398 1
2.399 1
2.4 0
2.401 0
2.402 0
2.403 0
2.404 0
2.405 0
2.406 0
2.407 0
2.408 0
2.409 0
2.41 0
2.411 0
2.412 0
2.413 0
2.414 0
2.415 0
2.416 0
2.417 0
2.418 0
2.419 0
2.42 0
2.421 0
2.422 0
2.423 0
2.424 0
2.425 0
2.426 0
2.427 0
2.428 0
2.429 0
2.43 0
2.431 0
2.432 0
2.433 0
2.434 0
2.435 0
2.436 0
2.437 0
2.438 0
2.439 0
2.44 0
2.441 0
2.442 0
2.443 0
2.444 0
2.445 0
2.446 0
2.447 0
2.448 0
2.449 0
2.45 0
2.451 0
2.452 0
2.453 0
2.454 0
2.455 0
2.456 0
2.457 0
2.458 0
2.459 0
2.46 0
2.461 0
2.462 0
2.463 0
2.464 0
2.465 0
2.466 0
2.467 0
2.468 0
2.469 0
2.47 0
2.471 0
2.472 0
2.473 0
2.474 0
2.475 0
2.476 0
2.477 0
2.478 0
2.479 0
2.48 0
2.481 0
2.482 0
2.483 0
2.484 0
2.485 0
2.486 0
2.487 0
2.488 0
2.489 0
2.49 0
2.491 0
2.492 0
2.493 0
2.494 0
2.495 0
2.496 0
2.497 0
2.498 0
2.499 0
2.5 0
2.501 0
2.502 0
2.503 0
2.504 0
2.505 0
2.506 0
2.507 0
2.508 0
2.509 0
2.51 0
2.511 0
2.512 0
2.513 0
2.514 0
2.515 0
2.516 0
2.517 0
2.518 0
2.519 0
2.52 0
2.521 0
2.522 0
2.523 0
2.524 0
2.525 0
2.526 0
2.527 0
2.528 0
2.529 0
2.53 0
2.531 0
2.532 0
2.533 0
2.534 0
2.535 0
2.536 0
2.537 0
2.538 0
2.539 0
2.54 0
2.541 0
2.542 0
2.543 0
2.544 0
2.545 0
2.546 0
2.547 0
2.548 0
2.549 0
2.55 0
2.551 0
2.552 0
2.553 0
2.554 0
2.555 0
2.556 0
2.557 0
2.558 0
2.559 0
2.56 0
2.561 0
2.562 0
2.563 0
2.564 0
2.565 0
2.566 0
2.567 0
2.568 0
2.569 0
2.57 0
2.571 0
2.572 0
2.573 0
2.574 0
2.575 0
2.576 0
2.577 0
2.578 0
2.579 0
2.58 0
2.581 0
2.582 0
2.583 0
2.584 0
2.585 0
2.586 0
2.587 0
2.588 0
2.589 0
2.59 0
2.591 0
2.592 0
2.593 0
2.594 0
2.595 0
2.596 0
2.597 0
2.598 0
2.599 0
2.6 1
2.601 1
2.602 1
2.603 1
2.604 1
2.605 1
2.606 1
2.607 1
2.608 1
2.609 1
2.61 1
2.611 1
2.612 1
2.613 1
2.614 1
2.615 1
2.616 1
2.617 1
2.618 1
2.619 1
2.62 1
2.621 1
2.622 1
2.623 1
2.624 1
2.625 1
2.626 1
2.627 1
2.628 1
2.629 1
2.63 1
2.631 1
2.632 1
2.633 1
2.634 1
2.635 1
2.636 1
2.637 1
2.638 1
2.639 1
2.64 1
2.641 1
2.642 1
2.643 1
2.644 1
2.645 1
2.646 1
2.647 1
2.648 1
2.649 1
2.65 1
2.651 1
2.652 1
2.653 1
2.654 1
2.655 1
2.656 1
2.657 1
2.658 1
2.659 1
2.66 1
2.661 1
2.662 1
2.663 1
2.664 1
2.665 1
2.666 1
2.667 1
2.668 1
2.669 1
2.67 1
2.671 1
2.672 1
2.673 1
2.674 1
2.675 1
2.676 1
2.677 1
2.678 1
2.679 1
2.68 1
2.681 1
2.682 1
2.683 1
2.684 1
2.685 1
2.686 1
2.687 1
2.688 1
2.689 1
2.69 1
2.691 1
2.692 1
2.693 1
2.694 1
2.695 1
2.696 1
2.697 1
2.698 1
2.699 1
2.7 1
2.701 1
2.702 1
2.703 1
2.704 1
2.705 1
2.706 1
2.707 1
2.708 1
2.709 1
2.71 1
2.711 1
2.712 1
2.713 1
2.714 1
2.715 1
2.716 1
2.717 1
2.718 1
2.719 1
2.72 1
2.721 1
2.722 1
2.723 1
2.724 1
2.725 1
2.726 1
2.727 1
2.728 1
2.729 1
2.73 1
2.731 1
2.732 1
2.733 1
2.734 1
2.735 1
2.736 1
2.737 1
2.738 1
2.739 1
2.74 1
2.741 1
2.742 1
2.743 1
2.744 1
2.745 1
2.746 1
2.747 1
2.748 1
2.749 1
2.75 1
2.751 1
2.752 1
2.753 1
2.754 1
2.755 1
2.756 1
2.757 1
2.758 1
2.759 1
2.76 1
2.761 1
2.762 1
2.763 1
2.764 1
2.765 1
2.766 1
2.767 1
2.768 1
2.769 1
2.77 1
2.771 1
2.772 1
2.773 1
2.774 1
2.775 1
2.776 1
2.777 1
2.778 1
2.779 1
2.78 1
2.781 1
2.782 1
2.783 1
2.784 1
2.785 1
2.786 1
2.787 1
2.788 1
2.789 1
2.79 1
2.791 1
2.792 1
2.793 1
2.794 1
2.795 1
2.796 1
2.797 1
2.798 1
2.799 1
2.8 1
2.801 1
2.802 1
2.803 1
2.804 1
2.805 1
2.806 1
2.807 1
2.808 1
2.809 1
2.81 1
2.811 1
2.812 1
2.813 1
2.814 1
2.815 1
2.816 1
2.817 1
2.818 1
2.819 1
2.82 1
2.821 1
2.822 1
2.823 1
2.824 1
2.825 1
2.826 1
2.827 1
2.828 1
2.829 1
2.83 1
2.831 1
2.832 1
2.833 1
2.834 1
2.835 1
2.836 1
2.837 1
2.838 1
2.839 1
2.84 1
2.841 1
2.842 1
2.843 1
2.844 1
2.845 1
2.846 1
2.847 1
2.848 1
2.849 1
2.85 1
2.851 1
2.852 1
2.853 1
2.854 1
2.855 1
2.856 1
2.857 1
2.858 1
2.859 1
2.86 1
2.861 1
2.862 1
2.863 1
2.864 1
2.865 1
2.866 1
2.867 1
2.868 1
2.869 1
2.87 1
2.871 1
2.872 1
2.873 1
2.874 1
2.875 1
2.876 1
2.877 1
2.878 1
2.879 1
2.88 1
2.881 1
2.882 1
2.883 1
2.884 1
2.885 1
2.886 1
2.887 1
2.888 1
2.889 1
2.89 1
2.891 1
2.892 1
2.893 1
2.894 1
2.895 1
2.896 1
2.897 1
2.898 1
2.899 1
2.9 1
2.901 1
2.902 1
2.903 1
2.904 1
2.905 1
2.906 1
2.907 1
2.908 1
2.909 1
2.91 1
2.911 1
2.912 1
2.913 1
2.914 1
2.915 1
2.916 1
2.917 1
2.918 1
2.919 1
2.92 1
2.921 1
2.922 1
2.923 1
2.924 1
2.925 1
2.926 1
2.927 1
2.928 1
2.929 1
2.93 1
2.931 1
2.932 1
2.933 1
2.934 1
2.935 1
2.936 1
2.937 1
2.938 1
2.939 1
2.94 1
2.941 1
2.942 1
2.943 1
2.944 1
2.945 1
2.946 1
2.947 1
2.948 1
2.949 1
2.95 1
2.951 1
2.952 1
2.953 1
2.954 1
2.955 1
2.956 1
2.957 1
2.958 1
2.959 1
2.96 1
2.961 1
2.962 1
2.963 1
2.964 1
2.965 1
2.966 1
2.967 1
2.968 1
2.969 1
2.97 1
2.971 1
2.972 1
2.973 1
2.974 1
2.975 1
2.976 1
2.977 1
2.978 1
2.979 1
2.98 1
2.981 1
2.982 1
2.983 1
2.984 1
2.985 1
2.986 1
2.987 1
2.988 1
2.989 1
2.99 1
2.991 1
2.992 1
2.993 1
2.994 1
2.995 1
2.996 1
2.997 1
2.998 1
2.999 1
3 0
3.001 0
3.002 0
3.003 0
3.004 0
3.005 0
3.006 0
3.007 0
3.008 0
3.009 0
3.01 0
3.011 0
3.012 0
3.013 0
3.014 0
3.015 0
3.016 0
3.017 0
3.018 0
3.019 0
3.02 0
3.021 0
3.022 0
3.023 0
3.024 0
3.025 0
3.026 0
3.027 0
3.028 0
3.029 0
3.03 0
3.031 0
3.032 0
3.033 0
3.034 0
3.035 0
3.036 0
3.037 0
3.038 0
3.039 0
3.04 0
3.041 0
3.042 0
3.043 0
3.044 0
3.045 0
3.046 0
3.047 0
3.048 0
3.049 0
3.05 0
3.051 0
3.052 0
3.053 0
3.054 0
3.055 0
3.056 0
3.057 0
3.058 0
3.059 0
3.06 0
3.061 0
3.062 0
3.063 0
3.064 0
3.065 0
3.066 0
3.067 0
3.068 0
3.069 0
3.07 0
3.071 0
3.072 0
3.073 0
3.074 0
3.075 0
3.076 0
3.077 0
3.078 0
3.079 0
3.08 0
3.081 0
3.082 0
3.083 0
3.084 0
3.085 0
3.086 0
3.087 0
3.088 0
3.089 0
3.09 0
3.091 0
3.092 0
3.093 0
3.094 0
3.095 0
3.096 0
3.097 0
3.098 0
3.099 0
3.1 0
3.101 0
3.102 0
3.103 0
3.104 0
3.105 0
3.106 0
3.107 0
3.108 0
3.109 0
3.11 0
3.111 0
3.112 0
3.113 0
3.114 0
3.115 0
3.116 0
3.117 0
3.118 0
3.119 0
3.12 0
3.121 0
3.122 0
3.123 0
3.124 0
3.125 0
3.126 0
3.127 0
3.128 0
3.129 0
3.13 0
3.131 0
3.132 0
3.133 0
3.134 0
3.135 0
3.136 0
3.137 0
3.138 0
3.139 0
3.14 0
3.141 0
3.142 0
3.143 0
3.144 0
3.145 0
3.146 0
3.147 0
3.148 0
3.149 0
3.15 0
3.151 0
3.152 0
3.153 0
3.154 0
3.155 0
3.156 0
3.157 0
3.158 0
3.159 0
3.16 0
3.161 0
3.162 0
3.163 0
3.164 0
3.165 0
3.166 0
3.167 0
3.168 0
3.169 0
3.17 0
3.171 0
3.172 0
3.173 0
3.174 0
3.175 0
3.176 0
3.177 0
3.178 0
3.179 0
3.18 0
3.181 0
3.182 0
3.183 0
3.184 0
3.185 0
3.186 0
3.187 0
3.188 0
3.189 0
3.19 0
3.191 0
3.192 0
3.193 0
3.194 0
3.195 0
3.196 0
3.197 0
3.198 0
3.199 0
3.2 1
3.201 1
3.202 1
3.203 1
3.204 1
3.205 1
3.206 1
3.207 1
3.208 1
3.209 1
3.21 1
3.211 1
3.212 1
3.213 1
3.214 1
3.215 1
3.216 1
3.217 1
3.218 1
3.219 1
3.22 1
3.221 1
3.222 1
3.223 1
3.224 1
3.225 1
3.226 1
3.227 1
3.228 1
3.229 1
3.23 1
3.231 1
3.232 1
3.233 1
3.234 1
3.235 1
3.236 1
3.237 1
3.238 1
3.239 1
3.24 1
3.241 1
3.242 1
3.243 1
3.244 1
3.245 1
3.246 1
3.247 1
3.248 1
3.249 1
3.25 1
3.251 1
3.252 1
3.253 1
3.254 1
3.255 1
3.256 1
3.257 1
3.258 1
3.259 1
3.26 1
3.261 1
3.262 1
3.263 1
3.264 1
3.265 1
3.266 1
3.267 1
3.268 1
3.269 1
3.27 1
3.271 1
3.272 1
3.273 1
3.274 1
3.275 1
3.276 1
3.277 1
3.278 1
3.279 1
3.28 1
3.281 1
3.282 1
3.283 1
3.284 1
3.285 1
3.286 1
3.287 1
3.288 1
3.289 1
3.29 1
3.291 1
3.292 1
3.293 1
3.294 1
3.295 1
3.296 1
3.297 1
3.298 1
3.299 1
3.3 1
3.301 1
3.302 1
3.303 1
3.304 1
3.305 1
3.306 1
3.307 1
3.308 1
3.309 1
3.31 1
3.311 1
3.312 1
3.313 1
3.314 1
3.315 1
3.316 1
3.317 1
3.318 1
3.319 1
3.32 1
3.321 1
3.322 1
3.323 1
3.324 1
3.325 1
3.326 1
3.327 1
3.328 1
3.329 1
3.33 1
3.331 1
3.332 1
3.333 1
3.334 1
3.335 1
3.336 1
3.337 1
3.338 1
3.339 1
3.34 1
3.341 1
3.342 1
3.343 1
3.344 1
3.345 1
3.346 1
3.347 1
3.348 1
3.349 1
3.35 1
3.351 1
3.352 1
3.353 1
3.354 1
3.355 1
3.356 1
3.357 1
3.358 1
3.359 1
3.36 1
3.361 1
3.362 1
3.363 1
3.364 1
3.365 1
3.366 1
3.367 1
3.368 1
3.369 1
3.37 1
3.371 1
3.372 1
3.373 1
3.374 1
3.375 1
3.376 1
3.377 1
3.378 1
3.379 1
3.38 1
3.381 1
3.382 1
3.383 1
3.384 1
3.385 1
3.386 1
3.387 1
3.388 1
3.389 1
3.39 1
3.391 1
3.392 1
3.393 1
3.394 1
3.395 1
3.396 1
3.397 1
3.398 1
3.399 1
3.4 0
3.401 0
3.402 0
3.403 0
3.404 0
3.405 0
3.406 0
3.407 0
3.408 0
3.409 0
3.41 0
3.411 0
3.412 0
3.413 0
3.414 0
3.415 0
3.416 0
3.417 0
3.418 0
3.419 0
3.42 0
3.421 0
3.422 0
3.423 0
3.424 0
3.425 0
3.426 0
3.427 0
3.428 0
3.429 0
3.43 0
3.431 0
3.432 0
3.433 0
3.434 0
3.435 0
3.436 0
3.437 0
3.438 0
3.439 0
3.44 0
3.441 0
3.442 0
3.443 0
3.444 0
3.445 0
3.446 0
3.447 0
3.448 0
3.449 0
3.45 0
3.451 0
3.452 0
3.453 0
3.454 0
3.455 0
3.456 0
3.457 0
3.458 0
3.459 0
3.46 0
3.461 0
3.462 0
3.463 0
3.464 0
3.465 0
3.466 0
3.467 0
3.468 0
3.469 0
3.47 0
3.471 0
3.472 0
3.473 0
3.474 0
3.475 0
3.476 0
3.477 0
3.478 0
3.479 0
3.48 0
3.481 0
3.482 0
3.483 0
3.484 0
3.485 0
3.486 0
3.487 0
3.488 0
3.489 0
3.49 0
3.491 0
3.492 0
3.493 0
3.494 0
3.495 0
3.496 0
3.497 0
3.498 0
3.499 0
3.5 0
3.501 0
3.502 0
3.503 0
3.504 0
3.505 0
3.506 0
3.507 0
3.508 0
3.509 0
3.51 0
3.511 0
3.512 0
3.513 0
3.514 0
3.515 0
3.516 0
3.517 0
3.518 0
3.519 0
3.52 0
3.521 0
3.522 0
3.523 0
3.524 0
3.525 0
3.526 0
3.527 0
3.528 0
3.529 0
3.53 0
3.531 0
3.532 0
3.533 0
3.534 0
3.535 0
3.536 0
3.537 0
3.538 0
3.539 0
3.54 0
3.541 0
3.542 0
3.543 0
3.544 0
3.545 0
3.546 0
3.547 0
3.548 0
3.549 0
3.55 0
3.551 0
3.552 0
3.553 0
3.554 0
3.555 0
3.556 0
3.557 0
3.558 0
3.559 0
3.56 0
3.561 0
3.562 0
3.563 0
3.564 0
3.565 0
3.566 0
3.567 0
3.568 0
3.569 0
3.57 0
3.571 0
3.572 0
3.573 0
3.574 0
3.575 0
3.576 0
3.577 0
3.578 0
3.579 0
3.58 0
3.581 0
3.582 0
3.583 0
3.584 0
3.585 0
3.586 0
3.587 0
3.588 0
3.589 0
3.59 0
3.591 0
3.592 0
3.593 0
3.594 0
3.595 0
3.596 0
3.597 0
3.598 0
3.599 0
3.6 1
3.601 1
3.602 1
3.603 1
3.604 1
3.605 1
3.606 1
3.607 1
3.608 1
3.609 1
3.61 1
3.611 1
3.612 1
3.613 1
3.614 1
3.615 1
3.616 1
3.617 1
3.618 1
3.619 1
3.62 1
3.621 1
3.622 1
3.623 1
3.624 1
3.625 1
3.626 1
3.627 1
3.628 1
3.629 1
3.63 1
3.631 1
3.632 1
3.633 1
3.634 1
3.635 1
3.636 1
3.637 1
3.638 1
3.639 1
3.64 1
3.641 1
3.642 1
3.643 1
3.644 1
3.645 1
3.646 1
3.647 1
3.648 1
3.649 1
3.65 1
3.651 1
3.652 1
3.653 1
3.654 1
3.655 1
3.656 1
3.657 1
3.658 1
3.659 1
3.66 1
3.661 1
3.662 1
3.663 1
3.664 1
3.665 1
3.666 1
3.667 1
3.668 1
3.669 1
3.67 1
3.671 1
3.672 1
3.673 1
3.674 1
3.675 1
3.676 1
3.677 1
3.678 1
3.679 1
3.68 1
3.681 1
3.682 1
3.683 1
3.684 1
3.685 1
3.686 1
3.687 1
3.688 1
3.689 1
3.69 1
3.691 1
3.692 1
3.693 1
3.694 1
3.695 1
3.696 1
3.697 1
3.698 1
3.699 1
3.7 1
3.701 1
3.702 1
3.703 1
3.704 1
3.705 1
3.706 1
3.707 1
3.708 1
3.709 1
3.71 1
3.711 1
3.712 1
3.713 1
3.714 1
3.715 1
3.716 1
3.717 1
3.718 1
3.719 1
3.72 1
3.721 1
3.722 1
3.723 1
3.724 1
3.725 1
3.726 1
3.727 1
3.728 1
3.729 1
3.73 1
3.731 1
3.732 1
3.733 1
3.734 1
3.735 1
3.736 1
3.737 1
3.738 1
3.739 1
3.74 1
3.741 1
3.742 1
3.743 1
3.744 1
3.745 1
3.746 1
3.747 1
3.748 1
3.749 1
3.75 1
3.751 1
3.752 1
3.753 1
3.754 1
3.755 1
3.756 1
3.757 1
3.758 1
3.759 1
3.76 1
3.761 1
3.762 1
3.763 1
3.764 1
3.765 1
3.766 1
3.767 1
3.768 1
3.769 1
3.77 1
3.771 1
3.772 1
3.773 1
3.774 1
3.775 1
3.776 1
3.777 1
3.778 1
3.779 1
3.78 1
3.781 1
3.782 1
3.783 1
3.784 1
3.785 1
3.786 1
3.787 1
3.788 1
3.789 1
3.79 1
3.791 1
3.792 1
3.793 1
3.794 1
3.795 1
3.796 1
3.797 1
3.798 1
3.799 1
3.8 1
3.801 1
3.802 1
3.803 1
3.804 1
3.805 1
3.806 1
3.807 1
3.808 1
3.809 1
3.81 1
3.811 1
3.812 1
3.813 1
3.814 1
3.815 1
3.816 1
3.817 1
3.818 1
3.819 1
3.82 1
3.821 1
3.822 1
3.823 1
3.824 1
3.825 1
3.826 1
3.827 1
3.828 1
3.829 1
3.83 1
3.831 1
3.832 1
3.833 1
3.834 1
3.835 1
3.836 1
3.837 1
3.838 1
3.839 1
3.84 1
3.841 1
3.842 1
3.843 1
3.844 1
3.845 1
3.846 1
3.847 1
3.848 1
3.849 1
3.85 1
3.851 1
3.852 1
3.853 1
3.854 1
3.855 1
3.856 1
3.857 1
3.858 1
3.859 1
3.86 1
3.861 1
3.862 1
3.863 1
3.864 1
3.865 1
3.866 1
3.867 1
3.868 1
3.869 1
3.87 1
3.871 1
3.872 1
3.873 1
3.874 1
3.875 1
3.876 1
3.877 1
3.878 1
3.879 1
3.88 1
3.881 1
3.882 1
3.883 1
3.884 1
3.885 1
3.886 1
3.887 1
3.888 1
3.889 1
3.89 1
3.891 1
3.892 1
3.893 1
3.894 1
3.895 1
3.896 1
3.897 1
3.898 1
3.899 1
3.9 1
3.901 1
3.902 1
3.903 1
3.904 1
3.905 1
3.906 1
3.907 1
3.908 1
3.909 1
3.91 1
3.911 1
3.912 1
3.913 1
3.914 1
3.915 1
3.916 1
3.917 1
3.918 1
3.919 1
3.92 1
3.921 1
3.922 1
3.923 1
3.924 1
3.925 1
3.926 1
3.927 1
3.928 1
3.929 1
3.93 1
3.931 1
3.932 1
3.933 1
3.934 1
3.935 1
3.936 1
3.937 1
3.938 1
3.939 1
3.94 1
3.941 1
3.942 1
3.943 1
3.944 1
3.945 1
3.946 1
3.947 1
3.948 1
3.949 1
3.95 1
3.951 1
3.952 1
3.953 1
3.954 1
3.955 1
3.956 1
3.957 1
3.958 1
3.959 1
3.96 1
3.961 1
3.962 1
3.963 1
3.964 1
3.965 1
3.966 1
3.967 1
3.968 1
3.969 1
3.97 1
3.971 1
3.972 1
3.973 1
3.974 1
3.975 1
3.976 1
3.977 1
3.978 1
3.979 1
3.98 1
3.981 1
3.982 1
3.983 1
3.984 1
3.985 1
3.986 1
3.987 1
3.988 1
3.989 1
3.99 1
3.991 1
3.992 1
3.993 1
3.994 1
3.995 1
3.996 1
3.997 1
3.998 1
3.999 1
4 0
4.001 0
4.002 0
4.003 0
4.004 0
4.005 0
4.006 0
4.007 0
4.008 0
4.009 0
4.01 0
4.011 0
4.012 0
4.013 0
4.014 0
4.015 0
4.016 0
4.017 0
4.018 0
4.019 0
4.02 0
4.021 0
4.022 0
4.023 0
4.024 0
4.025 0
4.026 0
4.027 0
4.028 0
4.029 0
4.03 0
4.031 0
4.032 0
4.033 0
4.034 0
4.035 0
4.036 0
4.037 0
4.038 0
4.039 0
4.04 0
4.041 0
4.042 0
4.043 0
4.044 0
4.045 0
4.046 0
4.047 0
4.048 0
4.049 0
4.05 0
4.051 0
4.052 0
4.053 0
4.054 0
4.055 0
4.056 0
4.057 0
4.058 0
4.059 0
4.06 0
4.061 0
4.062 0
4.063 0
4.064 0
4.065 0
4.066 0
4.067 0
4.068 0
4.069 0
4.07 0
4.071 0
4.072 0
4.073 0
4.074 0
4.075 0
4.076 0
4.077 0
4.078 0
4.079 0
4.08 0
4.081 0
4.082 0
4.083 0
4.084 0
4.085 0
4.086 0
4.087 0
4.088 0
4.089 0
4.09 0
4.091 0
4.092 0
4.093 0
4.094 0
4.095 0
4.096 0
4.097 0
4.098 0
4.099 0
4.1 0
4.101 0
4.102 0
4.103 0
4.104 0
4.105 0
4.106 0
4.107 0
4.108 0
4.109 0
4.11 0
4.111 0
4.112 0
4.113 0
4.114 0
4.115 0
4.116 0
4.117 0
4.118 0
4.119 0
4.12 0
4.121 0
4.122 0
4.123 0
4.124 0
4.125 0
4.126 0
4.127 0
4.128 0
4.129 0
4.13 0
4.131 0
4.132 0
4.133 0
4.134 0
4.135 0
4.136 0
4.137 0
4.138 0
4.139 0
4.14 0
4.141 0
4.142 0
4.143 0
4.144 0
4.145 0
4.146 0
4.147 0
4.148 0
4.149 0
4.15 0
4.151 0
4.152 0
4.153 0
4.154 0
4.155 0
4.156 0
4.157 0
4.158 0
4.159 0
4.16 0
4.161 0
4.162 0
4.163 0
4.164 0
4.165 0
4.166 0
4.167 0
4.168 0
4.169 0
4.17 0
4.171 0
4.172 0
4.173 0
4.174 0
4.175 0
4.176 0
4.177 0
4.178 0
4.179 0
4.18 0
4.181 0
4.182 0
4.183 0
4.184 0
4.185 0
4.186 0
4.187 0
4.188 0
4.189 0
4.19 0
4.191 0
4.192 0
4.193 0
4.194 0
4.195 0
4.196 0
4.197 0
4.198 0
4.199 0
4.2 1
4.201 1
4.202 1
4.203 1
4.204 1
4.205 1
4.206 1
4.207 1
4.208 1
4.209 1
4.21 1
4.211 1
4.212 1
4.213 1
4.214 1
4.215 1
4.216 1
4.217 1
4.218 1
4.219 1
4.22 1
4.221 1
4.222 1
4.223 1
4.224 1
4.225 1
4.226 1
4.227 1
4.228 1
4.229 1
4.23 1
4.231 1
4.232 1
4.233 1
4.234 1
4.235 1
4.236 1
4.237 1
4.238 1
4.239 1
4.24 1
4.241 1
4.242 1
4.243 1
4.244 1
4.245 1
4.246 1
4.247 1
4.248 1
4.249 1
4.25 1
4.251 1
4.252 1
4.253 1
4.254 1
4.255 1
4.256 1
4.257 1
4.258 1
4.259 1
4.26 1
4.261 1
4.262 1
4.263 1
4.264 1
4.265 1
4.266 1
4.267 1
4.268 1
4.269 1
4.27 1
4.271 1
4.272 1
4.273 1
4.274 1
4.275 1
4.276 1
4.277 1
4.278 1
4.279 1
4.28 1
4.281 1
4.282 1
4.283 1
4.284 1
4.285 1
4.286 1
4.287 1
4.288 1
4.289 1
4.29 1
4.291 1
4.292 1
4.293 1
4.294 1
4.295 1
4.296 1
4.297 1
4.298 1
4.299 1
4.3 1
4.301 1
4.302 1
4.303 1
4.304 1
4.305 1
4.306 1
4.307 1
4.308 1
4.309 1
4.31 1
4.311 1
4.312 1
4.313 1
4.314 1
4.315 1
4.316 1
4.317 1
4.318 1
4.319 1
4.32 1
4.321 1
4.322 1
4.323 1
4.324 1
4.325 1
4.326 1
4.327 1
4.328 1
4.329 1
4.33 1
4.331 1
4.332 1
4.333 1
4.334 1
4.335 1
4.336 1
4.337 1
4.338 1
4.339 1
4.34 1
4.341 1
4.342 1
4.343 1
4.344 1
4.345 1
4.346 1
4.347 1
4.348 1
4.349 1
4.35 1
4.351 1
4.352 1
4.353 1
4.354 1
4.355 1
4.356 1
4.357 1
4.358 1
4.359 1
4.36 1
4.361 1
4.362 1
4.363 1
4.364 1
4.365 1
4.366 1
4.367 1
4.368 1
4.369 1
4.37 1
4.371 1
4.372 1
4.373 1
4.374 1
4.375 1
4.376 1
4.377 1
4.378 1
4.379 1
4.38 1
4.381 1
4.382 1
4.383 1
4.384 1
4.385 1
4.386 1
4.387 1
4.388 1
4.389 1
4.39 1
4.391 1
4.392 1
4.393 1
4.394 1
4.395 1
4.396 1
4.397 1
4.398 1
4.399 1
4.4 1
4.401 1
4.402 1
4.403 1
4.404 1
4.405 1
4.406 1
4.407 1
4.408 1
4.409 1
4.41 1
4.411 1
4.412 1
4.413 1
4.414 1
4.415 1
4.416 1
4.417 1
4.418 1
4.419 1
4.42 1
4.421 1
4.422 1
4.423 1
4.424 1
4.425 1
4.426 1
4.427 1
4.428 1
4.429 1
4.43 1
4.431 1
4.432 1
4.433 1
4.434 1
4.435 1
4.436 1
4.437 1
4.438 1
4.439 1
4.44 1
4.441 1
4.442 1
4.443 1
4.444 1
4.445 1
4.446 1
4.447 1
4.448 1
4.449 1
4.45 1
4.451 1
4.452 1
4.453 1
4.454 1
4.455 1
4.456 1
4.457 1
4.458 1
4.459 1
4.46 1
4.461 1
4.462 1
4.463 1
4.464 1
4.465 1
4.466 1
4.467 1
4.468 1
4.469 1
4.47 1
4.471 1
4.472 1
4.473 1
4.474 1
4.475 1
4.476 1
4.477 1
4.478 1
4.479 1
4.48 1
4.481 1
4.482 1
4.483 1
4.484 1
4.485 1
4.486 1
4.487 1
4.488 1
4.489 1
4.49 1
4.491 1
4.492 1
4.493 1
4.494 1
4.495 1
4.496 1
4.497 1
4.498 1
4.499 1
4.5 1
4.501 1
4.502 1
4.503 1
4.504 1
4.505 1
4.506 1
4.507 1
4.508 1
4.509 1
4.51 1
4.511 1
4.512 1
4.513 1
4.514 1
4.515 1
4.516 1
4.517 1
4.518 1
4.519 1
4.52 1
4.521 1
4.522 1
4.523 1
4.524 1
4.525 1
4.526 1
4.527 1
4.528 1
4.529 1
4.53 1
4.531 1
4.532 1
4.533 1
4.534 1
4.535 1
4.536 1
4.537 1
4.538 1
4.539 1
4.54 1
4.541 1
4.542 1
4.543 1
4.544 1
4.545 1
4.546 1
4.547 1
4.548 1
4.549 1
4.55 1
4.551 1
4.552 1
4.553 1
4.554 1
4.555 1
4.556 1
4.557 1
4.558 1
4.559 1
4.56 1
4.561 1
4.562 1
4.563 1
4.564 1
4.565 1
4.566 1
4.567 1
4.568 1
4.569 1
4.57 1
4.571 1
4.572 1
4.573 1
4.574 1
4.575 1
4.576 1
4.577 1
4.578 1
4.579 1
4.58 1
4.581 1
4.582 1
4.583 1
4.584 1
4.585 1
4.586 1
4.587 1
4.588 1
4.589 1
4.59 1
4.591 1
4.592 1
4.593 1
4.594 1
4.595 1
4.596 1
4.597 1
4.598 1
4.599 1
4.6 0
4.601 0
4.602 0
4.603 0
4.604 0
4.605 0
4.606 0
4.607 0
4.608 0
4.609 0
4.61 0
4.611 0
4.612 0
4.613 0
4.614 0
4.615 0
4.616 0
4.617 0
4.618 0
4.619 0
4.62 0
4.621 0
4.622 0
4.623 0
4.624 0
4.625 0
4.626 0
4.627 0
4.628 0
4.629 0
4.63 0
4.631 0
4.632 0
4.633 0
4.634 0
4.635 0
4.636 0
4.637 0
4.638 0
4.639 0
4.64 0
4.641 0
4.642 0
4.643 0
4.644 0
4.645 0
4.646 0
4.647 0
4.648 0
4.649 0
4.65 0
4.651 0
4.652 0
4.653 0
4.654 0
4.655 0
4.656 0
4.657 0
4.658 0
4.659 0
4.66 0
4.661 0
4.662 0
4.663 0
4.664 0
4.665 0
4.666 0
4.667 0
4.668 0
4.669 0
4.67 0
4.671 0
4.672 0
4.673 0
4.674 0
4.675 0
4.676 0
4.677 0
4.678 0
4.679 0
4.68 0
4.681 0
4.682 0
4.683 0
4.684 0
4.685 0
4.686 0
4.687 0
4.688 0
4.689 0
4.69 0
4.691 0
4.692 0
4.693 0
4.694 0
4.695 0
4.696 0
4.697 0
4.698 0
4.699 0
4.7 0
4.701 0
4.702 0
4.703 0
4.704 0
4.705 0
4.706 0
4.707 0
4.708 0
4.709 0
4.71 0
4.711 0
4.712 0
4.713 0
4.714 0
4.715 0
4.716 0
4.717 0
4.718 0
4.719 0
4.72 0
4.721 0
4.722 0
4.723 0
4.724 0
4.725 0
4.726 0
4.727 0
4.728 0
4.729 0
4.73 0
4.731 0
4.732 0
4.733 0
4.734 0
4.735 0
4.736 0
4.737 0
4.738 0
4.739 0
4.74 0
4.741 0
4.742 0
4.743 0
4.744 0
4.745 0
4.746 0
4.747 0
4.748 0
4.749 0
4.75 0
4.751 0
4.752 0
4.753 0
4.754 0
4.755 0
4.756 0
4.757 0
4.758 0
4.759 0
4.76 0
4.761 0
4.762 0
4.763 0
4.764 0
4.765 0
4.766 0
4.767 0
4.768 0
4.769 0
4.77 0
4.771 0
4.772 0
4.773 0
4.774 0
4.775 0
4.776 0
4.777 0
4.778 0
4.779 0
4.78 0
4.781 0
4.782 0
4.783 0
4.784 0
4.785 0
4.786 0
4.787 0
4.788 0
4.789 0
4.79 0
4.791 0
4.792 0
4.793 0
4.794 0
4.795 0
4.796 0
4.797 0
4.798 0
4.799 0
4.8 1
4.801 1
4.802 1
4.803 1
4.804 1
4.805 1
4.806 1
4.807 1
4.808 1
4.809 1
4.81 1
4.811 1
4.812 1
4.813 1
4.814 1
4.815 1
4.816 1
4.817 1
4.818 1
4.819 1
4.82 1
4.821 1
4.822 1
4.823 1
4.824 1
4.825 1
4.826 1
4.827 1
4.828 1
4.829 1
4.83 1
4.831 1
4.832 1
4.833 1
4.834 1
4.835 1
4.836 1
4.837 1
4.838 1
4.839 1
4.84 1
4.841 1
4.842 1
4.843 1
4.844 1
4.845 1
4.846 1
4.847 1
4.848 1
4.849 1
4.85 1
4.851 1
4.852 1
4.853 1
4.854 1
4.855 1
4.856 1
4.857 1
4.858 1
4.859 1
4.86 1
4.861 1
4.862 1
4.863 1
4.864 1
4.865 1
4.866 1
4.867 1
4.868 1
4.869 1
4.87 1
4.871 1
4.872 1
4.873 1
4.874 1
4.875 1
4.876 1
4.877 1
4.878 1
4.879 1
4.88 1
4.881 1
4.882 1
4.883 1
4.884 1
4.885 1
4.886 1
4.887 1
4.888 1
4.889 1
4.89 1
4.891 1
4.892 1
4.893 1
4.894 1
4.895 1
4.896 1
4.897 1
4.898 1
4.899 1
4.9 1
4.901 1
4.902 1
4.903 1
4.904 1
4.905 1
4.906 1
4.907 1
4.908 1
4.909 1
4.91 1
4.911 1
4.912 1
4.913 1
4.914 1
4.915 1
4.916 1
4.917 1
4.918 1
4.919 1
4.92 1
4.921 1
4.922 1
4.923 1
4.924 1
4.925 1
4.926 1
4.927 1
4.928 1
4.929 1
4.93 1
4.931 1
4.932 1
4.933 1
4.934 1
4.935 1
4.936 1
4.937 1
4.938 1
4.939 1
4.94 1
4.941 1
4.942 1
4.943 1
4.944 1
4.945 1
4.946 1
4.947 1
4.948 1
4.949 1
4.95 1
4.951 1
4.952 1
4.953 1
4.954 1
4.955 1
4.956 1
4.957 1
4.958 1
4.959 1
4.96 1
4.961 1
4.962 1
4.963 1
4.964 1
4.965 1
4.966 1
4.967 1
4.968 1
4.969 1
4.97 1
4.971 1
4.972 1
4.973 1
4.974 1
4.975 1
4.976 1
4.977 1
4.978 1
4.979 1
4.98 1
4.981 1
4.982 1
4.983 1
4.984 1
4.985 1
4.986 1
4.987 1
4.988 1
4.989 1
4.99 1
4.991 1
4.992 1
4.993 1
4.994 1
4.995 1
4.996 1
4.997 1
4.998 1
4.999 1
5 0
5.001 0
5.002 0
5.003 0
5.004 0
5.005 0
5.006 0
5.007 0
5.008 0
5.009 0
5.01 0
5.011 0
5.012 0
5.013 0
5.014 0
5.015 0
5.016 0
5.017 0
5.018 0
5.019 0
5.02 0
5.021 0
5.022 0
5.023 0
5.024 0
5.025 0
5.026 0
5.027 0
5.028 0
5.029 0
5.03 0
5.031 0
5.032 0
5.033 0
5.034 0
5.035 0
5.036 0
5.037 0
5.038 0
5.039 0
5.04 0
5.041 0
5.042 0
5.043 0
5.044 0
5.045 0
5.046 0
5.047 0
5.048 0
5.049 0
5.05 0
5.051 0
5.052 0
5.053 0
5.054 0
5.055 0
5.056 0
5.057 0
5.058 0
5.059 0
5.06 0
5.061 0
5.062 0
5.063 0
5.064 0
5.065 0
5.066 0
5.067 0
5.068 0
5.069 0
5.07 0
5.071 0
5.072 0
5.073 0
5.074 0
5.075 0
5.076 0
5.077 0
5.078 0
5.079 0
5.08 0
5.081 0
5.082 0
5.083 0
5.084 0
5.085 0
5.086 0
5.087 0
5.088 0
5.089 0
5.09 0
5.091 0
5.092 0
5.093 0
5.094 0
5.095 0
5.096 0
5.097 0
5.098 0
5.099 0
5.1 0
5.101 0
5.102 0
5.103 0
5.104 0
5.105 0
5.106 0
5.107 0
5.108 0
5.109 0
5.11 0
5.111 0
5.112 0
5.113 0
5.114 0
5.115 0
5.116 0
5.117 0
5.118 0
5.119 0
5.12 0
5.121 0
5.122 0
5.123 0
5.124 0
5.125 0
5.126 0
5.127 0
5.128 0
5.129 0
5.13 0
5.131 0
5.132 0
5.133 0
5.134 0
5.135 0
5.136 0
5.137 0
5.138 0
5.139 0
5.14 0
5.141 0
5.142 0
5.143 0
5.144 0
5.145 0
5.146 0
5.147 0
5.148 0
5.149 0
5.15 0
5.151 0
5.152 0
5.153 0
5.154 0
5.155 0
5.156 0
5.157 0
5.158 0
5.159 0
5.16 0
5.161 0
5.162 0
5.163 0
5.164 0
5.165 0
5.166 0
5.167 0
5.168 0
5.169 0
5.17 0
5.171 0
5.172 0
5.173 0
5.174 0
5.175 0
5.176 0
5.177 0
5.178 0
5.179 0
5.18 0
5.181 0
5.182 0
5.183 0
5.184 0
5.185 0
5.186 0
5.187 0
5.188 0
5.189 0
5.19 0
5.191 0
5.192 0
5.193 0
5.194 0
5.195 0
5.196 0
5.197 0
5.198 0
5.199 0
5.2 1
5.201 1
5.202 1
5.203 1
5.204 1
5.205 1
5.206 1
5.207 1
5.208 1
5.209 1
5.21 1
5.211 1
5.212 1
5.213 1
5.214 1
5.215 1
5.216 1
5.217 1
5.218 1
5.219 1
5.22 1
5.221 1
5.222 1
5.223 1
5.224 1
5.225 1
5.226 1
5.227 1
5.228 1
5.229 1
5.23 1
5.231 1
5.232 1
5.233 1
5.234 1
5.235 1
5.236 1
5.237 1
5.238 1
5.239 1
5.24 1
5.241 1
5.242 1
5.243 1
5.244 1
5.245 1
5.246 1
5.247 1
5.248 1
5.249 1
5.25 1
5.251 1
5.252 1
5.253 1
5.254 1
5.255 1
5.256 1
5.257 1
5.258 1
5.259 1
5.26 1
5.261 1
5.262 1
5.263 1
5.264 1
5.265 1
5.266 1
5.267 1
5.268 1
5.269 1
5.27 1
5.271 1
5.272 1
5.273 1
5.274 1
5.275 1
5.276 1
5.277 1
5.278 1
5.279 1
5.28 1
5.281 1
5.282 1
5.283 1
5.284 1
5.285 1
5.286 1
5.287 1
5.288 1
5.289 1
5.29 1
5.291 1
5.292 1
5.293 1
5.294 1
5.295 1
5.296 1
5.297 1
5.298 1
5.299 1
5.3 1
5.301 1
5.302 1
5.303 1
5.304 1
5.305 1
5.306 1
5.307 1
5.308 1
5.309 1
5.31 1
5.311 1
5.312 1
5.313 1
5.314 1
5.315 1
5.316 1
5.317 1
5.318 1
5.319 1
5.32 1
5.321 1
5.322 1
5.323 1
5.324 1
5.325 1
5.326 1
5.327 1
5.328 1
5.329 1
5.33 1
5.331 1
5.332 1
5.333 1
5.334 1
5.335 1
5.336 1
5.337 1
5.338 1
5.339 1
5.34 1
5.341 1
5.342 1
5.343 1
5.344 1
5.345 1
5.346 1
5.347 1
5.348 1
5.349 1
5.35 1
5.351 1
5.352 1
5.353 1
5.354 1
5.355 1
5.356 1
5.357 1
5.358 1
5.359 1
5.36 1
5.361 1
5.362 1
5.363 1
5.364 1
5.365 1
5.366 1
5.367 1
5.368 1
5.369 1
5.37 1
5.371 1
5.372 1
5.373 1
5.374 1
5.375 1
5.376 1
5.377 1
5.378 1
5.379 1
5.38 1
5.381 1
5.382 1
5.383 1
5.384 1
5.385 1
5.386 1
5.387 1
5.388 1
5.389 1
5.39 1
5.391 1
5.392 1
5.393 1
5.394 1
5.395 1
5.396 1
5.397 1
5.398 1
5.399 1
5.4 1
5.401 1
5.402 1
5.403 1
5.404 1
5.405 1
5.406 1
5.407 1
5.408 1
5.409 1
5.41 1
5.411 1
5.412 1
5.413 1
5.414 1
5.415 1
5.416 1
5.417 1
5.418 1
5.419 1
5.42 1
5.421 1
5.422 1
5.423 1
5.424 1
5.425 1
5.426 1
5.427 1
5.428 1
5.429 1
5.43 1
5.431 1
5.432 1
5.433 1
5.434 1
5.435 1
5.436 1
5.437 1
5.438 1
5.439 1
5.44 1
5.441 1
5.442 1
5.443 1
5.444 1
5.445 1
5.446 1
5.447 1
5.448 1
5.449 1
5.45 1
5.451 1
5.452 1
5.453 1
5.454 1
5.455 1
5.456 1
5.457 1
5.458 1
5.459 1
5.46 1
5.461 1
5.462 1
5.463 1
5.464 1
5.465 1
5.466 1
5.467 1
5.468 1
5.469 1
5.47 1
5.471 1
5.472 1
5.473 1
5.474 1
5.475 1
5.476 1
5.477 1
5.478 1
5.479 1
5.48 1
5.481 1
5.482 1
5.483 1
5.484 1
5.485 1
5.486 1
5.487 1
5.488 1
5.489 1
5.49 1
5.491 1
5.492 1
5.493 1
5.494 1
5.495 1
5.496 1
5.497 1
5.498 1
5.499 1
5.5 1
5.501 1
5.502 1
5.503 1
5.504 1
5.505 1
5.506 1
5.507 1
5.508 1
5.509 1
5.51 1
5.511 1
5.512 1
5.513 1
5.514 1
5.515 1
5.516 1
5.517 1
5.518 1
5.519 1
5.52 1
5.521 1
5.522 1
5.523 1
5.524 1
5.525 1
5.526 1
5.527 1
5.528 1
5.529 1
5.53 1
5.531 1
5.532 1
5.533 1
5.534 1
5.535 1
5.536 1
5.537 1
5.538 1
5.539 1
5.54 1
5.541 1
5.542 1
5.543 1
5.544 1
5.545 1
5.546 1
5.547 1
5.548 1
5.549 1
5.55 1
5.551 1
5.552 1
5.553 1
5.554 1
5.555 1
5.556 1
5.557 1
5.558 1
5.559 1
5.56 1
5.561 1
5.562 1
5.563 1
5.564 1
5.565 1
5.566 1
5.567 1
5.568 1
5.569 1
5.57 1
5.571 1
5.572 1
5.573 1
5.574 1
5.575 1
5.576 1
5.577 1
5.578 1
5.579 1
5.58 1
5.581 1
5.582 1
5.583 1
5.584 1
5.585 1
5.586 1
5.587 1
5.588 1
5.589 1
5.59 1
5.591 1
5.592 1
5.593 1
5.594 1
5.595 1
5.596 1
5.597 1
5.598 1
5.599 1
5.6 0
5.601 0
5.602 0
5.603 0
5.604 0
5.605 0
5.606 0
5.607 0
5.608 0
5.609 0
5.61 0
5.611 0
5.612 0
5.613 0
5.614 0
5.615 0
5.616 0
5.617 0
5.618 0
5.619 0
5.62 0
5.621 0
5.622 0
5.623 0
5.624 0
5.625 0
5.626 0
5.627 0
5.628 0
5.629 0
5.63 0
5.631 0
5.632 0
5.633 0
5.634 0
5.635 0
5.636 0
5.637 0
5.638 0
5.639 0
5.64 0
5.641 0
5.642 0
5.643 0
5.644 0
5.645 0
5.646 0
5.647 0
5.648 0
5.649 0
5.65 0
5.651 0
5.652 0
5.653 0
5.654 0
5.655 0
5.656 0
5.657 0
5.658 0
5.659 0
5.66 0
5.661 0
5.662 0
5.663 0
5.664 0
5.665 0
5.666 0
5.667 0
5.668 0
5.669 0
5.67 0
5.671 0
5.672 0
5.673 0
5.674 0
5.675 0
5.676 0
5.677 0
5.678 0
5.679 0
5.68 0
5.681 0
5.682 0
5.683 0
5.684 0
5.685 0
5.686 0
5.687 0
5.688 0
5.689 0
5.69 0
5.691 0
5.692 0
5.693 0
5.694 0
5.695 0
5.696 0
5.697 0
5.698 0
5.699 0
5.7 0
5.701 0
5.702 0
5.703 0
5.704 0
5.705 0
5.706 0
5.707 0
5.708 0
5.709 0
5.71 0
5.711 0
5.712 0
5.713 0
5.714 0
5.715 0
5.716 0
5.717 0
5.718 0
5.719 0
5.72 0
5.721 0
5.722 0
5.723 0
5.724 0
5.725 0
5.726 0
5.727 0
5.728 0
5.729 0
5.73 0
5.731 0
5.732 0
5.733 0
5.734 0
5.735 0
5.736 0
5.737 0
5.738 0
5.739 0
5.74 0
5.741 0
5.742 0
5.743 0
5.744 0
5.745 0
5.746 0
5.747 0
5.748 0
5.749 0
5.75 0
5.751 0
5.752 0
5.753 0
5.754 0
5.755 0
5.756 0
5.757 0
5.758 0
5.759 0
5.76 0
5.761 0
5.762 0
5.763 0
5.764 0
5.765 0
5.766 0
5.767 0
5.768 0
5.769 0
5.77 0
5.771 0
5.772 0
5.773 0
5.774 0
5.775 0
5.776 0
5.777 0
5.778 0
5.779 0
5.78 0
5.781 0
5.782 0
5.783 0
5.784 0
5.785 0
5.786 0
5.787 0
5.788 0
5.789 0
5.79 0
5.791 0
5.792 0
5.793 0
5.794 0
5.795 0
5.796 0
5.797 0
5.798 0
5.799 0
5.8 1
5.801 1
5.802 1
5.803 1
5.804 1
5.805 1
5.806 1
5.807 1
5.808 1
5.809 1
5.81 1
5.811 1
5.812 1
5.813 1
5.814 1
5.815 1
5.816 1
5.817 1
5.818 1
5.819 1
5.82 1
5.821 1
5.822 1
5.823 1
5.824 1
5.825 1
5.826 1
5.827 1
5.828 1
5.829 1
5.83 1
5.831 1
5.832 1
5.833 1
5.834 1
5.835 1
5.836 1
5.837 1
5.838 1
5.839 1
5.84 1
5.841 1
5.842 1
5.843 1
5.844 1
5.845 1
5.846 1
5.847 1
5.848 1
5.849 1
5.85 1
5.851 1
5.852 1
5.853 1
5.854 1
5.855 1
5.856 1
5.857 1
5.858 1
5.859 1
5.86 1
5.861 1
5.862 1
5.863 1
5.864 1
5.865 1
5.866 1
5.867 1
5.868 1
5.869 1
5.87 1
5.871 1
5.872 1
5.873 1
5.874 1
5.875 1
5.876 1
5.877 1
5.878 1
5.879 1
5.88 1
5.881 1
5.882 1
5.883 1
5.884 1
5.885 1
5.886 1
5.887 1
5.888 1
5.889 1
5.89 1
5.891 1
5.892 1
5.893 1
5.894 1
5.895 1
5.896 1
5.897 1
5.898 1
5.899 1
5.9 1
5.901 1
5.902 1
5.903 1
5.904 1
5.905 1
5.906 1
5.907 1
5.908 1
5.909 1
5.91 1
5.911 1
5.912 1
5.913 1
5.914 1
5.915 1
5.916 1
5.917 1
5.918 1
5.919 1
5.92 1
5.921 1
5.922 1
5.923 1
5.924 1
5.925 1
5.926 1
5.927 1
5.928 1
5.929 1
5.93 1
5.931 1
5.932 1
5.933 1
5.934 1
5.935 1
5.936 1
5.937 1
5.938 1
5.939 1
5.94 1
5.941 1
5.942 1
5.943 1
5.944 1
5.945 1
5.946 1
5.947 1
5.948 1
5.949 1
5.95 1
5.951 1
5.952 1
5.953 1
5.954 1
5.955 1
5.956 1
5.957 1
5.958 1
5.959 1
5.96 1
5.961 1
5.962 1
5.963 1
5.964 1
5.965 1
5.966 1
5.967 1
5.968 1
5.969 1
5.97 1
5.971 1
5.972 1
5.973 1
5.974 1
5.975 1
5.976 1
5.977 1
5.978 1
5.979 1
5.98 1
5.981 1
5.982 1
5.983 1
5.984 1
5.985 1
5.986 1
5.987 1
5.988 1
5.989 1
5.99 1
5.991 1
5.992 1
5.993 1
5.994 1
5.995 1
5.996 1
5.997 1
5.998 1
5.999 1
6 1
6.001 1
6.002 1
6.003 1
6.004 1
6.005 1
6.006 1
6.007 1
6.008 1
6.009 1
6.01 1
6.011 1
6.012 1
6.013 1
6.014 1
6.015 1
6.016 1
6.017 1
6.018 1
6.019 1
6.02 1
6.021 1
6.022 1
6.023 1
6.024 1
6.025 1
6.026 1
6.027 1
6.028 1
6.029 1
6.03 1
6.031 1
6.032 1
6.033 1
6.034 1
6.035 1
6.036 1
6.037 1
6.038 1
6.039 1
6.04 1
6.041 1
6.042 1
6.043 1
6.044 1
6.045 1
6.046 1
6.047 1
6.048 1
6.049 1
6.05 1
6.051 1
6.052 1
6.053 1
6.054 1
6.055 1
6.056 1
6.057 1
6.058 1
6.059 1
6.06 1
6.061 1
6.062 1
6.063 1
6.064 1
6.065 1
6.066 1
6.067 1
6.068 1
6.069 1
6.07 1
6.071 1
6.072 1
6.073 1
6.074 1
6.075 1
6.076 1
6.077 1
6.078 1
6.079 1
6.08 1
6.081 1
6.082 1
6.083 1
6.084 1
6.085 1
6.086 1
6.087 1
6.088 1
6.089 1
6.09 1
6.091 1
6.092 1
6.093 1
6.094 1
6.095 1
6.096 1
6.097 1
6.098 1
6.099 1
6.1 1
6.101 1
6.102 1
6.103 1
6.104 1
6.105 1
6.106 1
6.107 1
6.108 1
6.109 1
6.11 1
6.111 1
6.112 1
6.113 1
6.114 1
6.115 1
6.116 1
6.117 1
6.118 1
6.119 1
6.12 1
6.121 1
6.122 1
6.123 1
6.124 1
6.125 1
6.126 1
6.127 1
6.128 1
6.129 1
6.13 1
6.131 1
6.132 1
6.133 1
6.134 1
6.135 1
6.136 1
6.137 1
6.138 1
6.139 1
6.14 1
6.141 1
6.142 1
6.143 1
6.144 1
6.145 1
6.146 1
6.147 1
6.148 1
6.149 1
6.15 1
6.151 1
6.152 1
6.153 1
6.154 1
6.155 1
6.156 1
6.157 1
6.158 1
6.159 1
6.16 1
6.161 1
6.162 1
6.163 1
6.164 1
6.165 1
6.166 1
6.167 1
6.168 1
6.169 1
6.17 1
6.171 1
6.172 1
6.173 1
6.174 1
6.175 1
6.176 1
6.177 1
6.178 1
6.179 1
6.18 1
6.181 1
6.182 1
6.183 1
6.184 1
6.185 1
6.186 1
6.187 1
6.188 1
6.189 1
6.19 1
6.191 1
6.192 1
6.193 1
6.194 1
6.195 1
6.196 1
6.197 1
6.198 1
6.199 1
6.2 0
6.201 0
6.202 0
6.203 0
6.204 0
6.205 0
6.206 0
6.207 0
6.208 0
6.209 0
6.21 0
6.211 0
6.212 0
6.213 0
6.214 0
6.215 0
6.216 0
6.217 0
6.218 0
6.219 0
6.22 0
6.221 0
6.222 0
6.223 0
6.224 0
6.225 0
6.226 0
6.227 0
6.228 0
6.229 0
6.23 0
6.231 0
6.232 0
6.233 0
6.234 0
6.235 0
6.236 0
6.237 0
6.238 0
6.239 0
6.24 0
6.241 0
6.242 0
6.243 0
6.244 0
6.245 0
6.246 0
6.247 0
6.248 0
6.249 0
6.25 0
6.251 0
6.252 0
6.253 0
6.254 0
6.255 0
6.256 0
6.257 0
6.258 0
6.259 0
6.26 0
6.261 0
6.262 0
6.263 0
6.264 0
6.265 0
6.266 0
6.267 0
6.268 0
6.269 0
6.27 0
6.271 0
6.272 0
6.273 0
6.274 0
6.275 0
6.276 0
6.277 0
6.278 0
6.279 0
6.28 0
6.281 0
6.282 0
6.283 0
6.284 0
6.285 0
6.286 0
6.287 0
6.288 0
6.289 0
6.29 0
6.291 0
6.292 0
6.293 0
6.294 0
6.295 0
6.296 0
6.297 0
6.298 0
6.299 0
6.3 0
6.301 0
6.302 0
6.303 0
6.304 0
6.305 0
6.306 0
6.307 0
6.308 0
6.309 0
6.31 0
6.311 0
6.312 0
6.313 0
6.314 0
6.315 0
6.316 0
6.317 0
6.318 0
6.319 0
6.32 0
6.321 0
6.322 0
6.323 0
6.324 0
6.325 0
6.326 0
6.327 0
6.328 0
6.329 0
6.33 0
6.331 0
6.332 0
6.333 0
6.334 0
6.335 0
6.336 0
6.337 0
6.338 0
6.339 0
6.34 0
6.341 0
6.342 0
6.343 0
6.344 0
6.345 0
6.346 0
6.347 0
6.348 0
6.349 0
6.35 0
6.351 0
6.352 0
6.353 0
6.354 0
6.355 0
6.356 0
6.357 0
6.358 0
6.359 0
6.36 0
6.361 0
6.362 0
6.363 0
6.364 0
6.365 0
6.366 0
6.367 0
6.368 0
6.369 0
6.37 0
6.371 0
6.372 0
6.373 0
6.374 0
6.375 0
6.376 0
6.377 0
6.378 0
6.379 0
6.38 0
6.381 0
6.382 0
6.383 0
6.384 0
6.385 0
6.386 0
6.387 0
6.388 0
6.389 0
6.39 0
6.391 0
6.392 0
6.393 0
6.394 0
6.395 0
6.396 0
6.397 0
6.398 0
6.399 0
6.4 1
6.401 1
6.402 1
6.403 1
6.404 1
6.405 1
6.406 1
6.407 1
6.408 1
6.409 1
6.41 1
6.411 1
6.412 1
6.413 1
6.414 1
6.415 1
6.416 1
6.417 1
6.418 1
6.419 1
6.42 1
6.421 1
6.422 1
6.423 1
6.424 1
6.425 1
6.426 1
6.427 1
6.428 1
6.429 1
6.43 1
6.431 1
6.432 1
6.433 1
6.434 1
6.435 1
6.436 1
6.437 1
6.438 1
6.439 1
6.44 1
6.441 1
6.442 1
6.443 1
6.444 1
6.445 1
6.446 1
6.447 1
6.448 1
6.449 1
6.45 1
6.451 1
6.452 1
6.453 1
6.454 1
6.455 1
6.456 1
6.457 1
6.458 1
6.459 1
6.46 1
6.461 1
6.462 1
6.463 1
6.464 1
6.465 1
6.466 1
6.467 1
6.468 1
6.469 1
6.47 1
6.471 1
6.472 1
6.473 1
6.474 1
6.475 1
6.476 1
6.477 1
6.478 1
6.479 1
6.48 1
6.481 1
6.482 1
6.483 1
6.484 1
6.485 1
6.486 1
6.487 1
6.488 1
6.489 1
6.49 1
6.491 1
6.492 1
6.493 1
6.494 1
6.495 1
6.496 1
6.497 1
6.498 1
6.499 1
6.5 1
6.501 1
6.502 1
6.503 1
6.504 1
6.505 1
6.506 1
6.507 1
6.508 1
6.509 1
6.51 1
6.511 1
6.512 1
6.513 1
6.514 1
6.515 1
6.516 1
6.517 1
6.518 1
6.519 1
6.52 1
6.521 1
6.522 1
6.523 1
6.524 1
6.525 1
6.526 1
6.527 1
6.528 1
6.529 1
6.53 1
6.531 1
6.532 1
6.533 1
6.534 1
6.535 1
6.536 1
6.537 1
6.538 1
6.539 1
6.54 1
6.541 1
6.542 1
6.543 1
6.544 1
6.545 1
6.546 1
6.547 1
6.548 1
6.549 1
6.55 1
6.551 1
6.552 1
6.553 1
6.554 1
6.555 1
6.556 1
6.557 1
6.558 1
6.559 1
6.56 1
6.561 1
6.562 1
6.563 1
6.564 1
6.565 1
6.566 1
6.567 1
6.568 1
6.569 1
6.57 1
6.571 1
6.572 1
6.573 1
6.574 1
6.575 1
6.576 1
6.577 1
6.578 1
6.579 1
6.58 1
6.581 1
6.582 1
6.583 1
6.584 1
6.585 1
6.586 1
6.587 1
6.588 1
6.589 1
6.59 1
6.591 1
6.592 1
6.593 1
6.594 1
6.595 1
6.596 1
6.597 1
6.598 1
6.599 1
6.6 0
6.601 0
6.602 0
6.603 0
6.604 0
6.605 0
6.606 0
6.607 0
6.608 0
6.609 0
6.61 0
6.611 0
6.612 0
6.613 0
6.614 0
6.615 0
6.616 0
6.617 0
6.618 0
6.619 0
6.62 0
6.621 0
6.622 0
6.623 0
6.624 0
6.625 0
6.626 0
6.627 0
6.628 0
6.629 0
6.63 0
6.631 0
6.632 0
6.633 0
6.634 0
6.635 0
6.636 0
6.637 0
6.638 0
6.639 0
6.64 0
6.641 0
6.642 0
6.643 0
6.644 0
6.645 0
6.646 0
6.647 0
6.648 0
6.649 0
6.65 0
6.651 0
6.652 0
6.653 0
6.654 0
6.655 0
6.656 0
6.657 0
6.658 0
6.659 0
6.66 0
6.661 0
6.662 0
6.663 0
6.664 0
6.665 0
6.666 0
6.667 0
6.668 0
6.669 0
6.67 0
6.671 0
6.672 0
6.673 0
6.674 0
6.675 0
6.676 0
6.677 0
6.678 0
6.679 0
6.68 0
6.681 0
6.682 0
6.683 0
6.684 0
6.685 0
6.686 0
6.687 0
6.688 0
6.689 0
6.69 0
6.691 0
6.692 0
6.693 0
6.694 0
6.695 0
6.696 0
6.697 0
6.698 0
6.699 0
6.7 0
6.701 0
6.702 0
6.703 0
6.704 0
6.705 0
6.706 0
6.707 0
6.708 0
6.709 0
6.71 0
6.711 0
6.712 0
6.713 0
6.714 0
6.715 0
6.716 0
6.717 0
6.718 0
6.719 0
6.72 0
6.721 0
6.722 0
6.723 0
6.724 0
6.725 0
6.726 0
6.727 0
6.728 0
6.729 0
6.73 0
6.731 0
6.732 0
6.733 0
6.734 0
6.735 0
6.736 0
6.737 0
6.738 0
6.739 0
6.74 0
6.741 0
6.742 0
6.743 0
6.744 0
6.745 0
6.746 0
6.747 0
6.748 0
6.749 0
6.75 0
6.751 0
6.752 0
6.753 0
6.754 0
6.755 0
6.756 0
6.757 0
6.758 0
6.759 0
6.76 0
6.761 0
6.762 0
6.763 0
6.764 0
6.765 0
6.766 0
6.767 0
6.768 0
6.769 0
6.77 0
6.771 0
6.772 0
6.773 0
6.774 0
6.775 0
6.776 0
6.777 0
6.778 0
6.779 0
6.78 0
6.781 0
6.782 0
6.783 0
6.784 0
6.785 0
6.786 0
6.787 0
6.788 0
6.789 0
6.79 0
6.791 0
6.792 0
6.793 0
6.794 0
6.795 0
6.796 0
6.797 0
6.798 0
6.799 0
6.8 0
6.801 0
6.802 0
6.803 0
6.804 0
6.805 0
6.806 0
6.807 0
6.808 0
6.809 0
6.81 0
6.811 0
6.812 0
6.813 0
6.814 0
6.815 0
6.816 0
6.817 0
6.818 0
6.819 0
6.82 0
6.821 0
6.822 0
6.823 0
6.824 0
6.825 0
6.826 0
6.827 0
6.828 0
6.829 0
6.83 0
6.831 0
6.832 0
6.833 0
6.834 0
6.835 0
6.836 0
6.837 0
6.838 0
6.839 0
6.84 0
6.841 0
6.842 0
6.843 0
6.844 0
6.845 0
6.846 0
6.847 0
6.848 0
6.849 0
6.85 0
6.851 0
6.852 0
6.853 0
6.854 0
6.855 0
6.856 0
6.857 0
6.858 0
6.859 0
6.86 0
6.861 0
6.862 0
6.863 0
6.864 0
6.865 0
6.866 0
6.867 0
6.868 0
6.869 0
6.87 0
6.871 0
6.872 0
6.873 0
6.874 0
6.875 0
6.876 0
6.877 0
6.878 0
6.879 0
6.88 0
6.881 0
6.882 0
6.883 0
6.884 0
6.885 0
6.886 0
6.887 0
6.888 0
6.889 0
6.89 0
6.891 0
6.892 0
6.893 0
6.894 0
6.895 0
6.896 0
6.897 0
6.898 0
6.899 0
6.9 0
6.901 0
6.902 0
6.903 0
6.904 0
6.905 0
6.906 0
6.907 0
6.908 0
6.909 0
6.91 0
6.911 0
6.912 0
6.913 0
6.914 0
6.915 0
6.916 0
6.917 0
6.918 0
6.919 0
6.92 0
6.921 0
6.922 0
6.923 0
6.924 0
6.925 0
6.926 0
6.927 0
6.928 0
6.929 0
6.93 0
6.931 0
6.932 0
6.933 0
6.934 0
6.935 0
6.936 0
6.937 0
6.938 0
6.939 0
6.94 0
6.941 0
6.942 0
6.943 0
6.944 0
6.945 0
6.946 0
6.947 0
6.948 0
6.949 0
6.95 0
6.951 0
6.952 0
6.953 0
6.954 0
6.955 0
6.956 0
6.957 0
6.958 0
6.959 0
6.96 0
6.961 0
6.962 0
6.963 0
6.964 0
6.965 0
6.966 0
6.967 0
6.968 0
6.969 0
6.97 0
6.971 0
6.972 0
6.973 0
6.974 0
6.975 0
6.976 0
6.977 0
6.978 0
6.979 0
6.98 0
6.981 0
6.982 0
6.983 0
6.984 0
6.985 0
6.986 0
6.987 0
6.988 0
6.989 0
6.99 0
6.991 0
6.992 0
6.993 0
6.994 0
6.995 0
6.996 0
6.997 0
6.998 0
6.999 0
7 1
7.001 1
7.002 1
7.003 1
7.004 1
7.005 1
7.006 1
7.007 1
7.008 1
7.009 1
7.01 1
7.011 1
7.012 1
7.013 1
7.014 1
7.015 1
7.016 1
7.017 1
7.018 1
7.019 1
7.02 1
7.021 1
7.022 1
7.023 1
7.024 1
7.025 1
7.026 1
7.027 1
7.028 1
7.029 1
7.03 1
7.031 1
7.032 1
7.033 1
7.034 1
7.035 1
7.036 1
7.037 1
7.038 1
7.039 1
7.04 1
7.041 1
7.042 1
7.043 1
7.044 1
7.045 1
7.046 1
7.047 1
7.048 1
7.049 1
7.05 1
7.051 1
7.052 1
7.053 1
7.054 1
7.055 1
7.056 1
7.057 1
7.058 1
7.059 1
7.06 1
7.061 1
7.062 1
7.063 1
7.064 1
7.065 1
7.066 1
7.067 1
7.068 1
7.069 1
7.07 1
7.071 1
7.072 1
7.073 1
7.074 1
7.075 1
7.076 1
7.077 1
7.078 1
7.079 1
7.08 1
7.081 1
7.082 1
7.083 1
7.084 1
7.085 1
7.086 1
7.087 1
7.088 1
7.089 1
7.09 1
7.091 1
7.092 1
7.093 1
7.094 1
7.095 1
7.096 1
7.097 1
7.098 1
7.099 1
7.1 1
7.101 1
7.102 1
7.103 1
7.104 1
7.105 1
7.106 1
7.107 1
7.108 1
7.109 1
7.11 1
7.111 1
7.112 1
7.113 1
7.114 1
7.115 1
7.116 1
7.117 1
7.118 1
7.119 1
7.12 1
7.121 1
7.122 1
7.123 1
7.124 1
7.125 1
7.126 1
7.127 1
7.128 1
7.129 1
7.13 1
7.131 1
7.132 1
7.133 1
7.134 1
7.135 1
7.136 1
7.137 1
7.138 1
7.139 1
7.14 1
7.141 1
7.142 1
7.143 1
7.144 1
7.145 1
7.146 1
7.147 1
7.148 1
7.149 1
7.15 1
7.151 1
7.152 1
7.153 1
7.154 1
7.155 1
7.156 1
7.157 1
7.158 1
7.159 1
7.16 1
7.161 1
7.162 1
7.163 1
7.164 1
7.165 1
7.166 1
7.167 1
7.168 1
7.169 1
7.17 1
7.171 1
7.172 1
7.173 1
7.174 1
7.175 1
7.176 1
7.177 1
7.178 1
7.179 1
7.18 1
7.181 1
7.182 1
7.183 1
7.184 1
7.185 1
7.186 1
7.187 1
7.188 1
7.189 1
7.19 1
7.191 1
7.192 1
7.193 1
7.194 1
7.195 1
7.196 1
7.197 1
7.198 1
7.199 1
7.2 1
7.201 1
7.202 1
7.203 1
7.204 1
7.205 1
7.206 1
7.207 1
7.208 1
7.209 1
7.21 1
7.211 1
7.212 1
7.213 1
7.214 1
7.215 1
7.216 1
7.217 1
7.218 1
7.219 1
7.22 1
7.221 1
7.222 1
7.223 1
7.224 1
7.225 1
7.226 1
7.227 1
7.228 1
7.229 1
7.23 1
7.231 1
7.232 1
7.233 1
7.234 1
7.235 1
7.236 1
7.237 1
7.238 1
7.239 1
7.24 1
7.241 1
7.242 1
7.243 1
7.244 1
7.245 1
7.246 1
7.247 1
7.248 1
7.249 1
7.25 1
7.251 1
7.252 1
7.253 1
7.254 1
7.255 1
7.256 1
7.257 1
7.258 1
7.259 1
7.26 1
7.261 1
7.262 1
7.263 1
7.264 1
7.265 1
7.266 1
7.267 1
7.268 1
7.269 1
7.27 1
7.271 1
7.272 1
7.273 1
7.274 1
7.275 1
7.276 1
7.277 1
7.278 1
7.279 1
7.28 1
7.281 1
7.282 1
7.283 1
7.284 1
7.285 1
7.286 1
7.287 1
7.288 1
7.289 1
7.29 1
7.291 1
7.292 1
7.293 1
7.294 1
7.295 1
7.296 1
7.297 1
7.298 1
7.299 1
7.3 1
7.301 1
7.302 1
7.303 1
7.304 1
7.305 1
7.306 1
7.307 1
7.308 1
7.309 1
7.31 1
7.311 1
7.312 1
7.313 1
7.314 1
7.315 1
7.316 1
7.317 1
7.318 1
7.319 1
7.32 1
7.321 1
7.322 1
7.323 1
7.324 1
7.325 1
7.326 1
7.327 1
7.328 1
7.329 1
7.33 1
7.331 1
7.332 1
7.333 1
7.334 1
7.335 1
7.336 1
7.337 1
7.338 1
7.339 1
7.34 1
7.341 1
7.342 1
7.343 1
7.344 1
7.345 1
7.346 1
7.347 1
7.348 1
7.349 1
7.35 1
7.351 1
7.352 1
7.353 1
7.354 1
7.355 1
7.356 1
7.357 1
7.358 1
7.359 1
7.36 1
7.361 1
7.362 1
7.363 1
7.364 1
7.365 1
7.366 1
7.367 1
7.368 1
7.369 1
7.37 1
7.371 1
7.372 1
7.373 1
7.374 1
7.375 1
7.376 1
7.377 1
7.378 1
7.379 1
7.38 1
7.381 1
7.382 1
7.383 1
7.384 1
7.385 1
7.386 1
7.387 1
7.388 1
7.389 1
7.39 1
7.391 1
7.392 1
7.393 1
7.394 1
7.395 1
7.396 1
7.397 1
7.398 1
7.399 1
7.4 1
7.401 1
7.402 1
7.403 1
7.404 1
7.405 1
7.406 1
7.407 1
7.408 1
7.409 1
7.41 1
7.411 1
7.412 1
7.413 1
7.414 1
7.415 1
7.416 1
7.417 1
7.418 1
7.419 1
7.42 1
7.421 1
7.422 1
7.423 1
7.424 1
7.425 1
7.426 1
7.427 1
7.428 1
7.429 1
7.43 1
7.431 1
7.432 1
7.433 1
7.434 1
7.435 1
7.436 1
7.437 1
7.438 1
7.439 1
7.44 1
7.441 1
7.442 1
7.443 1
7.444 1
7.445 1
7.446 1
7.447 1
7.448 1
7.449 1
7.45 1
7.451 1
7.452 1
7.453 1
7.454 1
7.455 1
7.456 1
7.457 1
7.458 1
7.459 1
7.46 1
7.461 1
7.462 1
7.463 1
7.464 1
7.465 1
7.466 1
7.467 1
7.468 1
7.469 1
7.47 1
7.471 1
7.472 1
7.473 1
7.474 1
7.475 1
7.476 1
7.477 1
7.478 1
7.479 1
7.48 1
7.481 1
7.482 1
7.483 1
7.484 1
7.485 1
7.486 1
7.487 1
7.488 1
7.489 1
7.49 1
7.491 1
7.492 1
7.493 1
7.494 1
7.495 1
7.496 1
7.497 1
7.498 1
7.499 1
7.5 1
7.501 1
7.502 1
7.503 1
7.504 1
7.505 1
7.506 1
7.507 1
7.508 1
7.509 1
7.51 1
7.511 1
7.512 1
7.513 1
7.514 1
7.515 1
7.516 1
7.517 1
7.518 1
7.519 1
7.52 1
7.521 1
7.522 1
7.523 1
7.524 1
7.525 1
7.526 1
7.527 1
7.528 1
7.529 1
7.53 1
7.531 1
7.532 1
7.533 1
7.534 1
7.535 1
7.536 1
7.537 1
7.538 1
7.539 1
7.54 1
7.541 1
7.542 1
7.543 1
7.544 1
7.545 1
7.546 1
7.547 1
7.548 1
7.549 1
7.55 1
7.551 1
7.552 1
7.553 1
7.554 1
7.555 1
7.556 1
7.557 1
7.558 1
7.559 1
7.56 1
7.561 1
7.562 1
7.563 1
7.564 1
7.565 1
7.566 1
7.567 1
7.568 1
7.569 1
7.57 1
7.571 1
7.572 1
7.573 1
7.574 1
7.575 1
7.576 1
7.577 1
7.578 1
7.579 1
7.58 1
7.581 1
7.582 1
7.583 1
7.584 1
7.585 1
7.586 1
7.587 1
7.588 1
7.589 1
7.59 1
7.591 1
7.592 1
7.593 1
7.594 1
7.595 1
7.596 1
7.597 1
7.598 1
7.599 1
7.6 1
7.601 1
7.602 1
7.603 1
7.604 1
7.605 1
7.606 1
7.607 1
7.608 1
7.609 1
7.61 1
7.611 1
7.612 1
7.613 1
7.614 1
7.615 1
7.616 1
7.617 1
7.618 1
7.619 1
7.62 1
7.621 1
7.622 1
7.623 1
7.624 1
7.625 1
7.626 1
7.627 1
7.628 1
7.629 1
7.63 1
7.631 1
7.632 1
7.633 1
7.634 1
7.635 1
7.636 1
7.637 1
7.638 1
7.639 1
7.64 1
7.641 1
7.642 1
7.643 1
7.644 1
7.645 1
7.646 1
7.647 1
7.648 1
7.649 1
7.65 1
7.651 1
7.652 1
7.653 1
7.654 1
7.655 1
7.656 1
7.657 1
7.658 1
7.659 1
7.66 1
7.661 1
7.662 1
7.663 1
7.664 1
7.665 1
7.666 1
7.667 1
7.668 1
7.669 1
7.67 1
7.671 1
7.672 1
7.673 1
7.674 1
7.675 1
7.676 1
7.677 1
7.678 1
7.679 1
7.68 1
7.681 1
7.682 1
7.683 1
7.684 1
7.685 1
7.686 1
7.687 1
7.688 1
7.689 1
7.69 1
7.691 1
7.692 1
7.693 1
7.694 1
7.695 1
7.696 1
7.697 1
7.698 1
7.699 1
7.7 1
7.701 1
7.702 1
7.703 1
7.704 1
7.705 1
7.706 1
7.707 1
7.708 1
7.709 1
7.71 1
7.711 1
7.712 1
7.713 1
7.714 1
7.715 1
7.716 1
7.717 1
7.718 1
7.719 1
7.72 1
7.721 1
7.722 1
7.723 1
7.724 1
7.725 1
7.726 1
7.727 1
7.728 1
7.729 1
7.73 1
7.731 1
7.732 1
7.733 1
7.734 1
7.735 1
7.736 1
7.737 1
7.738 1
7.739 1
7.74 1
7.741 1
7.742 1
7.743 1
7.744 1
7.745 1
7.746 1
7.747 1
7.748 1
7.749 1
7.75 1
7.751 1
7.752 1
7.753 1
7.754 1
7.755 1
7.756 1
7.757 1
7.758 1
7.759 1
7.76 1
7.761 1
7.762 1
7.763 1
7.764 1
7.765 1
7.766 1
7.767 1
7.768 1
7.769 1
7.77 1
7.771 1
7.772 1
7.773 1
7.774 1
7.775 1
7.776 1
7.777 1
7.778 1
7.779 1
7.78 1
7.781 1
7.782 1
7.783 1
7.784 1
7.785 1
7.786 1
7.787 1
7.788 1
7.789 1
7.79 1
7.791 1
7.792 1
7.793 1
7.794 1
7.795 1
7.796 1
7.797 1
7.798 1
7.799 1
7.8 0
7.801 0
7.802 0
7.803 0
7.804 0
7.805 0
7.806 0
7.807 0
7.808 0
7.809 0
7.81 0
7.811 0
7.812 0
7.813 0
7.814 0
7.815 0
7.816 0
7.817 0
7.818 0
7.819 0
7.82 0
7.821 0
7.822 0
7.823 0
7.824 0
7.825 0
7.826 0
7.827 0
7.828 0
7.829 0
7.83 0
7.831 0
7.832 0
7.833 0
7.834 0
7.835 0
7.836 0
7.837 0
7.838 0
7.839 0
7.84 0
7.841 0
7.842 0
7.843 0
7.844 0
7.845 0
7.846 0
7.847 0
7.848 0
7.849 0
7.85 0
7.851 0
7.852 0
7.853 0
7.854 0
7.855 0
7.856 0
7.857 0
7.858 0
7.859 0
7.86 0
7.861 0
7.862 0
7.863 0
7.864 0
7.865 0
7.866 0
7.867 0
7.868 0
7.869 0
7.87 0
7.871 0
7.872 0
7.873 0
7.874 0
7.875 0
7.876 0
7.877 0
7.878 0
7.879 0
7.88 0
7.881 0
7.882 0
7.883 0
7.884 0
7.885 0
7.886 0
7.887 0
7.888 0
7.889 0
7.89 0
7.891 0
7.892 0
7.893 0
7.894 0
7.895 0
7.896 0
7.897 0
7.898 0
7.899 0
7.9 0
7.901 0
7.902 0
7.903 0
7.904 0
7.905 0
7.906 0
7.907 0
7.908 0
7.909 0
7.91 0
7.911 0
7.912 0
7.913 0
7.914 0
7.915 0
7.916 0
7.917 0
7.918 0
7.919 0
7.92 0
7.921 0
7.922 0
7.923 0
7.924 0
7.925 0
7.926 0
7.927 0
7.928 0
7.929 0
7.93 0
7.931 0
7.932 0
7.933 0
7.934 0
7.935 0
7.936 0
7.937 0
7.938 0
7.939 0
7.94 0
7.941 0
7.942 0
7.943 0
7.944 0
7.945 0
7.946 0
7.947 0
7.948 0
7.949 0
7.95 0
7.951 0
7.952 0
7.953 0
7.954 0
7.955 0
7.956 0
7.957 0
7.958 0
7.959 0
7.96 0
7.961 0
7.962 0
7.963 0
7.964 0
7.965 0
7.966 0
7.967 0
7.968 0
7.969 0
7.97 0
7.971 0
7.972 0
7.973 0
7.974 0
7.975 0
7.976 0
7.977 0
7.978 0
7.979 0
7.98 0
7.981 0
7.982 0
7.983 0
7.984 0
7.985 0
7.986 0
7.987 0
7.988 0
7.989 0
7.99 0
7.991 0
7.992 0
7.993 0
7.994 0
7.995 0
7.996 0
7.997 0
7.998 0
7.999 0
