0 38.9967
5 23.1112
10 28.9301
15 27.4059
20 22.5727
25 24.0684
30 24.3174
35 21.5626
40 21.3545
45 22.3675
50 20.661
55 19.3285
60 20.7084
65 19.8018
70 17.8074
75 19.0954
80 18.9212
85 16.8359
90 17.4438
95 17.9867
100 16.3436
105 15.8355
110 16.9967
115 16.1109
120 14.6752
125 15.998
130 15.9512
135 14.3982
140 15.1161
145 15.7748
150 14.6873
155 14.5368
160 15.5589
165 15.0399
170 14.3476
175 15.3155
180 15.272
185 14.4327
190 15.0702
195 15.3715
200 14.6171
205 14.8522
210 15.3673
215 14.8007
220 14.6854
225 15.2991
230 14.9537
235 14.5828
240 15.1973
245 15.082
250 14.5489
255 15.0831
260 15.1978
265 14.5824
270 14.9551
275 15.299
280 14.6859
285 14.8005
290 15.3683
295 14.8537
300 14.6163
305 15.3715
310 15.0708
315 14.431
320 15.2724
325 15.3149
330 14.3478
335 15.0392
340 15.5589
345 14.5366
350 14.687
355 15.7729
360 15.1168
365 14.3979
370 15.9517
375 15.9973
380 14.6747
385 16.1106
390 16.9967
395 15.8347
400 16.3424
405 17.9864
410 17.4438
415 16.8365
420 18.9214
425 19.0954
430 17.8079
435 19.8015
440 20.708
445 19.3287
450 20.6613
455 22.367
460 21.3543
465 21.5631
470 24.3175
475 24.0684
480 22.5724
485 27.406
490 28.9301
495 23.1112
