0.475427 0.514716
0.460483 0.531131
0.445062 0.547038
0.429216 0.562411
0.412938 0.577214
0.39625 0.59146
0.379151 0.605134
0.36167 0.618201
0.343791 0.63063
0.325599 0.642465
0.307078 0.65367
0.288241 0.664195
0.269115 0.674093
0.24971 0.683301
0.230054 0.69187
0.210178 0.699747
0.19006 0.706942
0.169754 0.713414
0.149274 0.719186
0.128635 0.72427
0.107887 0.728648
0.0869781 0.732263
0.0660128 0.735191
0.0449641 0.737357
0.0238777 0.738796
0.00274241 0.739523
-0.0184076 0.739533
-0.0395491 0.738791
-0.0606216 0.737365
-0.0816878 0.735192
-0.102656 0.732256
-0.12355 0.728649
-0.144305 0.724266
-0.164933 0.719209
-0.185394 0.713438
-0.205711 0.706917
-0.225845 0.699751
-0.245705 0.691899
-0.265374 0.683333
-0.284795 0.674119
-0.303947 0.664208
-0.322753 0.653688
-0.341298 0.64249
-0.359478 0.63065
-0.377324 0.618184
-0.394843 0.605135
-0.41194 0.591468
-0.428632 0.577235
-0.444924 0.562437
-0.460797 0.547032
-0.47621 0.531144
-0.491134 0.514731
-0.505625 0.497783
-0.519605 0.480374
-0.533092 0.462449
-0.546054 0.444117
-0.558479 0.425314
-0.570375 0.40611
-0.581703 0.386464
-0.592452 0.366442
-0.602592 0.34611
-0.612217 0.325436
-0.621207 0.304386
-0.629635 0.28306
-0.637424 0.261455
-0.644581 0.239595
-0.6511 0.2175
-0.656998 0.195179
-0.662289 0.172646
-0.666899 0.149985
-0.670835 0.127172
-0.67416 0.104219
-0.676791 0.0811771
-0.678785 0.0580372
-0.680114 0.0348839
-0.680794 0.0116116
-0.680772 -0.0116255
-0.68011 -0.034815
-0.678798 -0.0579984
-0.676799 -0.0811443
-0.674161 -0.104224
-0.670815 -0.127158
-0.666858 -0.149991
-0.662277 -0.172625
-0.657003 -0.195175
-0.651101 -0.217495
-0.644591 -0.239547
-0.637423 -0.26142
-0.629617 -0.283062
-0.621214 -0.304391
-0.612215 -0.325383
-0.602627 -0.346095
-0.592439 -0.366438
-0.581682 -0.386453
-0.570362 -0.406044
-0.55847 -0.425294
-0.546041 -0.444069
-0.533092 -0.462437
-0.519606 -0.480356
-0.505628 -0.497771
-0.491166 -0.51472
-0.4762 -0.531168
-0.460765 -0.547056
-0.444943 -0.562392
-0.428659 -0.577215
-0.411919 -0.591472
-0.394843 -0.605125
-0.377369 -0.61816
-0.359482 -0.630661
-0.341298 -0.642477
-0.322763 -0.653682
-0.30394 -0.664211
-0.284795 -0.674103
-0.265383 -0.683305
-0.245751 -0.691869
-0.225833 -0.69976
-0.205762 -0.70694
-0.185439 -0.713425
-0.164954 -0.719171
-0.144329 -0.724276
-0.123611 -0.728611
-0.102696 -0.73227
-0.0816809 -0.735174
-0.0606675 -0.737346
-0.0395656 -0.738785
-0.0184519 -0.739528
0.0027009 -0.739558
0.0238557 -0.738806
0.0449581 -0.737347
0.0659971 -0.735178
0.0869836 -0.732293
0.107821 -0.728633
0.128614 -0.724259
0.14928 -0.719213
0.169737 -0.713437
0.190019 -0.706936
0.210145 -0.699762
0.230033 -0.691886
0.249684 -0.68335
0.269064 -0.674091
0.288213 -0.664191
0.307046 -0.653654
0.325571 -0.642495
0.343817 -0.630679
0.361641 -0.61818
0.379109 -0.605119
0.396223 -0.591506
0.412934 -0.577265
0.429183 -0.562452
0.445039 -0.547075
0.460523 -0.531137
0.47543 -0.514739
0.489916 -0.497788
0.503883 -0.480346
0.517377 -0.462484
0.530339 -0.444126
0.542752 -0.425344
0.554617 -0.40609
0.565961 -0.386468
0.576747 -0.366475
0.586932 -0.346105
0.596529 -0.325386
0.605516 -0.30437
0.613939 -0.283049
0.62175 -0.261419
0.628897 -0.239575
0.635362 -0.21752
0.641277 -0.19519
0.646518 -0.172704
0.651192 -0.149958
0.655155 -0.127149
0.658436 -0.104255
0.661091 -0.0811893
0.663087 -0.0580454
0.664414 -0.0348498
0.665067 -0.0116403
0.665061 0.0116361
0.664399 0.0348708
0.663107 0.0580076
0.661082 0.0811364
0.658451 0.1042
0.655133 0.127153
0.651192 0.149968
0.646571 0.172697
0.641304 0.195164
0.635434 0.217474
0.628873 0.239617
0.621721 0.261427
0.613943 0.283022
0.605553 0.30432
0.596531 0.325367
0.586962 0.346127
0.576762 0.366439
0.565995 0.386443
0.554656 0.406093
0.542809 0.425259
0.53035 0.444081
0.517392 0.46244
0.503922 0.48035
0.489943 0.497802
0.475476 0.514683
0.460539 0.531141
0.445121 0.547051
0.42924 0.562417
0.412914 0.577249
0.396229 0.591468
0.37914 0.605117
0.361685 0.618176
0.34382 0.630655
0.32563 0.642461
0.307111 0.653655
0.288213 0.664249
0.269116 0.674113
0.249688 0.683338
0.230079 0.691889
0.210192 0.699744
0.190047 0.706949
0.169753 0.713434
0.149246 0.719183
0.128656 0.72426
0.107882 0.7286
0.0869563 0.732239
0.0660278 0.735165
0.0449785 0.737354
0.0238536 0.738845
0.00273153 0.739558
-0.0184152 0.739561
-0.0395427 0.73881
-0.0606574 0.737355
-0.0816761 0.735176
-0.10265 0.732258
-0.123575 0.72862
-0.144306 0.724261
-0.164928 0.719188
-0.185378 0.713421
-0.20571 0.706938
-0.225811 0.699775
-0.245709 0.691918
-0.265434 0.683327
-0.284797 0.674112
-0.303945 0.664203
-0.322787 0.653663
-0.34124 0.642472
-0.359487 0.630657
-0.37731 0.618214
-0.394864 0.60511
-0.411926 0.591489
-0.428612 0.577256
-0.444941 0.562444
-0.460771 0.547065
-0.476186 0.531153
-0.491101 0.514767
-0.505636 0.497812
-0.5196 0.480369
-0.533111 0.462438
-0.54606 0.444077
-0.558449 0.425319
-0.570332 0.406096
-0.581646 0.3865
-0.59243 0.366469
-0.60261 0.346084
-0.612205 0.325403
-0.621243 0.304342
-0.629597 0.283054
-0.637393 0.261491
-0.644572 0.239604
-0.651103 0.217478
-0.657031 0.195149
-0.662241 0.172676
-0.666862 0.149999
-0.670823 0.1272
-0.674137 0.104262
-0.676793 0.0811755
-0.678796 0.0580294
-0.680094 0.0348657
-0.680769 0.0116375
-0.68077 -0.0115752
-0.680095 -0.0348468
-0.6788 -0.0580161
-0.676798 -0.0811325
-0.674145 -0.104197
-0.670833 -0.127138
-0.666862 -0.149999
-0.662252 -0.172626
-0.657025 -0.195172
-0.651115 -0.217433
-0.644584 -0.239567
-0.637412 -0.261437
-0.629612 -0.283013
-0.621227 -0.304377
-0.612206 -0.325397
-0.602613 -0.346074
-0.592454 -0.366423
-0.581698 -0.386415
-0.570345 -0.406074
-0.558459 -0.425307
-0.546044 -0.444099
-0.533139 -0.462397
-0.519637 -0.480317
-0.505643 -0.497802
-0.491138 -0.514733
-0.476167 -0.531179
-0.460808 -0.547031
-0.444992 -0.562398
-0.428656 -0.577215
-0.411968 -0.591456
-0.394846 -0.605124
-0.377339 -0.6182
-0.359522 -0.63064
-0.341274 -0.64245
-0.322843 -0.653644
-0.303955 -0.664191
-0.284805 -0.674112
-0.265452 -0.683319
-0.245747 -0.691912
-0.225855 -0.699767
-0.205727 -0.706932
-0.185431 -0.713396
-0.164909 -0.719182
-0.144323 -0.724264
-0.123599 -0.728615
-0.102669 -0.732267
-0.0817321 -0.735177
-0.060629 -0.737349
-0.0395673 -0.738806
-0.0184165 -0.739563
0.00271159 -0.739556
0.0238377 -0.738845
0.0449778 -0.737345
0.0660274 -0.735154
0.0869579 -0.732264
0.107883 -0.728611
0.128672 -0.724252
0.14917 -0.719215
0.169719 -0.713461
0.189988 -0.706967
0.210139 -0.699776
0.229981 -0.691929
0.249635 -0.683378
0.269161 -0.674087
0.288225 -0.664207
0.307112 -0.653668
0.325645 -0.642434
0.343792 -0.630667
0.361674 -0.618179
0.379113 -0.605138
0.396222 -0.591455
0.412891 -0.577306
0.4292 -0.562442
0.445075 -0.54708
0.460471 -0.531214
0.475403 -0.514748
0.489973 -0.497753
0.503933 -0.480359
0.517396 -0.462416
0.530373 -0.444046
0.54279 -0.425297
0.554608 -0.40615
0.565974 -0.386494
0.576756 -0.36644
0.586948 -0.346185
0.596526 -0.325424
0.605549 -0.304371
0.613895 -0.283103
0.621696 -0.261497
0.628855 -0.239632
0.635419 -0.217413
0.641331 -0.195121
0.646578 -0.172707
0.651203 -0.149985
0.655133 -0.127236
0.658428 -0.104262
0.661083 -0.0811437
0.663098 -0.0580276
0.664394 -0.034876
0.665078 -0.0116474
0.665072 0.0116301
0.664411 0.0347845
0.663137 0.0579141
0.661094 0.0810938
0.658453 0.104194
0.655196 0.127155
0.651159 0.149975
0.64652 0.172689
0.641281 0.195139
0.63538 0.217459
0.628891 0.239603
0.621745 0.261392
0.613924 0.283007
0.605501 0.304365
0.596543 0.325357
0.586979 0.34602
0.576795 0.366416
0.565991 0.386413
0.554644 0.406061
0.542749 0.425341
0.530318 0.444136
0.517389 0.462459
0.503894 0.480334
0.489918 0.497783
0.475402 0.514739
0.46057 0.531074
0.445097 0.547025
0.429224 0.562406
0.413022 0.577235
0.3963 0.591445
0.379163 0.605088
0.36165 0.618154
0.343798 0.630654
0.325563 0.642512
0.30701 0.653666
0.288218 0.664192
0.269069 0.674084
0.249714 0.68335
0.230114 0.691863
0.210191 0.699753
0.19007 0.706914
0.16976 0.713422
0.149343 0.719196
0.128685 0.724236
0.107858 0.728631
0.0870488 0.732296
0.0659713 0.735154
0.0449214 0.737334
0.0239157 0.738835
0.00275982 0.739581
-0.0184081 0.73954
-0.0395651 0.738813
-0.0605969 0.737381
-0.0816671 0.735164
-0.102668 0.73223
-0.123524 0.728627
-0.144285 0.724283
-0.164899 0.719143
-0.185435 0.71339
-0.205797 0.706907
-0.225821 0.699771
-0.24574 0.691878
-0.265345 0.683345
-0.284778 0.674127
-0.303916 0.664205
-0.322728 0.653736
-0.341262 0.642488
-0.359482 0.630651
-0.377344 0.618144
-0.39481 0.60512
-0.411872 0.591525
-0.428572 0.577259
-0.444862 0.5625
-0.460766 0.547068
-0.476201 0.531162
-0.491141 0.514773
-0.505616 0.497785
-0.519603 0.480333
-0.533067 0.462406
-0.546042 0.444108
-0.558443 0.425282
-0.570337 0.406026
-0.58166 0.386556
-0.592391 0.366524
-0.602605 0.346135
-0.612157 0.325417
-0.621174 0.304477
-0.629626 0.28304
-0.637406 0.261396
-0.644589 0.239571
-0.651092 0.21748
-0.656986 0.19512
-0.662267 0.172643
-0.666876 0.150065
-0.670783 0.127207
-0.674171 0.104236
-0.676814 0.0812192
-0.678801 0.0580536
-0.680089 0.034843
-0.680785 0.0117173
-0.680786 -0.01154
-0.680103 -0.0349204
-0.67881 -0.0580236
-0.676778 -0.081177
-0.674122 -0.104238
-0.670816 -0.127137
-0.666919 -0.149921
-0.662323 -0.172606
-0.656988 -0.195152
-0.651137 -0.217431
-0.644599 -0.23953
-0.637429 -0.261407
-0.629601 -0.283038
-0.621228 -0.304317
-0.612219 -0.325384
-0.602534 -0.346152
-0.59253 -0.366407
-0.581723 -0.386453
-0.570364 -0.406103
-0.558519 -0.425283
-0.54607 -0.44408
-0.533116 -0.462434
-0.519574 -0.480349
-0.505645 -0.497762
-0.491147 -0.514734
-0.476186 -0.531102
-0.460822 -0.546993
-0.445012 -0.56239
-0.428687 -0.577186
-0.411916 -0.591475
-0.394885 -0.605138
-0.377314 -0.618178
-0.359477 -0.630645
-0.341342 -0.642488
-0.32275 -0.653675
-0.30393 -0.664197
-0.284805 -0.6741
-0.265385 -0.683309
-0.245764 -0.6919
-0.22588 -0.699739
-0.205783 -0.706926
-0.185448 -0.713434
-0.164921 -0.719203
-0.144333 -0.724269
-0.123568 -0.728665
-0.102644 -0.732239
-0.0817321 -0.735213
-0.0606344 -0.737365
-0.0395374 -0.738762
-0.01839 -0.739503
0.00265648 -0.73957
0.0238244 -0.73883
0.0449314 -0.737374
0.0659452 -0.735245
0.0869227 -0.732312
0.107838 -0.728686
0.128665 -0.724222
0.149278 -0.71918
0.169759 -0.713395
0.190087 -0.706889
0.210169 -0.699762
0.230015 -0.691928
0.249688 -0.683342
0.269105 -0.674104
0.288212 -0.664262
0.307057 -0.653716
0.325584 -0.642495
0.343767 -0.630705
0.361653 -0.618252
0.379138 -0.605179
0.396253 -0.591445
0.412947 -0.577177
0.429221 -0.562375
0.445062 -0.547043
0.460481 -0.531205
0.475431 -0.514784
-0.00786055 -4.9275e-05
