0 38.9953
5 23.1527
10 28.9041
15 27.3448
20 22.7815
25 23.9239
30 24.4576
35 21.299
40 21.3372
45 22.5589
50 20.5054
55 18.9737
60 20.6418
65 20.0555
70 18.2459
75 19.3396
80 18.856
85 16.4638
90 17.1102
95 17.618
100 15.9255
105 15.4016
110 16.7877
115 16.0493
120 14.5886
125 15.9636
130 16.0256
135 14.5277
140 15.1855
145 15.8773
150 14.8385
155 14.6559
160 15.661
165 15.1656
170 14.4765
175 15.413
180 15.3757
185 14.551
190 15.1643
195 15.4615
200 14.7213
205 14.9447
210 15.4498
215 14.8937
220 14.7771
225 15.3784
230 15.0392
235 14.6744
240 15.2763
245 15.163
250 14.6404
255 15.1641
260 15.2768
265 14.6739
270 15.0406
275 15.3783
280 14.7777
285 14.8935
290 15.4508
295 14.9461
300 14.7205
305 15.4615
310 15.1649
315 14.5494
320 15.3761
325 15.4124
330 14.4767
335 15.1649
340 15.661
345 14.6557
350 14.8382
355 15.8755
360 15.1863
365 14.5274
370 16.0262
375 15.9629
380 14.5881
385 16.049
390 16.7877
395 15.4007
400 15.9242
405 17.6177
410 17.1101
415 16.4645
420 18.8562
425 19.3395
430 18.2463
435 20.0552
440 20.6414
445 18.9739
450 20.5057
455 22.5584
460 21.337
465 21.2996
470 24.4577
475 23.9239
480 22.7812
485 27.3448
490 28.9042
495 23.1527
