0 43.1128
5 33.6509
10 32.2559
15 30.6827
20 28.193
25 27.8655
30 27.738
35 26.0569
40 25.6481
45 25.905
50 24.8109
55 23.9536
60 24.3609
65 23.969
70 23.0712
75 23.1933
80 22.9629
85 22.0095
90 21.9132
95 22.0791
100 21.4351
105 21.0965
110 21.4338
115 21.1068
120 20.5873
125 20.8605
130 20.8132
135 20.2793
140 20.3717
145 20.5335
150 20.1154
155 20.0101
160 20.2712
165 20.0273
170 19.7818
175 20.0327
180 19.9596
185 19.659
190 19.8253
195 19.8888
200 19.6032
205 19.6578
210 19.8098
215 19.5858
220 19.5364
225 19.732
230 19.5915
235 19.4634
240 19.6649
245 19.6175
250 19.4394
255 19.6184
260 19.6653
265 19.4628
270 19.5928
275 19.732
280 19.5367
285 19.5857
290 19.8107
295 19.659
300 19.6026
305 19.8889
310 19.8257
315 19.6577
320 19.9599
325 20.0322
330 19.782
335 20.0266
340 20.2711
345 20.0098
350 20.1151
355 20.5319
360 20.3722
365 20.2791
370 20.8137
375 20.8598
380 20.5871
385 21.1065
390 21.4338
395 21.0958
400 21.4343
405 22.0789
410 21.9133
415 22.0101
420 22.963
425 23.1934
430 23.0715
435 23.9688
440 24.3606
445 23.9537
450 24.8111
455 25.9044
460 25.6479
465 26.0573
470 27.7382
475 27.8655
480 28.1929
485 30.6827
490 32.2559
495 33.6508
