0 15.146
0.002 15.146
0.004 15.6112
0.006 16.5174
0.008 18.2221
0.01 22.3952
0.012 22.5258
0.014 17.2157
0.016 14.6323
0.018 12.8506
0.02 11.4667
0.022 10.3242
0.024 9.34579
0.026 8.48704
0.028 7.71997
0.03 7.02577
0.032 6.39105
0.034 5.80597
0.036 5.26314
0.038 4.75658
0.04 4.28163
0.042 3.8348
0.044 3.41272
0.046 3.01272
0.048 2.63296
0.05 2.27124
0.052 1.926
0.054 1.59631
0.056 1.28063
0.058 0.977147
0.06 0.685938
0.062 0.405814
0.064 0.135919
0.066 -0.124111
0.068 -0.374986
0.07 -0.617296
0.072 -0.851828
0.074 -1.07859
0.076 -1.29859
0.078 -1.51138
0.08 -1.71818
0.082 -1.91962
0.084 -2.11341
0.086 -2.30218
0.088 -2.48647
0.09 -2.66541
0.092 -2.83931
0.094 -3.00958
0.096 -3.17497
0.098 -3.33549
0.1 -3.49244
0.102 -3.64599
0.104 -3.79549
0.106 -3.94183
0.108 -4.08323
0.11 -4.2228
0.112 -4.3572
0.114 -4.49094
0.116 -4.6205
0.118 -4.748
0.12 -4.87223
0.122 -4.99395
0.124 -5.11221
0.126 -5.22682
0.128 -5.34373
0.13 -5.45527
0.132 -5.56345
0.134 -5.67007
0.136 -5.77652
0.138 -5.87853
0.14 -5.98111
0.142 -6.0794
0.144 -6.17725
0.146 -6.27159
0.148 -6.36461
0.15 -6.452
0.152 -6.55198
0.154 -6.63431
0.156 -6.71999
0.158 -6.80595
0.16 -6.89393
0.162 -6.97355
0.164 -7.04882
0.166 -7.13773
0.168 -7.21437
0.17 -7.28848
0.172 -7.36399
0.174 -7.43563
0.176 -7.50875
0.178 -7.5802
0.18 -7.65421
0.182 -7.72155
0.184 -7.79766
0.186 -7.85868
0.188 -7.91224
0.19 -7.99622
0.192 -8.05697
0.194 -8.12008
0.196 -8.17609
0.198 -8.23999
0.2 -8.30243
0.202 -8.3605
0.204 -8.4164
0.206 -8.47667
0.208 -8.53141
0.21 -8.58317
0.212 -8.63631
0.214 -8.69534
0.216 -8.74837
0.218 -8.80297
0.22 -8.83389
0.222 -8.90749
0.224 -8.9496
0.226 -9.00236
0.228 -9.0599
0.23 -9.09728
0.232 -9.13961
0.234 -9.18158
0.236 -9.23714
0.238 -9.28382
0.24 -9.32784
0.242 -9.37586
0.244 -9.41052
0.246 -9.43969
0.248 -9.50477
0.25 -9.54663
0.252 -9.57642
0.254 -9.62065
0.256 -9.66165
0.258 -9.70315
0.26 -9.74347
0.262 -9.77029
0.264 -9.81718
0.266 -9.83852
0.268 -9.88824
0.27 -9.9341
0.272 -9.97124
0.274 -10.0008
0.276 -10.0335
0.278 -10.0588
0.28 -10.1073
0.282 -10.1258
0.284 -10.1717
0.286 -10.2067
0.288 -10.2334
0.29 -10.2645
0.292 -10.303
0.294 -10.3312
0.296 -10.3665
0.298 -10.3784
0.3 -10.4297
0.302 -10.4537
0.304 -10.4915
0.306 -10.4928
0.308 -10.538
0.31 -10.5788
0.312 -10.5952
0.314 -10.5736
0.316 -10.6931
0.318 -10.6698
0.32 -10.7021
0.322 -10.7255
0.324 -10.7548
0.326 -10.7922
0.328 -10.8014
0.33 -10.7977
0.332 -10.8472
0.334 -10.8729
0.336 -10.8859
0.338 -10.9253
0.34 -10.9358
0.342 -10.9617
0.344 -10.9887
0.346 -10.9957
0.348 -11.0487
0.35 -11.0398
0.352 -11.077
0.354 -11.0986
0.356 -11.1035
0.358 -11.1422
0.36 -11.1632
0.362 -11.1821
0.364 -11.1915
0.366 -11.2411
0.368 -11.2239
0.37 -11.2396
0.372 -11.3156
0.374 -11.2968
0.376 -11.2848
0.378 -11.3558
0.38 -11.3316
0.382 -11.3602
0.384 -11.3564
0.386 -11.3847
0.388 -11.4108
0.39 -11.4099
0.392 -11.4632
0.394 -11.4572
0.396 -11.4706
0.398 -11.5215
0.4 -11.5009
0.402 -11.5302
0.404 -11.5338
0.406 -11.5231
0.408 -11.5266
0.41 -11.551
0.412 -11.6266
0.414 -11.5974
0.416 -11.6118
0.418 -11.6168
0.42 -11.6234
0.422 -11.6417
0.424 -11.6587
0.426 -11.6624
0.428 -11.7176
0.43 -11.6921
0.432 -11.7471
0.434 -11.7679
0.436 -11.7205
0.438 -11.7656
0.44 -11.7796
0.442 -11.7819
0.444 -11.7755
0.446 -11.8022
0.448 -11.8
0.45 -11.8229
0.452 -11.816
0.454 -11.8238
0.456 -11.8169
0.458 -11.8306
0.46 -11.7827
0.462 -11.8479
0.464 -11.9113
0.466 -11.772
0.468 -11.8804
0.47 -11.7756
0.472 -11.8905
0.474 -11.8901
0.476 -11.8938
0.478 -11.9081
0.48 -11.9202
0.482 -11.8587
0.484 -11.9229
0.486 -11.9381
0.488 -11.9476
0.49 -11.9481
0.492 -11.9459
0.494 -11.9578
0.496 -11.8808
0.498 -11.9671
0.5 -11.985
0.502 -11.9402
0.504 -11.9752
0.506 -11.9907
0.508 -11.9913
0.51 -11.9841
0.512 -12.0094
0.514 -11.9619
0.516 -12.0123
0.518 -11.9382
0.52 -12.0086
0.522 -12.0217
0.524 -12.0288
0.526 -12.0344
0.528 -12.0158
0.53 -12.05
0.532 -12.0013
0.534 -12.0215
0.536 -11.9857
0.538 -12.0127
0.54 -12.0634
0.542 -12.0491
0.544 -12.0267
0.546 -12.0298
0.548 -12.0053
0.55 -12.0424
0.552 -12.0195
0.554 -12.0372
0.556 -12.035
0.558 -12.0518
0.56 -12.0501
0.562 -12.0376
0.564 -12.0289
0.566 -12.0425
0.568 -12.0246
0.57 -12.0197
0.572 -12.0307
0.574 -12.0182
0.576 -12.0164
0.578 -12.0255
0.58 -12.0496
0.582 -12.0043
0.584 -12.0238
0.586 -12.0042
0.588 -12.0236
0.59 -12.0092
0.592 -12.0577
0.594 -12.0073
0.596 -12.014
0.598 -11.9955
0.6 -11.9889
0.602 -11.9942
0.604 -12.0027
0.606 -11.9539
0.608 -11.972
0.61 -11.9433
0.612 -11.9629
0.614 -11.9244
0.616 -11.9514
0.618 -11.9402
0.62 -11.9735
0.622 -11.9326
0.624 -11.942
0.626 -11.9231
0.628 -11.9261
0.63 -11.9263
0.632 -11.8981
0.634 -11.8872
0.636 -11.8298
0.638 -11.8741
0.64 -11.8625
0.642 -11.8358
0.644 -11.8701
0.646 -11.836
0.648 -11.8489
0.65 -11.8069
0.652 -11.803
0.654 -11.8389
0.656 -11.7986
0.658 -11.7765
0.66 -11.8417
0.662 -11.7724
0.664 -11.7802
0.666 -11.6881
0.668 -11.7316
0.67 -11.7462
0.672 -11.739
0.674 -11.6936
0.676 -11.6836
0.678 -11.7058
0.68 -11.6578
0.682 -11.6238
0.684 -11.6379
0.686 -11.6739
0.688 -11.6573
0.69 -11.6204
0.692 -11.5798
0.694 -11.5717
0.696 -11.5493
0.698 -11.5274
0.7 -11.5196
0.702 -11.5288
0.704 -11.5081
0.706 -11.4746
0.708 -11.4874
0.71 -11.4547
0.712 -11.4714
0.714 -11.4355
0.716 -11.3431
0.718 -11.4114
0.72 -11.3984
0.722 -11.4397
0.724 -11.3492
0.726 -11.3462
0.728 -11.3156
0.73 -11.2981
0.732 -11.3251
0.734 -11.2436
0.736 -11.2705
0.738 -11.2332
0.74 -11.2545
0.742 -11.2011
0.744 -11.2123
0.746 -11.1428
0.748 -11.1673
0.75 -11.1386
0.752 -11.0864
0.754 -11.0877
0.756 -11.0336
0.758 -11.0203
0.76 -10.9646
0.762 -10.9337
0.764 -10.9539
0.766 -10.809
0.768 -10.9312
0.77 -10.9294
0.772 -10.853
0.774 -10.8797
0.776 -10.8316
0.778 -10.8882
0.78 -10.7905
0.782 -10.7562
0.784 -10.7068
0.786 -10.6944
0.788 -10.6689
0.79 -10.6716
0.792 -10.6384
0.794 -10.592
0.796 -10.573
0.798 -10.537
0.8 -10.503
0.802 -10.4741
0.804 -10.4837
0.806 -10.4014
0.808 -10.3916
0.81 -10.349
0.812 -10.335
0.814 -10.3132
0.816 -10.2138
0.818 -10.2601
0.82 -10.1886
0.822 -10.1118
0.824 -10.0585
0.826 -10.0963
0.828 -10.1381
0.83 -10.0494
0.832 -10.0158
0.834 -9.96685
0.836 -9.912
0.838 -9.91459
0.84 -9.83195
0.842 -9.79874
0.844 -9.80311
0.846 -9.71172
0.848 -9.72978
0.85 -9.66452
0.852 -9.60978
0.854 -9.59747
0.856 -9.50643
0.858 -9.41343
0.86 -9.45907
0.862 -9.44947
0.864 -9.35913
0.866 -9.33285
0.868 -9.24613
0.87 -9.25711
0.872 -9.19071
0.874 -9.14631
0.876 -9.09875
0.878 -9.0612
0.88 -8.99786
0.882 -8.96017
0.884 -8.89741
0.886 -8.86318
0.888 -8.8247
0.89 -8.74458
0.892 -8.70187
0.894 -8.6383
0.896 -8.57167
0.898 -8.53514
0.9 -8.49096
0.902 -8.41675
0.904 -8.35687
0.906 -8.30171
0.908 -8.25658
0.91 -8.17166
0.912 -8.12086
0.914 -8.06172
0.916 -8.04173
0.918 -7.94043
0.92 -7.86546
0.922 -7.80301
0.924 -7.70875
0.926 -7.66071
0.928 -7.5903
0.93 -7.52197
0.932 -7.43297
0.934 -7.36359
0.936 -7.29029
0.938 -7.27457
0.94 -7.12005
0.942 -7.05082
0.944 -6.96457
0.946 -6.87926
0.948 -6.81365
0.95 -6.72026
0.952 -6.65971
0.954 -6.54864
0.956 -6.45728
0.958 -6.37184
0.96 -6.27309
0.962 -6.17111
0.964 -6.0629
0.966 -5.99227
0.968 -5.87871
0.97 -5.79685
0.972 -5.66487
0.974 -5.57881
0.976 -5.45784
0.978 -5.34993
0.98 -5.24204
0.982 -5.10333
0.984 -5.00455
0.986 -4.82313
0.988 -4.75318
0.99 -4.62315
0.992 -4.48867
0.994 -4.35226
0.996 -4.21172
0.998 -4.08551
1 -3.94608
1.002 -3.79363
1.004 -3.6457
1.006 -3.47662
1.008 -3.34729
1.01 -3.17513
1.012 -3.01059
1.014 -2.84528
1.016 -2.66891
1.018 -2.46443
1.02 -2.3049
1.022 -2.12325
1.024 -1.92214
1.026 -1.71972
1.028 -1.49874
1.03 -1.30019
1.032 -1.08334
1.034 -0.848728
1.036 -0.621163
1.038 -0.37164
1.04 -0.112929
1.042 0.136129
1.044 0.402898
1.046 0.684988
1.048 0.977078
1.05 1.28107
1.052 1.59569
1.054 1.92726
1.056 2.26976
1.058 2.63223
1.06 3.01129
1.062 3.4154
1.064 3.83476
1.066 4.28259
1.068 4.75636
1.07 5.26431
1.072 5.80621
1.074 6.39071
1.076 7.02478
1.078 7.71992
1.08 8.48714
1.082 9.34559
1.084 10.324
1.086 11.4667
1.088 12.8506
1.09 14.6322
1.092 17.2158
1.094 22.5258
1.096 22.3952
1.098 18.2221
1.1 16.5177
1.102 15.6112
1.104 15.146
