0 49.3544
1.80832 49.3544
3.61664 44.9424
5.42495 41.4117
7.23327 43.3001
9.04159 41.7634
10.8499 39.4953
12.6582 36.46
14.4665 41.7689
16.2749 38.4192
18.0832 38.7861
19.8915 34.6999
21.6998 36.3727
23.5081 35.664
25.3165 29.8983
27.1248 30.7984
28.9331 37.3032
30.7414 32.8215
32.5497 33.8631
34.358 35.7467
36.1664 32.7989
37.9747 30.4952
39.783 33.6694
41.5913 33.7324
43.3996 27.6576
45.208 32.3353
47.0163 33.2162
48.8246 33.9514
50.6329 29.6121
52.4412 32.6697
54.2495 32.8456
56.0579 32.4669
57.8662 29.4477
59.6745 31.631
61.4828 29.3238
63.2911 30.7193
65.0995 31.7929
66.9078 31.0467
68.7161 27.4564
70.5244 32.882
72.3327 31.5857
74.1411 31.2201
75.9494 30.1024
77.7577 29.4685
79.566 30.1268
81.3743 29.8725
83.1826 28.4199
84.991 30.8445
86.7993 30.7374
88.6076 30.7677
90.4159 31.2861
92.2242 29.129
94.0325 28.1373
95.8409 29.2155
97.6492 28.2665
99.4575 27.7415
101.266 29.3081
103.074 29.2921
104.882 30.9431
106.691 29.068
108.499 28.8677
110.307 29.1605
112.116 29.4722
113.924 28.2731
115.732 27.9538
117.541 27.3885
119.349 29.6169
121.157 29.1974
122.966 28.4912
124.774 28.2049
126.582 28.9661
128.391 28.7386
130.199 28.5662
132.007 28.2489
133.816 27.0049
135.624 27.9513
137.432 27.9869
139.241 27.5419
141.049 27.7247
142.857 28.1114
144.665 28.4059
146.474 29.1072
148.282 26.4974
150.09 27.0682
151.899 27.4456
153.707 27.4191
155.515 26.5275
157.324 24.8493
159.132 27.5092
160.94 28.9435
162.749 27.664
164.557 27.2401
166.365 27.2583
168.174 26.9509
169.982 26.9797
171.79 26.6444
173.599 25.8661
175.407 27.2652
177.215 27.3959
179.024 27.2156
180.832 27.1344
182.64 26.4527
184.448 26.991
186.257 27.1011
188.065 26.8036
189.873 25.8536
191.682 25.676
193.49 23.4135
195.298 26.9053
197.107 26.1479
198.915 26.3882
200.723 26.8109
202.532 27.5582
204.34 25.8528
206.148 25.7809
207.957 25.9624
209.765 25.9916
211.573 26.0844
213.382 25.7902
215.19 25.6973
216.998 27.0653
218.807 26.6778
220.615 26.3124
222.423 26.1157
224.231 25.1532
226.04 26.1334
227.848 26.0668
229.656 25.5714
231.465 22.8277
233.273 26.0327
235.081 26.4531
236.89 26.4824
238.698 25.0136
240.506 25.5936
242.315 25.9642
244.123 25.8331
245.931 24.5337
247.74 25.1211
249.548 25.5202
251.356 26.0441
253.165 25.5352
254.973 25.2912
256.781 25.5193
258.59 26.1084
260.398 25.535
262.206 25.0928
264.014 24.8406
265.823 24.8396
267.631 25.6031
269.439 25.2264
271.248 24.7043
273.056 25.3156
274.864 23.3521
276.673 25.9176
278.481 25.5246
280.289 24.001
282.098 25.2638
283.906 25.3816
285.714 24.7693
287.523 24.5648
289.331 25.2947
291.139 25.6105
292.948 25.9072
294.756 24.7467
296.564 24.8173
298.373 25.1541
300.181 25.1039
301.989 24.773
303.797 24.6163
305.606 24.7976
307.414 25.6046
309.222 25.8016
311.031 23.9125
312.839 24.3518
314.647 24.7874
316.456 25.1702
318.264 24.7628
320.072 24.1673
321.881 24.4953
323.689 25.3782
325.497 25.0583
327.306 24.4889
329.114 24.476
330.922 25.1339
332.731 25.2391
334.539 25.0981
336.347 23.7823
338.156 24.4525
339.964 24.77
341.772 24.541
343.58 24.427
345.389 24.4571
347.197 24.7721
349.005 25.3608
350.814 24.8439
352.622 24.2825
354.43 24.3152
356.239 24.4257
358.047 24.8231
359.855 24.2932
361.664 23.9369
363.472 24.6728
365.28 25.2191
367.089 24.7352
368.897 24.2721
370.705 24.1708
372.514 24.9161
374.322 21.801
376.13 24.2856
377.939 23.8863
379.747 25.061
381.555 22.9364
383.363 24.1964
385.172 24.0222
386.98 24.2982
388.788 24.6272
390.597 24.8335
392.405 24.0698
394.213 23.8591
396.022 24.1586
397.83 24.3803
399.638 24.5331
401.447 24.003
403.255 24.0491
405.063 24.8426
406.872 24.8936
408.68 24.1849
410.488 23.8401
412.297 23.9688
414.105 24.6897
415.913 24.2786
417.722 23.7073
419.53 24.1237
421.338 24.8701
423.146 24.6932
424.955 24.3362
426.763 23.9799
428.571 24.8649
430.38 24.093
432.188 24.1936
433.996 23.6351
435.805 23.9453
437.613 24.3242
439.421 24.5641
441.23 24.3103
443.038 23.941
444.846 24.3128
446.655 25.0525
448.463 23.3279
450.271 23.3478
452.08 23.4467
453.888 24.0764
455.696 24.4635
457.505 23.874
459.313 23.5288
461.121 24.253
462.929 24.7137
464.738 24.2411
466.546 23.7837
468.354 23.6212
470.163 24.2601
471.971 24.2267
473.779 23.828
475.588 23.6503
477.396 24.2462
479.204 24.4253
481.013 24.4365
482.821 23.8114
484.629 23.6688
486.438 24.0334
488.246 23.9592
490.054 24.5713
491.863 23.7675
493.671 24.0137
495.479 24.6454
497.288 24.5294
499.096 23.8244
500.904 23.8249
502.712 24.5298
504.521 24.635
506.329 24.0141
508.137 23.7653
509.946 24.5702
511.754 23.9604
513.562 24.035
515.371 23.6699
517.179 23.811
518.987 24.4348
520.796 24.4264
522.604 24.2459
524.412 23.6495
526.221 23.8264
528.029 24.2243
529.837 24.2585
531.646 23.6214
533.454 23.7833
535.262 24.2459
537.07 24.7156
538.879 24.2495
540.687 23.5278
542.495 23.8657
544.304 24.4646
546.112 24.0725
547.92 23.4494
549.729 23.3493
551.537 23.332
553.345 25.0546
555.154 24.3012
556.962 23.9437
558.77 24.2981
560.579 24.5673
562.387 24.3319
564.195 23.948
566.004 23.6457
567.812 24.1914
569.62 24.0975
571.429 24.8627
573.237 23.9807
575.045 24.3363
576.854 24.6923
578.662 24.8713
580.47 24.1216
582.279 23.7124
584.087 24.2727
585.895 24.6895
587.703 23.9676
589.512 23.8354
591.32 24.1856
593.128 24.892
594.937 24.8439
596.745 24.036
598.553 24.0089
600.362 24.5355
602.17 24.3679
603.978 24.1589
605.787 23.864
607.595 24.0678
609.403 24.8321
611.212 24.6269
613.02 24.3071
614.828 24.0193
616.637 24.1947
618.445 22.9312
620.253 25.0592
622.061 23.8871
623.87 24.2841
625.678 21.7961
627.486 24.9113
629.295 24.1689
631.103 24.2717
632.911 24.7261
634.72 25.2053
636.528 24.6758
638.336 23.9339
640.145 24.2912
641.953 24.8206
643.761 24.4267
645.57 24.3156
647.378 24.2877
649.186 24.8435
650.995 25.3608
652.803 24.784
654.611 24.4571
656.42 24.4286
658.228 24.5387
660.036 24.7725
661.844 24.4417
663.653 23.7752
665.461 25.0998
667.269 25.2475
669.078 25.1386
670.886 24.4734
672.694 24.4801
674.503 25.0563
676.311 25.3753
678.119 24.4897
679.928 24.1649
681.736 24.7644
683.544 25.1749
685.353 24.7894
687.161 24.3324
688.969 23.9163
690.778 25.8015
692.586 25.5994
694.394 24.7979
696.203 24.62
698.011 24.7703
699.819 25.103
701.628 25.1549
703.436 24.8166
705.244 24.7474
707.052 25.9133
708.861 25.611
710.669 25.2949
712.477 24.5672
714.286 24.7665
716.094 25.3845
717.902 25.2609
719.711 23.9949
721.519 25.5279
723.327 25.9215
725.136 23.3501
726.944 25.3181
728.752 24.7032
730.561 25.2289
732.369 25.5998
734.177 24.8363
735.986 24.8453
737.794 25.094
739.602 25.5361
741.41 26.108
743.219 25.5211
745.027 25.2883
746.835 25.5357
748.644 26.0497
750.452 25.5213
752.26 25.1215
754.069 24.5305
755.877 25.8284
757.685 25.9747
759.494 25.5933
761.302 25.0172
763.11 26.4825
764.919 26.4539
766.727 26.0336
768.535 22.8303
770.344 25.5736
772.152 26.0711
773.96 26.1297
775.769 25.1514
777.577 26.112
779.385 26.3247
781.193 26.6787
783.002 27.0655
784.81 25.7031
786.618 25.7907
788.427 26.085
790.235 25.9909
792.043 25.9639
793.852 25.78
795.66 25.845
797.468 27.5574
799.277 26.8085
801.085 26.3876
802.893 26.1532
804.702 26.9124
806.51 23.4152
808.318 25.6798
810.127 25.8465
811.935 26.806
813.743 27.1058
815.552 26.9902
817.36 26.4502
819.168 27.1352
820.977 27.2167
822.785 27.3978
824.593 27.2653
826.401 25.8642
828.21 26.6467
830.018 26.9782
831.826 26.9497
833.635 27.2664
835.443 27.2386
837.251 27.6692
839.06 28.9422
840.868 27.5107
842.676 24.8511
844.485 26.5304
846.293 27.4185
848.101 27.4496
849.91 27.0677
851.718 26.4989
853.526 29.1083
855.335 28.4036
857.143 28.1127
858.951 27.7261
860.76 27.5438
862.568 27.9872
864.376 27.9513
866.184 27.004
867.993 28.2457
869.801 28.564
871.609 28.7382
873.418 28.9659
875.226 28.2039
877.034 28.49
878.843 29.1967
880.651 29.6179
882.459 27.3833
884.268 27.9538
886.076 28.2714
887.884 29.4723
889.693 29.1672
891.501 28.8658
893.309 29.0661
895.118 30.9444
896.926 29.2918
898.734 29.3067
900.542 27.7417
902.351 28.2698
904.159 29.2169
905.967 28.1481
907.776 29.126
909.584 31.2876
911.392 30.768
913.201 30.7367
915.009 30.8443
916.817 28.4189
918.626 29.8704
920.434 30.1259
922.242 29.4704
924.051 30.1017
925.859 31.2159
927.667 31.5865
929.476 32.8817
931.284 27.4591
933.092 31.0453
934.901 31.7935
936.709 30.7201
938.517 29.3229
940.326 31.6287
942.134 29.4492
943.942 32.4674
945.75 32.846
947.559 32.6694
949.367 29.6117
951.175 33.9519
952.984 33.2152
954.792 32.3358
956.6 27.6587
958.409 33.7327
960.217 33.6707
962.025 30.497
963.834 32.7996
965.642 35.7467
967.45 33.8607
969.259 32.8213
971.067 37.3036
972.875 30.7944
974.684 29.8991
976.492 35.6641
978.3 36.373
980.109 34.7006
981.917 38.7865
983.725 38.4193
985.533 41.7692
987.342 36.4592
989.15 39.4952
990.958 41.7635
992.767 43.3
994.575 41.4119
996.383 44.9424
998.192 49.3543
