0 35.8345
5 22.3599
10 17.8649
15 16.1081
20 14.8639
25 13.9013
30 13.1174
35 12.4572
40 11.8881
45 11.3888
50 10.9449
55 10.5462
60 10.1848
65 9.85507
70 9.5526
75 9.27429
80 9.0163
85 8.77745
90 8.55445
95 8.34667
100 8.15322
105 7.97059
110 7.80095
115 7.64048
120 7.4903
125 7.34998
130 7.21818
135 7.09371
140 6.97532
145 6.86926
150 6.76485
155 6.66817
160 6.58063
165 6.497
170 6.41889
175 6.34756
180 6.27658
185 6.2191
190 6.16174
195 6.10813
200 6.06282
205 6.02078
210 5.9817
215 5.95143
220 5.92178
225 5.89928
230 5.8791
235 5.86321
240 5.85182
245 5.84503
250 5.84474
255 5.84957
260 5.85323
265 5.86071
270 5.88402
275 5.89911
280 5.92296
285 5.95115
290 5.98539
295 6.02558
300 6.06061
305 6.10874
310 6.16319
315 6.21375
320 6.27792
325 6.34531
330 6.41973
335 6.49389
340 6.58027
345 6.66703
350 6.76356
355 6.86249
360 6.97718
365 7.09286
370 7.2199
375 7.34731
380 7.48953
385 7.63917
390 7.80104
395 7.96779
400 8.1499
405 8.34602
410 8.55496
415 8.77972
420 9.01656
425 9.27455
430 9.55366
435 9.85403
440 10.1834
445 10.5468
450 10.9457
455 11.3857
460 11.8874
465 12.459
470 13.1179
475 13.9013
480 14.8635
485 16.1077
490 17.8649
495 22.3597
