0 16.9897
5 16.9897
10 -55.6095
15 -57.667
20 -54.5224
25 -58.1923
30 -51.0894
35 -54.6634
40 -56.714
45 -51.6875
50 -50.2075
55 -51.1514
60 -47.6035
65 -53.6379
70 -52.6838
75 -49.0061
80 -47.4904
85 -50.3797
90 -59.2095
95 -55.8397
100 -48.3693
105 -46.7249
110 -45.4046
115 -53.8724
120 -53.9056
125 -51.4918
130 -45.0735
135 -47.3457
140 -44.7967
145 -45.1202
150 -47.8215
155 -46.0774
160 -60.1014
165 -45.6993
170 -46.0823
175 -42.3198
180 -42.018
185 -45.4294
190 -43.944
195 -46.3617
200 -42.8126
205 -46.2952
210 -47.6009
215 -42.5796
220 -43.6087
225 -48.6428
230 -45.7605
235 -49.293
240 -46.2262
245 -43.4545
250 -46.263
255 -42.1483
260 -41.5412
265 -43.3528
270 -43.6896
275 -44.9947
280 -41.5324
285 -45.0779
290 -44.9986
295 -42.1405
300 -50.3523
305 -41.7236
310 -44.6149
315 -39.9122
320 -46.7222
325 -50.7627
330 -45.172
335 -47.1786
340 -41.4312
345 -41.432
350 -39.9963
355 -39.688
360 -40.5785
365 -46.283
370 -49.094
375 -42.6314
380 -41.8867
385 -45.5298
390 -48.0391
395 -39.0705
400 -43.1482
405 -43.0954
410 -40.309
415 -38.9933
420 -45.422
425 -41.2588
430 -42.0842
435 -41.671
440 -46.609
445 -40.0496
450 -39.5952
455 -36.4069
460 -44.1313
465 -38.636
470 -44.9594
475 -39.2231
480 -42.5004
485 -39.3886
490 -37.4225
495 16.9897
