0 45.0897
5 36.1679
10 33.5756
15 31.4732
20 30.1631
25 29.5507
30 29.2432
35 27.8855
40 27.399
45 27.4248
50 26.542
55 25.826
60 25.9786
65 25.6178
70 24.9082
75 24.8771
80 24.6585
85 23.9509
90 23.7921
95 23.8453
100 23.3626
105 23.0729
110 23.2337
115 22.9689
120 22.5806
125 22.703
130 22.6305
135 22.241
140 22.2561
145 22.3268
150 22.0168
155 21.9153
160 22.0557
165 21.8647
170 21.6795
175 21.8187
180 21.746
185 21.5289
190 21.6187
195 21.6428
200 21.4382
205 21.4603
210 21.5488
215 21.3883
220 21.3467
225 21.4689
230 21.368
235 21.2788
240 21.4087
245 21.3747
250 21.2565
255 21.3757
260 21.4093
265 21.2781
270 21.3693
275 21.4689
280 21.3471
285 21.3881
290 21.5496
295 21.4615
300 21.4376
305 21.643
310 21.619
315 21.5276
320 21.7463
325 21.8182
330 21.6797
335 21.8639
340 22.0556
345 21.9149
350 22.0164
355 22.3252
360 22.2565
365 22.2408
370 22.6309
375 22.7023
380 22.5805
385 22.9686
390 23.2337
395 23.0722
400 23.3617
405 23.8451
410 23.7923
415 23.9515
420 24.6586
425 24.8772
430 24.9084
435 25.6176
440 25.9783
445 25.8262
450 26.5422
455 27.4241
460 27.3988
465 27.8859
470 29.2433
475 29.5508
480 30.163
485 31.4732
490 33.5756
495 36.1679
