0 38.9502
1.80832 38.9502
3.61664 36.017
5.42495 34.8681
7.23327 29.853
9.04159 31.4179
10.8499 30.8448
12.6582 30.2472
14.4665 29.7021
16.2749 29.2108
18.0832 28.7663
19.8915 28.3615
21.6998 27.9904
23.5081 27.648
25.3165 27.3304
27.1248 27.0342
28.9331 26.7569
30.7414 26.4962
32.5497 26.2503
34.358 26.0176
36.1664 25.7969
37.9747 25.5868
39.783 25.3865
41.5913 25.1953
43.3996 25.0121
45.208 24.8365
47.0163 24.6678
48.8246 24.5052
50.6329 24.3493
52.4412 24.1985
54.2495 24.053
56.0579 23.9122
57.8662 23.7763
59.6745 23.6441
61.4828 23.5163
63.2911 23.3922
65.0995 23.2716
66.9078 23.1546
68.7161 23.0405
70.5244 22.9298
72.3327 22.8218
74.1411 22.7167
75.9494 22.6138
77.7577 22.5138
79.566 22.416
81.3743 22.3206
83.1826 22.2276
84.991 22.1363
86.7993 22.0473
88.6076 21.9599
90.4159 21.8745
92.2242 21.7906
94.0325 21.7092
95.8409 21.6288
97.6492 21.5489
99.4575 21.4734
101.266 21.3975
103.074 21.3237
104.882 21.2505
106.691 21.1792
108.499 21.1093
110.307 21.0391
112.116 20.9724
113.924 20.906
115.732 20.8407
117.541 20.7765
119.349 20.7136
121.157 20.6507
122.966 20.59
124.774 20.5292
126.582 20.4705
128.391 20.4117
130.199 20.3552
132.007 20.2986
133.816 20.2433
135.624 20.1879
137.432 20.1341
139.241 20.0812
141.049 20.0284
142.857 19.9776
144.665 19.9267
146.474 19.8757
148.282 19.8258
150.09 19.7784
151.899 19.7302
153.707 19.6826
155.515 19.636
157.324 19.5899
159.132 19.5452
160.94 19.4996
162.749 19.4547
164.557 19.412
166.365 19.3681
168.174 19.3259
169.982 19.285
171.79 19.2429
173.599 19.2009
175.407 19.1607
177.215 19.1218
179.024 19.083
180.832 19.0425
182.64 19.0046
184.448 18.9662
186.257 18.928
188.065 18.8927
189.873 18.8558
191.682 18.8192
193.49 18.7833
195.298 18.7492
197.107 18.7142
198.915 18.6803
200.723 18.6453
202.532 18.6111
204.34 18.5784
206.148 18.5468
207.957 18.5152
209.765 18.4845
211.573 18.4502
213.382 18.4188
215.19 18.3871
216.998 18.3569
218.807 18.3275
220.615 18.2966
222.423 18.2671
224.231 18.2385
226.04 18.212
227.848 18.18
229.656 18.1525
231.465 18.1244
233.273 18.0976
235.081 18.0701
236.89 18.0443
238.698 18.016
240.506 17.986
242.315 17.9618
244.123 17.9375
245.931 17.914
247.74 17.8878
249.548 17.8632
251.356 17.8379
253.165 17.8139
254.973 17.7899
256.781 17.7644
258.59 17.7436
260.398 17.7193
262.206 17.6961
264.014 17.6735
265.823 17.653
267.631 17.6296
269.439 17.6033
271.248 17.5845
273.056 17.5632
274.864 17.5435
276.673 17.5195
278.481 17.4996
280.289 17.4803
282.098 17.4627
283.906 17.4393
285.714 17.4211
287.523 17.4011
289.331 17.3824
291.139 17.3612
292.948 17.3436
294.756 17.3249
296.564 17.3053
298.373 17.291
300.181 17.2699
301.989 17.2523
303.797 17.2337
305.606 17.2185
307.414 17.1985
309.222 17.1825
311.031 17.167
312.839 17.1514
314.647 17.1333
316.456 17.115
318.264 17.1036
320.072 17.0847
321.881 17.0719
323.689 17.0544
325.497 17.0401
327.306 17.0242
329.114 17.0098
330.922 16.9895
332.731 16.9801
334.539 16.9658
336.347 16.9561
338.156 16.9389
339.964 16.9256
341.772 16.914
343.58 16.9024
345.389 16.8885
347.197 16.8709
349.005 16.8596
350.814 16.8465
352.622 16.8348
354.43 16.8222
356.239 16.8117
358.047 16.8039
359.855 16.7857
361.664 16.78
363.472 16.7624
365.28 16.7542
367.089 16.7387
368.897 16.7334
370.705 16.72
372.514 16.7077
374.322 16.6985
376.13 16.6909
377.939 16.6807
379.747 16.6695
381.555 16.6603
383.363 16.6463
385.172 16.6429
386.98 16.6232
388.788 16.6224
390.597 16.6116
392.405 16.6087
394.213 16.5949
396.022 16.591
397.83 16.5813
399.638 16.5721
401.447 16.564
403.255 16.5725
405.063 16.5447
406.872 16.5419
408.68 16.5319
410.488 16.5272
412.297 16.5174
414.105 16.5138
415.913 16.5071
417.722 16.5012
419.53 16.4959
421.338 16.4815
423.146 16.4796
424.955 16.4677
426.763 16.4673
428.571 16.4613
430.38 16.4539
432.188 16.4506
433.996 16.423
435.805 16.4333
437.613 16.4352
439.421 16.4291
441.23 16.4501
443.038 16.4235
444.846 16.4423
446.655 16.4203
448.463 16.4052
450.271 16.4055
452.08 16.3961
453.888 16.4081
455.696 16.3952
457.505 16.4052
459.313 16.3778
461.121 16.3839
462.929 16.3798
464.738 16.3764
466.546 16.3754
468.354 16.3686
470.163 16.3708
471.971 16.3709
473.779 16.3691
475.588 16.3666
477.396 16.3633
479.204 16.3593
481.013 16.3586
482.821 16.3556
484.629 16.3509
486.438 16.353
488.246 16.3536
490.054 16.355
491.863 16.3543
493.671 16.3542
495.479 16.3793
497.288 16.3527
499.096 16.3507
500.904 16.3507
502.712 16.352
504.521 16.3523
506.329 16.3527
508.137 16.3545
509.946 16.3511
511.754 16.3539
513.562 16.3538
515.371 16.359
517.179 16.3571
518.987 16.3596
520.796 16.3581
522.604 16.3636
524.412 16.3622
526.221 16.3671
528.029 16.3656
529.837 16.3619
531.646 16.3755
533.454 16.3752
535.262 16.3811
537.07 16.3816
538.879 16.394
540.687 16.3813
542.495 16.3933
544.304 16.3908
546.112 16.3987
547.92 16.3994
549.729 16.4079
551.537 16.4111
553.345 16.416
555.154 16.4176
556.962 16.4239
558.77 16.4265
560.579 16.4288
562.387 16.4407
564.195 16.4404
566.004 16.4466
567.812 16.4483
569.62 16.4592
571.429 16.4423
573.237 16.4675
575.045 16.4621
576.854 16.4782
578.662 16.4867
580.47 16.4921
582.279 16.5034
584.087 16.498
585.895 16.5138
587.703 16.5149
589.512 16.5258
591.32 16.5298
593.128 16.5405
594.937 16.5538
596.745 16.5591
598.553 16.5684
600.362 16.5747
602.17 16.566
603.978 16.5896
605.787 16.5977
607.595 16.6049
609.403 16.6123
611.212 16.6213
613.02 16.6349
614.828 16.6394
616.637 16.6427
618.445 16.6563
620.253 16.6587
622.061 16.6823
623.87 16.6885
625.678 16.696
627.486 16.7027
629.295 16.7223
631.103 16.7281
632.911 16.7295
634.72 16.7367
636.528 16.7672
638.336 16.7758
640.145 16.7873
641.953 16.8018
643.761 16.8126
645.57 16.8231
647.378 16.8476
649.186 16.8479
650.995 16.8586
652.803 16.8864
654.611 16.8832
656.42 16.9075
658.228 16.9099
660.036 16.93
661.844 16.9134
663.653 16.9516
665.461 16.9662
667.269 17.0079
669.078 16.9988
670.886 17.0067
672.694 17.0121
674.503 17.0348
676.311 17.0538
678.119 17.0626
679.928 17.0835
681.736 17.1044
683.544 17.1175
685.353 17.1371
687.161 17.1264
688.969 17.1678
690.778 17.1813
692.586 17.1981
694.394 17.2165
696.203 17.2369
698.011 17.2504
699.819 17.2706
701.628 17.2917
703.436 17.3026
705.244 17.3245
707.052 17.353
708.861 17.3619
710.669 17.3791
712.477 17.4037
714.286 17.4194
716.094 17.4425
717.902 17.4584
719.711 17.4774
721.519 17.5023
723.327 17.5239
725.136 17.5446
726.944 17.562
728.752 17.5832
730.561 17.6084
732.369 17.6249
734.177 17.6456
735.986 17.6823
737.794 17.6968
739.602 17.7196
741.41 17.7435
743.219 17.7668
745.027 17.7886
746.835 17.8119
748.644 17.8443
750.452 17.8618
752.26 17.8904
754.069 17.9144
755.877 17.9313
757.685 17.9769
759.494 17.9851
761.302 18.0171
763.11 18.0453
764.919 18.0676
766.727 18.0972
768.535 18.1275
770.344 18.1517
772.152 18.1857
773.96 18.2047
775.769 18.2398
777.577 18.2646
779.385 18.3144
781.193 18.3258
783.002 18.3569
784.81 18.3923
786.618 18.4207
788.427 18.4499
790.235 18.4828
792.043 18.5154
793.852 18.5469
795.66 18.573
797.468 18.6119
799.277 18.6428
801.085 18.6792
802.893 18.7178
804.702 18.7564
806.51 18.7836
808.318 18.8257
810.127 18.8439
811.935 18.9071
813.743 18.9321
815.552 18.9656
817.36 19.001
819.168 19.044
820.977 19.0852
822.785 19.1242
824.593 19.1625
826.401 19.1985
828.21 19.2437
830.018 19.2819
831.826 19.3243
833.635 19.382
835.443 19.4106
837.251 19.4698
839.06 19.4936
840.868 19.5445
842.676 19.5914
844.485 19.6343
846.293 19.6801
848.101 19.7354
849.91 19.778
851.718 19.8269
853.526 19.8812
855.335 19.9214
857.143 19.9804
858.951 20.0291
860.76 20.0866
862.568 20.1348
864.376 20.1885
866.184 20.2436
867.993 20.2982
869.801 20.3559
871.609 20.4126
873.418 20.471
875.226 20.5291
877.034 20.5898
878.843 20.6508
880.651 20.7119
882.459 20.7776
884.268 20.8405
886.076 20.9056
887.884 20.9724
889.693 21.0543
891.501 21.111
893.309 21.1751
895.118 21.2522
896.926 21.3225
898.734 21.3976
900.542 21.4738
902.351 21.5519
904.159 21.6277
905.967 21.7284
907.776 21.7879
909.584 21.8735
911.392 21.9588
913.201 22.0451
915.009 22.1338
916.817 22.2254
918.626 22.3197
920.434 22.4147
922.242 22.5148
924.051 22.6144
925.859 22.7246
927.667 22.8236
929.476 22.9288
931.284 23.0408
933.092 23.1545
934.901 23.2727
936.709 23.3923
938.517 23.5157
940.326 23.644
942.134 23.7776
943.942 23.9125
945.75 24.0532
947.559 24.1988
949.367 24.3497
951.175 24.5066
952.984 24.6672
954.792 24.8368
956.6 25.0126
958.409 25.1946
960.217 25.3872
962.025 25.5871
963.834 25.7966
965.642 26.0177
967.45 26.2424
969.259 26.496
971.067 26.7589
972.875 27.0325
974.684 27.3304
976.492 27.6483
978.3 27.9905
980.109 28.3617
981.917 28.7663
983.725 29.2106
985.533 29.7021
987.342 30.247
989.15 30.8448
990.958 31.4181
992.767 29.8533
994.575 34.868
996.383 36.017
998.192 38.9503
