0 25.8562
5 17.6901
10 6.41088
15 4.6533
20 3.40884
25 2.44612
30 1.66216
35 1.00195
40 0.432853
45 -0.066592
50 -0.510532
55 -0.909116
60 -1.27065
65 -1.60031
70 -1.90283
75 -2.18114
80 -2.43921
85 -2.67777
90 -2.90094
95 -3.10873
100 -3.30189
105 -3.48482
110 -3.65409
115 -3.81491
120 -3.9652
125 -4.10543
130 -4.23694
135 -4.36142
140 -4.48062
145 -4.58554
150 -4.69049
155 -4.78768
160 -4.87452
165 -4.95794
170 -5.03619
175 -5.10675
180 -5.18018
185 -5.23555
190 -5.29352
195 -5.34724
200 -5.39304
205 -5.43461
210 -5.47435
215 -5.50301
220 -5.53326
225 -5.55584
230 -5.5761
235 -5.5922
240 -5.60424
245 -5.61111
250 -5.61065
255 -5.6044
260 -5.60277
265 -5.59609
270 -5.56963
275 -5.55575
280 -5.53209
285 -5.50394
290 -5.46907
295 -5.42793
300 -5.39519
305 -5.34624
310 -5.29203
315 -5.24375
320 -5.17798
325 -5.11026
330 -5.03511
335 -4.96197
340 -4.87532
345 -4.78913
350 -4.69312
355 -4.59507
360 -4.47772
365 -4.36278
370 -4.23482
375 -4.10913
380 -3.96623
385 -3.81648
390 -3.65406
395 -3.48931
400 -3.30649
405 -3.10973
410 -2.90045
415 -2.67414
420 -2.43899
425 -2.18045
430 -1.90138
435 -1.6019
440 -1.27222
445 -0.907846
450 -0.509243
455 -0.0713147
460 0.431984
465 1.00428
470 1.66272
475 2.44596
480 3.40829
485 4.65274
490 6.4107
495 17.6901
