0 0
0.0002 0.012566
0.0004 0.0251301
0.0006 0.0376902
0.0008 0.0502443
0.001 0.0627905
0.0012 0.0753268
0.0014 0.0878512
0.0016 0.100362
0.0018 0.112856
0.002 0.125333
0.0022 0.13779
0.0024 0.150226
0.0026 0.162637
0.0028 0.175023
0.003 0.187381
0.0032 0.19971
0.0034 0.212007
0.0036 0.224271
0.0038 0.236499
0.004 0.24869
0.0042 0.260842
0.0044 0.272952
0.0046 0.285019
0.0048 0.297042
0.005 0.309017
0.0052 0.320944
0.0054 0.33282
0.0056 0.344643
0.0058 0.356412
0.006 0.368125
0.0062 0.379779
0.0064 0.391374
0.0066 0.402906
0.0068 0.414376
0.007 0.425779
0.0072 0.437116
0.0074 0.448383
0.0076 0.45958
0.0078 0.470704
0.008 0.481754
0.0082 0.492727
0.0084 0.503623
0.0086 0.514439
0.0088 0.525175
0.009 0.535827
0.0092 0.546394
0.0094 0.556876
0.0096 0.567269
0.0098 0.577573
0.01 0.587785
0.0102 0.597905
0.0104 0.60793
0.0106 0.61786
0.0108 0.627691
0.011 0.637424
0.0112 0.647056
0.0114 0.656586
0.0116 0.666012
0.0118 0.675333
0.012 0.684547
0.0122 0.693653
0.0124 0.70265
0.0126 0.711536
0.0128 0.720309
0.013 0.728969
0.0132 0.737513
0.0134 0.745941
0.0136 0.754251
0.0138 0.762443
0.014 0.770513
0.0142 0.778462
0.0144 0.786288
0.0146 0.79399
0.0148 0.801567
0.015 0.809017
0.0152 0.816339
0.0154 0.823533
0.0156 0.830596
0.0158 0.837528
0.016 0.844328
0.0162 0.850994
0.0164 0.857527
0.0166 0.863923
0.0168 0.870184
0.017 0.876307
0.0172 0.882291
0.0174 0.888136
0.0176 0.893841
0.0178 0.899405
0.018 0.904827
0.0182 0.910106
0.0184 0.915241
0.0186 0.920232
0.0188 0.925077
0.019 0.929776
0.0192 0.934329
0.0194 0.938734
0.0196 0.942991
0.0198 0.947098
0.02 0.951056
0.0202 0.954865
0.0204 0.958522
0.0206 0.962028
0.0208 0.965382
0.021 0.968583
0.0212 0.971632
0.0214 0.974527
0.0216 0.977268
0.0218 0.979855
0.022 0.982287
0.0222 0.984564
0.0224 0.986686
0.0226 0.988652
0.0228 0.990461
0.023 0.992115
0.0232 0.993611
0.0234 0.994951
0.0236 0.996134
0.0238 0.997159
0.024 0.998027
0.0242 0.998737
0.0244 0.999289
0.0246 0.999684
0.0248 0.999921
0.025 1
0.0252 0.999921
0.0254 0.999684
0.0256 0.999289
0.0258 0.998737
0.026 0.998027
0.0262 0.997159
0.0264 0.996134
0.0266 0.994951
0.0268 0.993611
0.027 0.992115
0.0272 0.990461
0.0274 0.988652
0.0276 0.986686
0.0278 0.984564
0.028 0.982287
0.0282 0.979855
0.0284 0.977268
0.0286 0.974527
0.0288 0.971632
0.029 0.968583
0.0292 0.965382
0.0294 0.962028
0.0296 0.958522
0.0298 0.954865
0.03 0.951057
0.0302 0.947098
0.0304 0.942991
0.0306 0.938734
0.0308 0.934329
0.031 0.929776
0.0312 0.925077
0.0314 0.920232
0.0316 0.915241
0.0318 0.910106
0.032 0.904827
0.0322 0.899405
0.0324 0.893841
0.0326 0.888136
0.0328 0.882291
0.033 0.876307
0.0332 0.870184
0.0334 0.863923
0.0336 0.857527
0.0338 0.850995
0.034 0.844328
0.0342 0.837528
0.0344 0.830596
0.0346 0.823533
0.0348 0.816339
0.035 0.809017
0.0352 0.801567
0.0354 0.79399
0.0356 0.786288
0.0358 0.778462
0.036 0.770513
0.0362 0.762443
0.0364 0.754251
0.0366 0.745941
0.0368 0.737513
0.037 0.728969
0.0372 0.720309
0.0374 0.711536
0.0376 0.70265
0.0378 0.693653
0.038 0.684547
0.0382 0.675333
0.0384 0.666012
0.0386 0.656586
0.0388 0.647056
0.039 0.637424
0.0392 0.627691
0.0394 0.61786
0.0396 0.60793
0.0398 0.597905
0.04 0.587785
0.0402 0.577573
0.0404 0.567269
0.0406 0.556876
0.0408 0.546394
0.041 0.535827
0.0412 0.525175
0.0414 0.51444
0.0416 0.503623
0.0418 0.492727
0.042 0.481754
0.0422 0.470704
0.0424 0.45958
0.0426 0.448383
0.0428 0.437116
0.043 0.425779
0.0432 0.414376
0.0434 0.402907
0.0436 0.391374
0.0438 0.379779
0.044 0.368125
0.0442 0.356412
0.0444 0.344643
0.0446 0.33282
0.0448 0.320944
0.045 0.309017
0.0452 0.297042
0.0454 0.285019
0.0456 0.272952
0.0458 0.260842
0.046 0.24869
0.0462 0.236499
0.0464 0.224271
0.0466 0.212007
0.0468 0.19971
0.047 0.187381
0.0472 0.175023
0.0474 0.162637
0.0476 0.150226
0.0478 0.137791
0.048 0.125333
0.0482 0.112856
0.0484 0.100362
0.0486 0.0878514
0.0488 0.0753269
0.049 0.0627905
0.0492 0.0502445
0.0494 0.0376902
0.0496 0.0251304
0.0498 0.0125662
0.05 7.02201e-08
0.0502 -0.0125661
0.0504 -0.0251302
0.0506 -0.0376901
0.0508 -0.0502443
0.051 -0.0627903
0.0512 -0.0753267
0.0514 -0.0878512
0.0516 -0.100362
0.0518 -0.112856
0.052 -0.125333
0.0522 -0.13779
0.0524 -0.150226
0.0526 -0.162637
0.0528 -0.175023
0.053 -0.187381
0.0532 -0.19971
0.0534 -0.212007
0.0536 -0.224271
0.0538 -0.236499
0.054 -0.24869
0.0542 -0.260841
0.0544 -0.272952
0.0546 -0.285019
0.0548 -0.297041
0.055 -0.309017
0.0552 -0.320944
0.0554 -0.332819
0.0556 -0.344643
0.0558 -0.356412
0.056 -0.368124
0.0562 -0.379779
0.0564 -0.391373
0.0566 -0.402906
0.0568 -0.414376
0.057 -0.425779
0.0572 -0.437116
0.0574 -0.448383
0.0576 -0.45958
0.0578 -0.470704
0.058 -0.481754
0.0582 -0.492727
0.0584 -0.503623
0.0586 -0.514439
0.0588 -0.525174
0.059 -0.535827
0.0592 -0.546394
0.0594 -0.556876
0.0596 -0.567269
0.0598 -0.577573
0.06 -0.587785
0.0602 -0.597905
0.0604 -0.60793
0.0606 -0.617859
0.0608 -0.627691
0.061 -0.637424
0.0612 -0.647056
0.0614 -0.656586
0.0616 -0.666012
0.0618 -0.675333
0.062 -0.684547
0.0622 -0.693653
0.0624 -0.70265
0.0626 -0.711536
0.0628 -0.720309
0.063 -0.728969
0.0632 -0.737513
0.0634 -0.745941
0.0636 -0.754251
0.0638 -0.762443
0.064 -0.770513
0.0642 -0.778462
0.0644 -0.786288
0.0646 -0.79399
0.0648 -0.801567
0.065 -0.809017
0.0652 -0.816339
0.0654 -0.823532
0.0656 -0.830596
0.0658 -0.837528
0.066 -0.844328
0.0662 -0.850994
0.0664 -0.857527
0.0666 -0.863923
0.0668 -0.870184
0.067 -0.876307
0.0672 -0.882291
0.0674 -0.888137
0.0676 -0.893841
0.0678 -0.899405
0.068 -0.904827
0.0682 -0.910106
0.0684 -0.915241
0.0686 -0.920232
0.0688 -0.925077
0.069 -0.929776
0.0692 -0.934329
0.0694 -0.938734
0.0696 -0.942991
0.0698 -0.947098
0.07 -0.951057
0.0702 -0.954864
0.0704 -0.958522
0.0706 -0.962028
0.0708 -0.965382
0.071 -0.968583
0.0712 -0.971632
0.0714 -0.974527
0.0716 -0.977268
0.0718 -0.979855
0.072 -0.982287
0.0722 -0.984564
0.0724 -0.986686
0.0726 -0.988652
0.0728 -0.990461
0.073 -0.992115
0.0732 -0.993611
0.0734 -0.994951
0.0736 -0.996134
0.0738 -0.997159
0.074 -0.998027
0.0742 -0.998737
0.0744 -0.999289
0.0746 -0.999684
0.0748 -0.999921
0.075 -1
0.0752 -0.999921
0.0754 -0.999684
0.0756 -0.999289
0.0758 -0.998737
0.076 -0.998027
0.0762 -0.997159
0.0764 -0.996134
0.0766 -0.994951
0.0768 -0.993611
0.077 -0.992115
0.0772 -0.990461
0.0774 -0.988652
0.0776 -0.986686
0.0778 -0.984564
0.078 -0.982287
0.0782 -0.979855
0.0784 -0.977268
0.0786 -0.974527
0.0788 -0.971632
0.079 -0.968583
0.0792 -0.965382
0.0794 -0.962028
0.0796 -0.958522
0.0798 -0.954865
0.08 -0.951057
0.0802 -0.947098
0.0804 -0.942991
0.0806 -0.938734
0.0808 -0.934329
0.081 -0.929776
0.0812 -0.925077
0.0814 -0.920232
0.0816 -0.915241
0.0818 -0.910106
0.082 -0.904827
0.0822 -0.899405
0.0824 -0.893841
0.0826 -0.888137
0.0828 -0.882291
0.083 -0.876307
0.0832 -0.870184
0.0834 -0.863924
0.0836 -0.857527
0.0838 -0.850995
0.084 -0.844328
0.0842 -0.837528
0.0844 -0.830596
0.0846 -0.823533
0.0848 -0.816339
0.085 -0.809017
0.0852 -0.801567
0.0854 -0.79399
0.0856 -0.786288
0.0858 -0.778462
0.086 -0.770513
0.0862 -0.762443
0.0864 -0.754252
0.0866 -0.745941
0.0868 -0.737514
0.087 -0.728969
0.0872 -0.720309
0.0874 -0.711536
0.0876 -0.70265
0.0878 -0.693653
0.088 -0.684547
0.0882 -0.675333
0.0884 -0.666012
0.0886 -0.656586
0.0888 -0.647056
0.089 -0.637424
0.0892 -0.627691
0.0894 -0.61786
0.0896 -0.607931
0.0898 -0.597905
0.09 -0.587785
0.0902 -0.577573
0.0904 -0.567269
0.0906 -0.556876
0.0908 -0.546395
0.091 -0.535827
0.0912 -0.525175
0.0914 -0.51444
0.0916 -0.503623
0.0918 -0.492727
0.092 -0.481754
0.0922 -0.470704
0.0924 -0.45958
0.0926 -0.448383
0.0928 -0.437116
0.093 -0.42578
0.0932 -0.414375
0.0934 -0.402907
0.0936 -0.391374
0.0938 -0.379779
0.094 -0.368125
0.0942 -0.356412
0.0944 -0.344643
0.0946 -0.332819
0.0948 -0.320944
0.095 -0.309017
0.0952 -0.297042
0.0954 -0.285019
0.0956 -0.272952
0.0958 -0.260842
0.096 -0.24869
0.0962 -0.236499
0.0964 -0.224271
0.0966 -0.212007
0.0968 -0.19971
0.097 -0.187382
0.0972 -0.175023
0.0974 -0.162637
0.0976 -0.150226
0.0978 -0.137791
0.098 -0.125333
0.0982 -0.112856
0.0984 -0.100362
0.0986 -0.0878514
0.0988 -0.0753269
0.099 -0.0627906
0.0992 -0.0502448
0.0994 -0.03769
0.0996 -0.0251304
0.0998 -0.0125663
0.1 -2.8088e-07
0.1002 0.025132
0.1004 0.0502603
0.1006 0.0753795
0.1008 0.100489
0.101 0.125581
0.1012 0.150653
0.1014 0.175702
0.1016 0.200724
0.1018 0.225712
0.102 0.250666
0.1022 0.27558
0.1024 0.300451
0.1026 0.325274
0.1028 0.350046
0.103 0.374763
0.1032 0.399419
0.1034 0.424014
0.1036 0.448541
0.1038 0.472998
0.104 0.497379
0.1042 0.521683
0.1044 0.545903
0.1046 0.570038
0.1048 0.594083
0.105 0.618034
0.1052 0.641887
0.1054 0.665638
0.1056 0.689286
0.1058 0.712823
0.106 0.736249
0.1062 0.759558
0.1064 0.782747
0.1066 0.805812
0.1068 0.82875
0.107 0.851559
0.1072 0.874231
0.1074 0.896766
0.1076 0.91916
0.1078 0.941408
0.108 0.963507
0.1082 0.985454
0.1084 1.00725
0.1086 1.02888
0.1088 1.05035
0.109 1.07165
0.1092 1.09279
0.1094 1.11375
0.1096 1.13454
0.1098 1.15515
0.11 1.17557
0.1102 1.19581
0.1104 1.21586
0.1106 1.23572
0.1108 1.25538
0.111 1.27485
0.1112 1.29411
0.1114 1.31317
0.1116 1.33202
0.1118 1.35067
0.112 1.36909
0.1122 1.38731
0.1124 1.4053
0.1126 1.42307
0.1128 1.44062
0.113 1.45794
0.1132 1.47503
0.1134 1.49188
0.1136 1.5085
0.1138 1.52489
0.114 1.54103
0.1142 1.55692
0.1144 1.57258
0.1146 1.58798
0.1148 1.60313
0.115 1.61803
0.1152 1.63268
0.1154 1.64706
0.1156 1.66119
0.1158 1.67506
0.116 1.68866
0.1162 1.70199
0.1164 1.71505
0.1166 1.72785
0.1168 1.74037
0.117 1.75261
0.1172 1.76458
0.1174 1.77627
0.1176 1.78768
0.1178 1.79881
0.118 1.80965
0.1182 1.82021
0.1184 1.83048
0.1186 1.84046
0.1188 1.85015
0.119 1.85955
0.1192 1.86866
0.1194 1.87747
0.1196 1.88598
0.1198 1.8942
0.12 1.90211
0.1202 1.90973
0.1204 1.91704
0.1206 1.92406
0.1208 1.93076
0.121 1.93717
0.1212 1.94326
0.1214 1.94905
0.1216 1.95454
0.1218 1.95971
0.122 1.96457
0.1222 1.96913
0.1224 1.97337
0.1226 1.9773
0.1228 1.98092
0.123 1.98423
0.1232 1.98722
0.1234 1.9899
0.1236 1.99227
0.1238 1.99432
0.124 1.99605
0.1242 1.99747
0.1244 1.99858
0.1246 1.99937
0.1248 1.99984
0.125 2
0.1252 1.99984
0.1254 1.99937
0.1256 1.99858
0.1258 1.99747
0.126 1.99605
0.1262 1.99432
0.1264 1.99227
0.1266 1.9899
0.1268 1.98722
0.127 1.98423
0.1272 1.98092
0.1274 1.9773
0.1276 1.97337
0.1278 1.96913
0.128 1.96457
0.1282 1.95971
0.1284 1.95454
0.1286 1.94905
0.1288 1.94326
0.129 1.93717
0.1292 1.93076
0.1294 1.92406
0.1296 1.91704
0.1298 1.90973
0.13 1.90211
0.1302 1.8942
0.1304 1.88598
0.1306 1.87747
0.1308 1.86866
0.131 1.85955
0.1312 1.85015
0.1314 1.84046
0.1316 1.83048
0.1318 1.82021
0.132 1.80965
0.1322 1.79881
0.1324 1.78768
0.1326 1.77627
0.1328 1.76458
0.133 1.75261
0.1332 1.74037
0.1334 1.72785
0.1336 1.71505
0.1338 1.70199
0.134 1.68866
0.1342 1.67506
0.1344 1.66119
0.1346 1.64707
0.1348 1.63268
0.135 1.61803
0.1352 1.60313
0.1354 1.58798
0.1356 1.57258
0.1358 1.55692
0.136 1.54103
0.1362 1.52489
0.1364 1.5085
0.1366 1.49188
0.1368 1.47503
0.137 1.45794
0.1372 1.44062
0.1374 1.42307
0.1376 1.4053
0.1378 1.38731
0.138 1.36909
0.1382 1.35067
0.1384 1.33202
0.1386 1.31317
0.1388 1.29411
0.139 1.27485
0.1392 1.25538
0.1394 1.23572
0.1396 1.21586
0.1398 1.19581
0.14 1.17557
0.1402 1.15515
0.1404 1.13454
0.1406 1.11375
0.1408 1.09279
0.141 1.07165
0.1412 1.05035
0.1414 1.02888
0.1416 1.00725
0.1418 0.985455
0.142 0.963508
0.1422 0.941409
0.1424 0.91916
0.1426 0.896767
0.1428 0.874231
0.143 0.85156
0.1432 0.828752
0.1434 0.805813
0.1436 0.782747
0.1438 0.75956
0.144 0.736249
0.1442 0.712824
0.1444 0.689286
0.1446 0.66564
0.1448 0.641888
0.145 0.618034
0.1452 0.594083
0.1454 0.570039
0.1456 0.545905
0.1458 0.521684
0.146 0.49738
0.1462 0.472997
0.1464 0.448543
0.1466 0.424016
0.1468 0.39942
0.147 0.374762
0.1472 0.350046
0.1474 0.325275
0.1476 0.300452
0.1478 0.275581
0.148 0.250666
0.1482 0.225714
0.1484 0.200724
0.1486 0.175703
0.1488 0.150654
0.149 0.125582
0.1492 0.10049
0.1494 0.0753814
0.1496 0.0502598
0.1498 0.0251315
0.15 1.59165e-06
0.1502 -0.0251318
0.1504 -0.0502602
0.1506 -0.0753805
0.1508 -0.100488
0.151 -0.12558
0.1512 -0.150653
0.1514 -0.175702
0.1516 -0.200723
0.1518 -0.225712
0.152 -0.250666
0.1522 -0.27558
0.1524 -0.300452
0.1526 -0.325273
0.1528 -0.350045
0.153 -0.374763
0.1532 -0.39942
0.1534 -0.424012
0.1536 -0.448541
0.1538 -0.472998
0.154 -0.49738
0.1542 -0.521683
0.1544 -0.545903
0.1546 -0.570038
0.1548 -0.594083
0.155 -0.618034
0.1552 -0.641886
0.1554 -0.665638
0.1556 -0.689285
0.1558 -0.712824
0.156 -0.73625
0.1562 -0.759557
0.1564 -0.782747
0.1566 -0.805812
0.1568 -0.828751
0.157 -0.851558
0.1572 -0.87423
0.1574 -0.896766
0.1576 -0.919161
0.1578 -0.941406
0.158 -0.963507
0.1582 -0.985455
0.1584 -1.00725
0.1586 -1.02888
0.1588 -1.05035
0.159 -1.07165
0.1592 -1.09279
0.1594 -1.11375
0.1596 -1.13454
0.1598 -1.15515
0.16 -1.17557
0.1602 -1.19581
0.1604 -1.21586
0.1606 -1.23572
0.1608 -1.25538
0.161 -1.27485
0.1612 -1.29411
0.1614 -1.31317
0.1616 -1.33202
0.1618 -1.35066
0.162 -1.36909
0.1622 -1.38731
0.1624 -1.4053
0.1626 -1.42307
0.1628 -1.44062
0.163 -1.45794
0.1632 -1.47503
0.1634 -1.49188
0.1636 -1.5085
0.1638 -1.52489
0.164 -1.54103
0.1642 -1.55692
0.1644 -1.57258
0.1646 -1.58798
0.1648 -1.60313
0.165 -1.61803
0.1652 -1.63268
0.1654 -1.64707
0.1656 -1.66119
0.1658 -1.67506
0.166 -1.68866
0.1662 -1.70199
0.1664 -1.71505
0.1666 -1.72785
0.1668 -1.74037
0.167 -1.75261
0.1672 -1.76458
0.1674 -1.77627
0.1676 -1.78768
0.1678 -1.79881
0.168 -1.80965
0.1682 -1.82021
0.1684 -1.83048
0.1686 -1.84046
0.1688 -1.85015
0.169 -1.85955
0.1692 -1.86866
0.1694 -1.87747
0.1696 -1.88598
0.1698 -1.8942
0.17 -1.90211
0.1702 -1.90973
0.1704 -1.91704
0.1706 -1.92406
0.1708 -1.93076
0.171 -1.93717
0.1712 -1.94326
0.1714 -1.94905
0.1716 -1.95454
0.1718 -1.95971
0.172 -1.96457
0.1722 -1.96913
0.1724 -1.97337
0.1726 -1.9773
0.1728 -1.98092
0.173 -1.98423
0.1732 -1.98722
0.1734 -1.9899
0.1736 -1.99227
0.1738 -1.99432
0.174 -1.99605
0.1742 -1.99747
0.1744 -1.99858
0.1746 -1.99937
0.1748 -1.99984
0.175 -2
0.1752 -1.99984
0.1754 -1.99937
0.1756 -1.99858
0.1758 -1.99747
0.176 -1.99605
0.1762 -1.99432
0.1764 -1.99227
0.1766 -1.9899
0.1768 -1.98722
0.177 -1.98423
0.1772 -1.98092
0.1774 -1.9773
0.1776 -1.97337
0.1778 -1.96913
0.178 -1.96457
0.1782 -1.95971
0.1784 -1.95454
0.1786 -1.94905
0.1788 -1.94326
0.179 -1.93717
0.1792 -1.93076
0.1794 -1.92406
0.1796 -1.91704
0.1798 -1.90973
0.18 -1.90211
0.1802 -1.8942
0.1804 -1.88598
0.1806 -1.87747
0.1808 -1.86866
0.181 -1.85955
0.1812 -1.85015
0.1814 -1.84046
0.1816 -1.83048
0.1818 -1.82021
0.182 -1.80965
0.1822 -1.79881
0.1824 -1.78768
0.1826 -1.77627
0.1828 -1.76458
0.183 -1.75261
0.1832 -1.74037
0.1834 -1.72785
0.1836 -1.71505
0.1838 -1.70199
0.184 -1.68866
0.1842 -1.67506
0.1844 -1.66119
0.1846 -1.64707
0.1848 -1.63268
0.185 -1.61803
0.1852 -1.60313
0.1854 -1.58798
0.1856 -1.57258
0.1858 -1.55692
0.186 -1.54103
0.1862 -1.52489
0.1864 -1.5085
0.1866 -1.49188
0.1868 -1.47503
0.187 -1.45794
0.1872 -1.44062
0.1874 -1.42307
0.1876 -1.4053
0.1878 -1.38731
0.188 -1.36909
0.1882 -1.35067
0.1884 -1.33202
0.1886 -1.31317
0.1888 -1.29411
0.189 -1.27485
0.1892 -1.25538
0.1894 -1.23572
0.1896 -1.21586
0.1898 -1.19581
0.19 -1.17557
0.1902 -1.15514
0.1904 -1.13454
0.1906 -1.11375
0.1908 -1.09279
0.191 -1.07165
0.1912 -1.05035
0.1914 -1.02888
0.1916 -1.00725
0.1918 -0.985455
0.192 -0.963506
0.1922 -0.94141
0.1924 -0.91916
0.1926 -0.896766
0.1928 -0.874232
0.193 -0.85156
0.1932 -0.828751
0.1934 -0.805814
0.1936 -0.782747
0.1938 -0.759559
0.194 -0.736251
0.1942 -0.712824
0.1944 -0.689287
0.1946 -0.665639
0.1948 -0.641888
0.195 -0.618036
0.1952 -0.594084
0.1954 -0.570038
0.1956 -0.545906
0.1958 -0.521684
0.196 -0.497379
0.1962 -0.472999
0.1964 -0.448541
0.1966 -0.424015
0.1968 -0.399421
0.197 -0.374763
0.1972 -0.350047
0.1974 -0.325276
0.1976 -0.300452
0.1978 -0.275582
0.198 -0.250667
0.1982 -0.225712
0.1984 -0.200726
0.1986 -0.175703
0.1988 -0.150653
0.199 -0.125581
0.1992 -0.10049
0.1994 -0.0753803
0.1996 -0.0502611
0.1998 -0.0251317
0.2 -2.8088e-07
0.2002 0.0125653
0.2004 0.02513
0.2006 0.0376896
0.2008 0.0502444
0.201 0.0627901
0.2012 0.0753259
0.2014 0.087851
0.2016 0.100362
0.2018 0.112855
0.202 0.125333
0.2022 0.13779
0.2024 0.150225
0.2026 0.162638
0.2028 0.175023
0.203 0.187381
0.2032 0.19971
0.2034 0.212007
0.2036 0.22427
0.2038 0.236499
0.204 0.248689
0.2042 0.260841
0.2044 0.272951
0.2046 0.285018
0.2048 0.297041
0.205 0.309017
0.2052 0.320943
0.2054 0.332819
0.2056 0.344643
0.2058 0.356411
0.206 0.368125
0.2062 0.379779
0.2064 0.391373
0.2066 0.402906
0.2068 0.414375
0.207 0.425778
0.2072 0.437115
0.2074 0.448382
0.2076 0.45958
0.2078 0.470704
0.208 0.481753
0.2082 0.492727
0.2084 0.503623
0.2086 0.514439
0.2088 0.525174
0.209 0.535827
0.2092 0.546394
0.2094 0.556876
0.2096 0.567269
0.2098 0.577572
0.21 0.587785
0.2102 0.597904
0.2104 0.60793
0.2106 0.617859
0.2108 0.627691
0.211 0.637424
0.2112 0.647056
0.2114 0.656585
0.2116 0.666011
0.2118 0.675333
0.212 0.684547
0.2122 0.693654
0.2124 0.70265
0.2126 0.711535
0.2128 0.720309
0.213 0.728968
0.2132 0.737512
0.2134 0.745941
0.2136 0.754251
0.2138 0.762442
0.214 0.770514
0.2142 0.778462
0.2144 0.786288
0.2146 0.793991
0.2148 0.801567
0.215 0.809017
0.2152 0.816339
0.2154 0.823532
0.2156 0.830596
0.2158 0.837528
0.216 0.844328
0.2162 0.850994
0.2164 0.857526
0.2166 0.863923
0.2168 0.870184
0.217 0.876306
0.2172 0.882291
0.2174 0.888137
0.2176 0.893841
0.2178 0.899405
0.218 0.904827
0.2182 0.910106
0.2184 0.915241
0.2186 0.920232
0.2188 0.925077
0.219 0.929776
0.2192 0.934329
0.2194 0.938734
0.2196 0.94299
0.2198 0.947098
0.22 0.951056
0.2202 0.954864
0.2204 0.958521
0.2206 0.962028
0.2208 0.965382
0.221 0.968583
0.2212 0.971632
0.2214 0.974527
0.2216 0.977268
0.2218 0.979855
0.222 0.982287
0.2222 0.984564
0.2224 0.986686
0.2226 0.988652
0.2228 0.990461
0.223 0.992115
0.2232 0.993611
0.2234 0.994951
0.2236 0.996134
0.2238 0.997159
0.224 0.998027
0.2242 0.998737
0.2244 0.999289
0.2246 0.999684
0.2248 0.999921
0.225 1
0.2252 0.999921
0.2254 0.999684
0.2256 0.99929
0.2258 0.998737
0.226 0.998027
0.2262 0.997159
0.2264 0.996134
0.2266 0.994951
0.2268 0.993611
0.227 0.992115
0.2272 0.990461
0.2274 0.988652
0.2276 0.986686
0.2278 0.984564
0.228 0.982287
0.2282 0.979855
0.2284 0.977268
0.2286 0.974527
0.2288 0.971632
0.229 0.968583
0.2292 0.965382
0.2294 0.962028
0.2296 0.958522
0.2298 0.954864
0.23 0.951057
0.2302 0.947098
0.2304 0.94299
0.2306 0.938734
0.2308 0.934329
0.231 0.929776
0.2312 0.925077
0.2314 0.920232
0.2316 0.915241
0.2318 0.910106
0.232 0.904827
0.2322 0.899406
0.2324 0.893841
0.2326 0.888137
0.2328 0.882292
0.233 0.876307
0.2332 0.870184
0.2334 0.863924
0.2336 0.857527
0.2338 0.850994
0.234 0.844328
0.2342 0.837528
0.2344 0.830596
0.2346 0.823533
0.2348 0.816339
0.235 0.809017
0.2352 0.801568
0.2354 0.793991
0.2356 0.786289
0.2358 0.778462
0.236 0.770513
0.2362 0.762443
0.2364 0.754252
0.2366 0.745941
0.2368 0.737513
0.237 0.728969
0.2372 0.720309
0.2374 0.711536
0.2376 0.70265
0.2378 0.693654
0.238 0.684548
0.2382 0.675333
0.2384 0.666012
0.2386 0.656586
0.2388 0.647056
0.239 0.637425
0.2392 0.627692
0.2394 0.617859
0.2396 0.607931
0.2398 0.597905
0.24 0.587785
0.2402 0.577573
0.2404 0.56727
0.2406 0.556876
0.2408 0.546395
0.241 0.535827
0.2412 0.525175
0.2414 0.51444
0.2416 0.503623
0.2418 0.492728
0.242 0.481754
0.2422 0.470704
0.2424 0.459581
0.2426 0.448384
0.2428 0.437115
0.243 0.425779
0.2432 0.414376
0.2434 0.402906
0.2436 0.391374
0.2438 0.379779
0.244 0.368125
0.2442 0.356413
0.2444 0.344643
0.2446 0.33282
0.2448 0.320945
0.245 0.309017
0.2452 0.297042
0.2454 0.285019
0.2456 0.272951
0.2458 0.260843
0.246 0.24869
0.2462 0.236499
0.2464 0.224271
0.2466 0.212008
0.2468 0.19971
0.247 0.187382
0.2472 0.175023
0.2474 0.162638
0.2476 0.150226
0.2478 0.137791
0.248 0.125334
0.2482 0.112856
0.2484 0.100362
0.2486 0.0878522
0.2488 0.0753271
0.249 0.0627902
0.2492 0.0502456
0.2494 0.0376908
0.2496 0.0251301
0.2498 0.0125665
0.25 -2.34067e-07
0.2502 -0.0125658
0.2504 -0.0251305
0.2506 -0.0376889
0.2508 -0.0502438
0.251 -0.0627895
0.2512 -0.0753264
0.2514 -0.0878503
0.2516 -0.100362
0.2518 -0.112857
0.252 -0.125333
0.2522 -0.137791
0.2524 -0.150225
0.2526 -0.162636
0.2528 -0.175022
0.253 -0.187381
0.2532 -0.199709
0.2534 -0.212007
0.2536 -0.22427
0.2538 -0.236499
0.254 -0.248691
0.2542 -0.260841
0.2544 -0.272951
0.2546 -0.285019
0.2548 -0.297041
0.255 -0.309017
0.2552 -0.320944
0.2554 -0.332819
0.2556 -0.344643
0.2558 -0.356411
0.256 -0.368123
0.2562 -0.379778
0.2564 -0.391373
0.2566 -0.402906
0.2568 -0.414376
0.257 -0.425779
0.2572 -0.437116
0.2574 -0.448384
0.2576 -0.459579
0.2578 -0.470703
0.258 -0.481753
0.2582 -0.492726
0.2584 -0.503623
0.2586 -0.51444
0.2588 -0.525174
0.259 -0.535827
0.2592 -0.546394
0.2594 -0.556874
0.2596 -0.567268
0.2598 -0.577572
0.26 -0.587785
0.2602 -0.597905
0.2604 -0.60793
0.2606 -0.61786
0.2608 -0.627692
0.261 -0.637424
0.2612 -0.647055
0.2614 -0.656585
0.2616 -0.666011
0.2618 -0.675332
0.262 -0.684547
0.2622 -0.693653
0.2624 -0.70265
0.2626 -0.711536
0.2628 -0.720309
0.263 -0.728968
0.2632 -0.737513
0.2634 -0.745941
0.2636 -0.754251
0.2638 -0.762442
0.264 -0.770513
0.2642 -0.778463
0.2644 -0.786288
0.2646 -0.793989
0.2648 -0.801566
0.265 -0.809016
0.2652 -0.816339
0.2654 -0.823533
0.2656 -0.830596
0.2658 -0.837528
0.266 -0.844328
0.2662 -0.850995
0.2664 -0.857526
0.2666 -0.863923
0.2668 -0.870183
0.267 -0.876306
0.2672 -0.882291
0.2674 -0.888136
0.2676 -0.893842
0.2678 -0.899405
0.268 -0.904827
0.2682 -0.910106
0.2684 -0.915241
0.2686 -0.920232
0.2688 -0.925077
0.269 -0.929776
0.2692 -0.934329
0.2694 -0.938734
0.2696 -0.942991
0.2698 -0.947099
0.27 -0.951056
0.2702 -0.954864
0.2704 -0.958522
0.2706 -0.962027
0.2708 -0.965382
0.271 -0.968583
0.2712 -0.971632
0.2714 -0.974527
0.2716 -0.977268
0.2718 -0.979855
0.272 -0.982287
0.2722 -0.984564
0.2724 -0.986686
0.2726 -0.988652
0.2728 -0.990461
0.273 -0.992115
0.2732 -0.993611
0.2734 -0.994951
0.2736 -0.996134
0.2738 -0.997159
0.274 -0.998027
0.2742 -0.998737
0.2744 -0.999289
0.2746 -0.999684
0.2748 -0.999921
0.275 -1
0.2752 -0.999921
0.2754 -0.999684
0.2756 -0.99929
0.2758 -0.998737
0.276 -0.998027
0.2762 -0.997159
0.2764 -0.996134
0.2766 -0.994951
0.2768 -0.993611
0.277 -0.992115
0.2772 -0.990462
0.2774 -0.988652
0.2776 -0.986686
0.2778 -0.984564
0.278 -0.982287
0.2782 -0.979855
0.2784 -0.977268
0.2786 -0.974527
0.2788 -0.971632
0.279 -0.968583
0.2792 -0.965382
0.2794 -0.962028
0.2796 -0.958522
0.2798 -0.954865
0.28 -0.951056
0.2802 -0.947098
0.2804 -0.942991
0.2806 -0.938734
0.2808 -0.934329
0.281 -0.929777
0.2812 -0.925077
0.2814 -0.920232
0.2816 -0.915241
0.2818 -0.910106
0.282 -0.904827
0.2822 -0.899406
0.2824 -0.893842
0.2826 -0.888137
0.2828 -0.882291
0.283 -0.876307
0.2832 -0.870184
0.2834 -0.863923
0.2836 -0.857527
0.2838 -0.850994
0.284 -0.844328
0.2842 -0.837529
0.2844 -0.830596
0.2846 -0.823533
0.2848 -0.81634
0.285 -0.809017
0.2852 -0.801567
0.2854 -0.79399
0.2856 -0.786288
0.2858 -0.778463
0.286 -0.770514
0.2862 -0.762443
0.2864 -0.754252
0.2866 -0.745941
0.2868 -0.737513
0.287 -0.728969
0.2872 -0.720309
0.2874 -0.711536
0.2876 -0.702651
0.2878 -0.693654
0.288 -0.684547
0.2882 -0.675333
0.2884 -0.666012
0.2886 -0.656586
0.2888 -0.647056
0.289 -0.637423
0.2892 -0.627692
0.2894 -0.617861
0.2896 -0.607931
0.2898 -0.597906
0.29 -0.587786
0.2902 -0.577573
0.2904 -0.567269
0.2906 -0.556875
0.2908 -0.546394
0.291 -0.535828
0.2912 -0.525176
0.2914 -0.51444
0.2916 -0.503624
0.2918 -0.492728
0.292 -0.481754
0.2922 -0.470704
0.2924 -0.459579
0.2926 -0.448383
0.2928 -0.437117
0.293 -0.42578
0.2932 -0.414377
0.2934 -0.402907
0.2936 -0.391374
0.2938 -0.37978
0.294 -0.368124
0.2942 -0.356412
0.2944 -0.344643
0.2946 -0.332821
0.2948 -0.320944
0.295 -0.309018
0.2952 -0.297042
0.2954 -0.28502
0.2956 -0.272952
0.2958 -0.260841
0.296 -0.24869
0.2962 -0.236498
0.2964 -0.224272
0.2966 -0.212009
0.2968 -0.199711
0.297 -0.187381
0.2972 -0.175024
0.2974 -0.162637
0.2976 -0.150226
0.2978 -0.13779
0.298 -0.125335
0.2982 -0.112857
0.2984 -0.100363
0.2986 -0.0878517
0.2988 -0.0753278
0.299 -0.0627908
0.2992 -0.050244
0.2994 -0.0376903
0.2996 -0.0251295
0.2998 -0.0125671
0.3 -3.18331e-06
0.3002 0.0251303
0.3004 0.0502597
0.3006 0.0753789
0.3008 0.100489
0.301 0.12558
0.3012 0.150654
0.3014 0.175704
0.3016 0.200722
0.3018 0.22571
0.302 0.250665
0.3022 0.275578
0.3024 0.30045
0.3026 0.325275
0.3028 0.350046
0.303 0.374763
0.3032 0.39942
0.3034 0.424011
0.3036 0.448539
0.3038 0.472997
0.304 0.497378
0.3042 0.521683
0.3044 0.545903
0.3046 0.570039
0.3048 0.594085
0.305 0.618034
0.3052 0.641885
0.3054 0.665638
0.3056 0.689283
0.3058 0.712823
0.306 0.736249
0.3062 0.759557
0.3064 0.782748
0.3066 0.805813
0.3068 0.828748
0.307 0.851556
0.3072 0.874231
0.3074 0.896765
0.3076 0.919159
0.3078 0.941406
0.308 0.963507
0.3082 0.985456
0.3084 1.00725
0.3086 1.02888
0.3088 1.05035
0.309 1.07165
0.3092 1.09279
0.3094 1.11375
0.3096 1.13454
0.3098 1.15515
0.31 1.17557
0.3102 1.19581
0.3104 1.21586
0.3106 1.23572
0.3108 1.25538
0.311 1.27485
0.3112 1.29411
0.3114 1.31317
0.3116 1.33202
0.3118 1.35067
0.312 1.3691
0.3122 1.38731
0.3124 1.4053
0.3126 1.42307
0.3128 1.44062
0.313 1.45794
0.3132 1.47502
0.3134 1.49188
0.3136 1.5085
0.3138 1.52488
0.314 1.54103
0.3142 1.55692
0.3144 1.57257
0.3146 1.58798
0.3148 1.60313
0.315 1.61803
0.3152 1.63268
0.3154 1.64706
0.3156 1.66119
0.3158 1.67505
0.316 1.68865
0.3162 1.70199
0.3164 1.71505
0.3166 1.72785
0.3168 1.74037
0.317 1.75261
0.3172 1.76458
0.3174 1.77627
0.3176 1.78768
0.3178 1.79881
0.318 1.80965
0.3182 1.82021
0.3184 1.83048
0.3186 1.84046
0.3188 1.85015
0.319 1.85955
0.3192 1.86866
0.3194 1.87747
0.3196 1.88598
0.3198 1.8942
0.32 1.90211
0.3202 1.90973
0.3204 1.91704
0.3206 1.92406
0.3208 1.93076
0.321 1.93717
0.3212 1.94326
0.3214 1.94905
0.3216 1.95454
0.3218 1.95971
0.322 1.96457
0.3222 1.96913
0.3224 1.97337
0.3226 1.9773
0.3228 1.98092
0.323 1.98423
0.3232 1.98722
0.3234 1.9899
0.3236 1.99227
0.3238 1.99432
0.324 1.99605
0.3242 1.99747
0.3244 1.99858
0.3246 1.99937
0.3248 1.99984
0.325 2
0.3252 1.99984
0.3254 1.99937
0.3256 1.99858
0.3258 1.99747
0.326 1.99605
0.3262 1.99432
0.3264 1.99227
0.3266 1.9899
0.3268 1.98722
0.327 1.98423
0.3272 1.98092
0.3274 1.9773
0.3276 1.97337
0.3278 1.96913
0.328 1.96458
0.3282 1.95971
0.3284 1.95454
0.3286 1.94905
0.3288 1.94326
0.329 1.93717
0.3292 1.93076
0.3294 1.92406
0.3296 1.91704
0.3298 1.90973
0.33 1.90211
0.3302 1.8942
0.3304 1.88598
0.3306 1.87747
0.3308 1.86866
0.331 1.85955
0.3312 1.85015
0.3314 1.84047
0.3316 1.83048
0.3318 1.82021
0.332 1.80965
0.3322 1.79881
0.3324 1.78768
0.3326 1.77627
0.3328 1.76458
0.333 1.75261
0.3332 1.74037
0.3334 1.72785
0.3336 1.71506
0.3338 1.70199
0.334 1.68866
0.3342 1.67506
0.3344 1.66119
0.3346 1.64707
0.3348 1.63268
0.335 1.61804
0.3352 1.60314
0.3354 1.58798
0.3356 1.57258
0.3358 1.55693
0.336 1.54103
0.3362 1.52489
0.3364 1.5085
0.3366 1.49188
0.3368 1.47503
0.337 1.45794
0.3372 1.44062
0.3374 1.42307
0.3376 1.4053
0.3378 1.38731
0.338 1.3691
0.3382 1.35067
0.3384 1.33202
0.3386 1.31317
0.3388 1.29411
0.339 1.27485
0.3392 1.25539
0.3394 1.23572
0.3396 1.21586
0.3398 1.19581
0.34 1.17557
0.3402 1.15515
0.3404 1.13454
0.3406 1.11375
0.3408 1.09279
0.341 1.07165
0.3412 1.05035
0.3414 1.02888
0.3416 1.00725
0.3418 0.985454
0.342 0.96351
0.3422 0.941409
0.3424 0.91916
0.3426 0.896769
0.3428 0.874233
0.343 0.851559
0.3432 0.828751
0.3434 0.805811
0.3436 0.782748
0.3438 0.759562
0.344 0.736252
0.3442 0.712825
0.3444 0.689286
0.3446 0.665638
0.3448 0.64189
0.345 0.618035
0.3452 0.594083
0.3454 0.570037
0.3456 0.545905
0.3458 0.521683
0.346 0.497383
0.3462 0.473
0.3464 0.448542
0.3466 0.424014
0.3468 0.399418
0.347 0.374764
0.3472 0.350051
0.3474 0.325278
0.3476 0.300453
0.3478 0.275581
0.348 0.250666
0.3482 0.225715
0.3484 0.200725
0.3486 0.175702
0.3488 0.150652
0.349 0.125583
0.3492 0.100489
0.3494 0.0753843
0.3496 0.0502627
0.3498 0.0251333
0.35 -1.87254e-07
0.3502 -0.0251336
0.3504 -0.0502584
0.3506 -0.07538
0.3508 -0.100485
0.351 -0.125579
0.3512 -0.150653
0.3514 -0.175703
0.3516 -0.20072
0.3518 -0.225711
0.352 -0.250666
0.3522 -0.275582
0.3524 -0.300454
0.3526 -0.325274
0.3528 -0.350042
0.353 -0.37476
0.3532 -0.399419
0.3534 -0.424014
0.3536 -0.448543
0.3538 -0.472996
0.354 -0.497379
0.3542 -0.521684
0.3544 -0.545901
0.3546 -0.570037
0.3548 -0.594083
0.355 -0.618031
0.3552 -0.641885
0.3554 -0.665639
0.3556 -0.689287
0.3558 -0.712826
0.356 -0.736248
0.3562 -0.759554
0.3564 -0.782745
0.3566 -0.805811
0.3568 -0.828751
0.357 -0.85156
0.3572 -0.874229
0.3574 -0.896766
0.3576 -0.91916
0.3578 -0.941405
0.358 -0.963506
0.3582 -0.985455
0.3584 -1.00724
0.3586 -1.02888
0.3588 -1.05035
0.359 -1.07165
0.3592 -1.09279
0.3594 -1.11375
0.3596 -1.13453
0.3598 -1.15514
0.36 -1.17557
0.3602 -1.19581
0.3604 -1.21586
0.3606 -1.23572
0.3608 -1.25538
0.361 -1.27485
0.3612 -1.29411
0.3614 -1.31317
0.3616 -1.33202
0.3618 -1.35066
0.362 -1.36909
0.3622 -1.38731
0.3624 -1.4053
0.3626 -1.42307
0.3628 -1.44062
0.363 -1.45794
0.3632 -1.47502
0.3634 -1.49188
0.3636 -1.5085
0.3638 -1.52489
0.364 -1.54102
0.3642 -1.55692
0.3644 -1.57258
0.3646 -1.58798
0.3648 -1.60313
0.365 -1.61803
0.3652 -1.63268
0.3654 -1.64706
0.3656 -1.66119
0.3658 -1.67506
0.366 -1.68866
0.3662 -1.70199
0.3664 -1.71505
0.3666 -1.72784
0.3668 -1.74037
0.367 -1.75261
0.3672 -1.76458
0.3674 -1.77627
0.3676 -1.78768
0.3678 -1.79881
0.368 -1.80965
0.3682 -1.82021
0.3684 -1.83048
0.3686 -1.84046
0.3688 -1.85015
0.369 -1.85955
0.3692 -1.86866
0.3694 -1.87747
0.3696 -1.88598
0.3698 -1.8942
0.37 -1.90211
0.3702 -1.90973
0.3704 -1.91704
0.3706 -1.92406
0.3708 -1.93076
0.371 -1.93717
0.3712 -1.94326
0.3714 -1.94905
0.3716 -1.95454
0.3718 -1.95971
0.372 -1.96457
0.3722 -1.96913
0.3724 -1.97337
0.3726 -1.9773
0.3728 -1.98092
0.373 -1.98423
0.3732 -1.98722
0.3734 -1.9899
0.3736 -1.99227
0.3738 -1.99432
0.374 -1.99605
0.3742 -1.99747
0.3744 -1.99858
0.3746 -1.99937
0.3748 -1.99984
0.375 -2
0.3752 -1.99984
0.3754 -1.99937
0.3756 -1.99858
0.3758 -1.99747
0.376 -1.99605
0.3762 -1.99432
0.3764 -1.99227
0.3766 -1.9899
0.3768 -1.98722
0.377 -1.98423
0.3772 -1.98092
0.3774 -1.9773
0.3776 -1.97337
0.3778 -1.96913
0.378 -1.96457
0.3782 -1.95971
0.3784 -1.95454
0.3786 -1.94905
0.3788 -1.94326
0.379 -1.93717
0.3792 -1.93076
0.3794 -1.92406
0.3796 -1.91704
0.3798 -1.90973
0.38 -1.90211
0.3802 -1.8942
0.3804 -1.88598
0.3806 -1.87747
0.3808 -1.86866
0.381 -1.85955
0.3812 -1.85016
0.3814 -1.84046
0.3816 -1.83048
0.3818 -1.82021
0.382 -1.80965
0.3822 -1.79881
0.3824 -1.78768
0.3826 -1.77627
0.3828 -1.76458
0.383 -1.75261
0.3832 -1.74037
0.3834 -1.72785
0.3836 -1.71505
0.3838 -1.70199
0.384 -1.68865
0.3842 -1.67506
0.3844 -1.66119
0.3846 -1.64707
0.3848 -1.63268
0.385 -1.61803
0.3852 -1.60313
0.3854 -1.58798
0.3856 -1.57258
0.3858 -1.55692
0.386 -1.54103
0.3862 -1.52489
0.3864 -1.5085
0.3866 -1.49188
0.3868 -1.47503
0.387 -1.45794
0.3872 -1.44062
0.3874 -1.42307
0.3876 -1.4053
0.3878 -1.38731
0.388 -1.3691
0.3882 -1.35067
0.3884 -1.33202
0.3886 -1.31317
0.3888 -1.29411
0.389 -1.27485
0.3892 -1.25538
0.3894 -1.23572
0.3896 -1.21586
0.3898 -1.19581
0.39 -1.17557
0.3902 -1.15515
0.3904 -1.13454
0.3906 -1.11375
0.3908 -1.09279
0.391 -1.07165
0.3912 -1.05035
0.3914 -1.02888
0.3916 -1.00725
0.3918 -0.985455
0.392 -0.963507
0.3922 -0.94141
0.3924 -0.919161
0.3926 -0.896766
0.3928 -0.87423
0.393 -0.85156
0.3932 -0.828752
0.3934 -0.805816
0.3936 -0.78275
0.3938 -0.759559
0.394 -0.736249
0.3942 -0.712822
0.3944 -0.689288
0.3946 -0.66564
0.3948 -0.641891
0.395 -0.618036
0.3952 -0.594084
0.3954 -0.570038
0.3956 -0.545907
0.3958 -0.521685
0.396 -0.49738
0.3962 -0.472997
0.3964 -0.448539
0.3966 -0.424015
0.3968 -0.399424
0.397 -0.374765
0.3972 -0.350048
0.3974 -0.325274
0.3976 -0.30045
0.3978 -0.275583
0.398 -0.250667
0.3982 -0.225717
0.3984 -0.200726
0.3986 -0.175704
0.3988 -0.150654
0.399 -0.125584
0.3992 -0.100491
0.3994 -0.0753809
0.3996 -0.0502594
0.3998 -0.0251299
0.4 -5.61761e-07
0.4002 0.0125638
0.4004 0.0251286
0.4006 0.0376893
0.4008 0.0502441
0.401 0.062791
0.4012 0.0753257
0.4014 0.0878507
0.4016 0.100362
0.4018 0.112855
0.402 0.125332
0.4022 0.13779
0.4024 0.150224
0.4026 0.162636
0.4028 0.175023
0.403 0.187382
0.4032 0.199711
0.4034 0.212006
0.4036 0.224268
0.4038 0.236497
0.404 0.248689
0.4042 0.260841
0.4044 0.272952
0.4046 0.285018
0.4048 0.297041
0.405 0.309017
0.4052 0.320944
0.4054 0.332819
0.4056 0.344643
0.4058 0.35641
0.406 0.368123
0.4062 0.379779
0.4064 0.391374
0.4066 0.402907
0.4068 0.414375
0.407 0.425777
0.4072 0.437114
0.4074 0.448382
0.4076 0.459579
0.4078 0.470704
0.408 0.481752
0.4082 0.492727
0.4084 0.503623
0.4086 0.51444
0.4088 0.525174
0.409 0.535827
0.4092 0.546393
0.4094 0.556875
0.4096 0.567268
0.4098 0.577573
0.41 0.587786
0.4102 0.597904
0.4104 0.60793
0.4106 0.617858
0.4108 0.62769
0.411 0.637424
0.4112 0.647056
0.4114 0.656585
0.4116 0.666011
0.4118 0.675333
0.412 0.684547
0.4122 0.693654
0.4124 0.70265
0.4126 0.711534
0.4128 0.720308
0.413 0.728968
0.4132 0.737513
0.4134 0.745942
0.4136 0.754251
0.4138 0.762442
0.414 0.770512
0.4142 0.778461
0.4144 0.786288
0.4146 0.79399
0.4148 0.801566
0.415 0.809016
0.4152 0.816339
0.4154 0.823533
0.4156 0.830597
0.4158 0.837528
0.416 0.844327
0.4162 0.850994
0.4164 0.857526
0.4166 0.863923
0.4168 0.870184
0.417 0.876306
0.4172 0.882291
0.4174 0.888137
0.4176 0.893841
0.4178 0.899405
0.418 0.904827
0.4182 0.910105
0.4184 0.915241
0.4186 0.920232
0.4188 0.925077
0.419 0.929777
0.4192 0.934329
0.4194 0.938733
0.4196 0.94299
0.4198 0.947098
0.42 0.951056
0.4202 0.954865
0.4204 0.958521
0.4206 0.962027
0.4208 0.965382
0.421 0.968583
0.4212 0.971632
0.4214 0.974527
0.4216 0.977268
0.4218 0.979855
0.422 0.982287
0.4222 0.984564
0.4224 0.986686
0.4226 0.988652
0.4228 0.990461
0.423 0.992114
0.4232 0.993611
0.4234 0.994951
0.4236 0.996134
0.4238 0.997159
0.424 0.998027
0.4242 0.998737
0.4244 0.99929
0.4246 0.999684
0.4248 0.999921
0.425 1
0.4252 0.999921
0.4254 0.999684
0.4256 0.999289
0.4258 0.998737
0.426 0.998027
0.4262 0.997159
0.4264 0.996134
0.4266 0.994951
0.4268 0.993611
0.427 0.992115
0.4272 0.990462
0.4274 0.988652
0.4276 0.986686
0.4278 0.984564
0.428 0.982287
0.4282 0.979855
0.4284 0.977269
0.4286 0.974527
0.4288 0.971632
0.429 0.968583
0.4292 0.965382
0.4294 0.962028
0.4296 0.958522
0.4298 0.954865
0.43 0.951057
0.4302 0.947099
0.4304 0.942991
0.4306 0.938734
0.4308 0.934329
0.431 0.929777
0.4312 0.925077
0.4314 0.920231
0.4316 0.915241
0.4318 0.910107
0.432 0.904828
0.4322 0.899406
0.4324 0.893842
0.4326 0.888136
0.4328 0.882292
0.433 0.876307
0.4332 0.870184
0.4334 0.863924
0.4336 0.857527
0.4338 0.850995
0.434 0.844329
0.4342 0.837529
0.4344 0.830596
0.4346 0.823532
0.4348 0.816339
0.435 0.809017
0.4352 0.801568
0.4354 0.793991
0.4356 0.786289
0.4358 0.778463
0.436 0.770513
0.4362 0.762443
0.4364 0.754252
0.4366 0.745941
0.4368 0.737513
0.437 0.728969
0.4372 0.720309
0.4374 0.711537
0.4376 0.702651
0.4378 0.693654
0.438 0.684547
0.4382 0.675332
0.4384 0.666013
0.4386 0.656586
0.4388 0.647057
0.439 0.637425
0.4392 0.627692
0.4394 0.617859
0.4396 0.607931
0.4398 0.597906
0.44 0.587785
0.4402 0.577572
0.4404 0.56727
0.4406 0.556876
0.4408 0.546396
0.441 0.535828
0.4412 0.525175
0.4414 0.51444
0.4416 0.503623
0.4418 0.492728
0.442 0.481754
0.4422 0.470706
0.4424 0.459581
0.4426 0.448384
0.4428 0.437116
0.443 0.425781
0.4432 0.414376
0.4434 0.402907
0.4436 0.391373
0.4438 0.379778
0.444 0.368125
0.4442 0.356414
0.4444 0.344644
0.4446 0.33282
0.4448 0.320944
0.445 0.309017
0.4452 0.297043
0.4454 0.28502
0.4456 0.272952
0.4458 0.260843
0.446 0.248691
0.4462 0.236499
0.4464 0.224272
0.4466 0.212008
0.4468 0.19971
0.447 0.187381
0.4472 0.175022
0.4474 0.162638
0.4476 0.150228
0.4478 0.137792
0.448 0.125334
0.4482 0.112857
0.4484 0.100361
0.4486 0.0878525
0.4488 0.0753274
0.449 0.0627905
0.4492 0.0502459
0.4494 0.0376911
0.4496 0.0251303
0.4498 0.0125679
0.45 1.21715e-06
0.4502 -0.0125655
0.4504 -0.0251302
0.4506 -0.037691
0.4508 -0.0502435
0.451 -0.062788
0.4512 -0.075325
0.4514 -0.0878501
0.4516 -0.100361
0.4518 -0.112857
0.452 -0.125332
0.4522 -0.13779
0.4524 -0.150226
0.4526 -0.162638
0.4528 -0.175022
0.453 -0.187381
0.4532 -0.199708
0.4534 -0.212006
0.4536 -0.22427
0.4538 -0.236499
0.454 -0.248691
0.4542 -0.260841
0.4544 -0.272952
0.4546 -0.285017
0.4548 -0.29704
0.455 -0.309016
0.4552 -0.320944
0.4554 -0.332818
0.4556 -0.344642
0.4558 -0.356412
0.456 -0.368125
0.4562 -0.379778
0.4564 -0.391373
0.4566 -0.402904
0.4568 -0.414374
0.457 -0.425779
0.4572 -0.437116
0.4574 -0.448384
0.4576 -0.459579
0.4578 -0.470704
0.458 -0.481752
0.4582 -0.492726
0.4584 -0.503623
0.4586 -0.51444
0.4588 -0.525173
0.459 -0.535826
0.4592 -0.546394
0.4594 -0.556876
0.4596 -0.56727
0.4598 -0.577572
0.46 -0.587783
0.4602 -0.597904
0.4604 -0.60793
0.4606 -0.617859
0.4608 -0.627692
0.461 -0.637423
0.4612 -0.647056
0.4614 -0.656586
0.4616 -0.666011
0.4618 -0.675332
0.462 -0.684547
0.4622 -0.693652
0.4624 -0.702649
0.4626 -0.711535
0.4628 -0.720309
0.463 -0.728969
0.4632 -0.737513
0.4634 -0.74594
0.4636 -0.75425
0.4638 -0.762442
0.464 -0.770513
0.4642 -0.778462
0.4644 -0.786288
0.4646 -0.79399
0.4648 -0.801567
0.465 -0.809016
0.4652 -0.816339
0.4654 -0.823532
0.4656 -0.830595
0.4658 -0.837527
0.466 -0.844328
0.4662 -0.850995
0.4664 -0.857527
0.4666 -0.863923
0.4668 -0.870183
0.467 -0.876306
0.4672 -0.882291
0.4674 -0.888136
0.4676 -0.893842
0.4678 -0.899405
0.468 -0.904827
0.4682 -0.910106
0.4684 -0.915241
0.4686 -0.920231
0.4688 -0.925077
0.469 -0.929776
0.4692 -0.934328
0.4694 -0.938734
0.4696 -0.942991
0.4698 -0.947098
0.47 -0.951056
0.4702 -0.954864
0.4704 -0.958521
0.4706 -0.962027
0.4708 -0.965382
0.471 -0.968583
0.4712 -0.971631
0.4714 -0.974527
0.4716 -0.977268
0.4718 -0.979855
0.472 -0.982287
0.4722 -0.984564
0.4724 -0.986686
0.4726 -0.988652
0.4728 -0.990461
0.473 -0.992115
0.4732 -0.993611
0.4734 -0.994951
0.4736 -0.996134
0.4738 -0.997159
0.474 -0.998027
0.4742 -0.998737
0.4744 -0.999289
0.4746 -0.999684
0.4748 -0.999921
0.475 -1
0.4752 -0.999921
0.4754 -0.999684
0.4756 -0.99929
0.4758 -0.998737
0.476 -0.998027
0.4762 -0.997159
0.4764 -0.996134
0.4766 -0.994951
0.4768 -0.993611
0.477 -0.992115
0.4772 -0.990461
0.4774 -0.988652
0.4776 -0.986686
0.4778 -0.984564
0.478 -0.982288
0.4782 -0.979855
0.4784 -0.977268
0.4786 -0.974527
0.4788 -0.971632
0.479 -0.968583
0.4792 -0.965382
0.4794 -0.962028
0.4796 -0.958522
0.4798 -0.954865
0.48 -0.951056
0.4802 -0.947099
0.4804 -0.942991
0.4806 -0.938734
0.4808 -0.93433
0.481 -0.929777
0.4812 -0.925077
0.4814 -0.920233
0.4816 -0.915242
0.4818 -0.910106
0.482 -0.904827
0.4822 -0.899405
0.4824 -0.893842
0.4826 -0.888138
0.4828 -0.882292
0.483 -0.876307
0.4832 -0.870184
0.4834 -0.863923
0.4836 -0.857527
0.4838 -0.850995
0.484 -0.844328
0.4842 -0.837528
0.4844 -0.830597
0.4846 -0.823533
0.4848 -0.816341
0.485 -0.809018
0.4852 -0.801567
0.4854 -0.79399
0.4856 -0.786288
0.4858 -0.778463
0.486 -0.770513
0.4862 -0.762444
0.4864 -0.754252
0.4866 -0.745942
0.4868 -0.737513
0.487 -0.72897
0.4872 -0.72031
0.4874 -0.711536
0.4876 -0.70265
0.4878 -0.693653
0.488 -0.684548
0.4882 -0.675334
0.4884 -0.666013
0.4886 -0.656586
0.4888 -0.647056
0.489 -0.637424
0.4892 -0.627692
0.4894 -0.61786
0.4896 -0.607932
0.4898 -0.597906
0.49 -0.587786
0.4902 -0.577573
0.4904 -0.56727
0.4906 -0.556877
0.4908 -0.546395
0.491 -0.535827
0.4912 -0.525174
0.4914 -0.51444
0.4916 -0.503625
0.4918 -0.492729
0.492 -0.481755
0.4922 -0.470704
0.4924 -0.45958
0.4926 -0.448384
0.4928 -0.437116
0.493 -0.425779
0.4932 -0.414377
0.4934 -0.402907
0.4936 -0.391374
0.4938 -0.379781
0.494 -0.368126
0.4942 -0.356412
0.4944 -0.344643
0.4946 -0.332819
0.4948 -0.320944
0.495 -0.309019
0.4952 -0.297043
0.4954 -0.28502
0.4956 -0.272952
0.4958 -0.260841
0.496 -0.248691
0.4962 -0.2365
0.4964 -0.224271
0.4966 -0.212007
0.4968 -0.199711
0.497 -0.187382
0.4972 -0.175025
0.4974 -0.162639
0.4976 -0.150226
0.4978 -0.13779
0.498 -0.125333
0.4982 -0.112857
0.4984 -0.100364
0.4986 -0.0878531
0.4988 -0.0753281
0.499 -0.0627911
0.4992 -0.0502442
0.4994 -0.0376918
0.4996 -0.025131
0.4998 -0.0125663
0.5 4.68134e-07
0.5002 0.0125648
0.5004 0.0251296
0.5006 0.037688
0.5008 0.0502452
0.501 0.0627897
0.5012 0.0753243
0.5014 0.0878517
0.5016 0.100361
0.5018 0.112856
0.502 0.125331
0.5022 0.137791
0.5024 0.150225
0.5026 0.162637
0.5028 0.175021
0.503 0.187378
0.5032 0.19971
0.5034 0.212005
0.5036 0.224272
0.5038 0.236498
0.504 0.24869
0.5042 0.26084
0.5044 0.272953
0.5046 0.285019
0.5048 0.29704
0.505 0.309016
0.5052 0.320941
0.5054 0.33282
0.5056 0.344641
0.5058 0.356413
0.506 0.368124
0.5062 0.37978
0.5064 0.391373
0.5066 0.402904
0.5068 0.414376
0.507 0.425778
0.5072 0.437115
0.5074 0.448381
0.5076 0.45958
0.5078 0.470703
0.508 0.481755
0.5082 0.492728
0.5084 0.503622
0.5086 0.514439
0.5088 0.525173
0.509 0.535827
0.5092 0.546394
0.5094 0.556875
0.5096 0.567267
0.5098 0.577574
0.51 0.587785
0.5102 0.597903
0.5104 0.607931
0.5106 0.617859
0.5108 0.627691
0.511 0.637423
0.5112 0.647057
0.5114 0.656585
0.5116 0.66601
0.5118 0.675332
0.512 0.684545
0.5122 0.693653
0.5124 0.702649
0.5126 0.711537
0.5128 0.720309
0.513 0.728969
0.5132 0.737512
0.5134 0.745939
0.5136 0.754251
0.5138 0.762441
0.514 0.770513
0.5142 0.778461
0.5144 0.786289
0.5146 0.79399
0.5148 0.801568
0.515 0.809017
0.5152 0.816338
0.5154 0.823532
0.5156 0.830594
0.5158 0.837528
0.516 0.844327
0.5162 0.850994
0.5164 0.857526
0.5166 0.863924
0.5168 0.870183
0.517 0.876305
0.5172 0.882291
0.5174 0.888136
0.5176 0.893841
0.5178 0.899404
0.518 0.904827
0.5182 0.910106
0.5184 0.915241
0.5186 0.920231
0.5188 0.925076
0.519 0.929776
0.5192 0.934328
0.5194 0.938734
0.5196 0.94299
0.5198 0.947098
0.52 0.951056
0.5202 0.954865
0.5204 0.958522
0.5206 0.962027
0.5208 0.965381
0.521 0.968582
0.5212 0.971632
0.5214 0.974527
0.5216 0.977268
0.5218 0.979855
0.522 0.982287
0.5222 0.984564
0.5224 0.986685
0.5226 0.988652
0.5228 0.990461
0.523 0.992115
0.5232 0.993611
0.5234 0.994951
0.5236 0.996134
0.5238 0.997159
0.524 0.998027
0.5242 0.998737
0.5244 0.999289
0.5246 0.999684
0.5248 0.999921
0.525 1
0.5252 0.999921
0.5254 0.999684
0.5256 0.999289
0.5258 0.998737
0.526 0.998027
0.5262 0.997159
0.5264 0.996134
0.5266 0.994951
0.5268 0.993612
0.527 0.992115
0.5272 0.990462
0.5274 0.988652
0.5276 0.986686
0.5278 0.984565
0.528 0.982287
0.5282 0.979855
0.5284 0.977268
0.5286 0.974527
0.5288 0.971632
0.529 0.968584
0.5292 0.965382
0.5294 0.962028
0.5296 0.958522
0.5298 0.954865
0.53 0.951057
0.5302 0.947098
0.5304 0.942991
0.5306 0.938733
0.5308 0.934329
0.531 0.929777
0.5312 0.925078
0.5314 0.920233
0.5316 0.915241
0.5318 0.910106
0.532 0.904827
0.5322 0.899406
0.5324 0.893841
0.5326 0.888137
0.5328 0.882292
0.533 0.876306
0.5332 0.870184
0.5334 0.863924
0.5336 0.857528
0.5338 0.850994
0.534 0.844328
0.5342 0.837528
0.5344 0.830597
0.5346 0.823535
0.5348 0.816339
0.535 0.809018
0.5352 0.801566
0.5354 0.793991
0.5356 0.786288
0.5358 0.778463
0.536 0.770512
0.5362 0.762443
0.5364 0.754253
0.5366 0.745942
0.5368 0.737515
0.537 0.728969
0.5372 0.72031
0.5374 0.711535
0.5376 0.70265
0.5378 0.693653
0.538 0.684548
0.5382 0.675335
0.5384 0.666012
0.5386 0.656587
0.5388 0.647057
0.539 0.637426
0.5392 0.627691
0.5394 0.617861
0.5396 0.607929
0.5398 0.597905
0.54 0.587786
0.5402 0.577573
0.5404 0.567271
0.5406 0.556875
0.5408 0.546395
0.541 0.535827
0.5412 0.525176
0.5414 0.514439
0.5416 0.503624
0.5418 0.492729
0.542 0.481753
0.5422 0.470705
0.5424 0.45958
0.5426 0.448385
0.5428 0.437115
0.543 0.42578
0.5432 0.414376
0.5434 0.402908
0.5436 0.391377
0.5438 0.379779
0.544 0.368126
0.5442 0.356411
0.5444 0.344643
0.5446 0.332819
0.5448 0.320945
0.545 0.30902
0.5452 0.297042
0.5454 0.285021
0.5456 0.272953
0.5458 0.260844
0.546 0.24869
0.5462 0.2365
0.5464 0.224269
0.5466 0.212007
0.5468 0.199712
0.547 0.187382
0.5472 0.175026
0.5474 0.162637
0.5476 0.150227
0.5478 0.137791
0.548 0.125336
0.5482 0.112856
0.5484 0.100363
0.5486 0.0878538
0.5488 0.0753264
0.549 0.0627918
0.5492 0.0502449
0.5494 0.0376924
0.5496 0.0251293
0.5498 0.0125669
0.55 1.87254e-07
0.5502 -0.0125642
0.5504 -0.0251266
0.5506 -0.0376897
0.5508 -0.0502422
0.551 -0.0627914
0.5512 -0.075326
0.5514 -0.0878511
0.5516 -0.10036
0.5518 -0.112858
0.552 -0.125333
0.5522 -0.137788
0.5524 -0.150224
0.5526 -0.162634
0.5528 -0.175023
0.553 -0.18738
0.5532 -0.199711
0.5534 -0.212007
0.5536 -0.224271
0.5538 -0.236498
0.554 -0.248687
0.5542 -0.260842
0.5544 -0.27295
0.5546 -0.285018
0.5548 -0.297039
0.555 -0.309017
0.5552 -0.320942
0.5554 -0.332821
0.5556 -0.344643
0.5558 -0.35641
0.556 -0.368124
0.5562 -0.379777
0.5564 -0.391374
0.5566 -0.402905
0.5568 -0.414375
0.557 -0.425777
0.5572 -0.437117
0.5574 -0.448383
0.5576 -0.459578
0.5578 -0.470704
0.558 -0.481753
0.5582 -0.492727
0.5584 -0.503621
0.5586 -0.51444
0.5588 -0.525174
0.559 -0.535827
0.5592 -0.546393
0.5594 -0.556873
0.5596 -0.567269
0.5598 -0.577571
0.56 -0.587786
0.5602 -0.597905
0.5604 -0.60793
0.5606 -0.617858
0.5608 -0.627689
0.561 -0.637424
0.5612 -0.647055
0.5614 -0.656585
0.5616 -0.66601
0.5618 -0.675333
0.562 -0.684546
0.5622 -0.693654
0.5624 -0.70265
0.5626 -0.711534
0.5628 -0.720308
0.563 -0.728967
0.5632 -0.737513
0.5634 -0.74594
0.5636 -0.754251
0.5638 -0.762441
0.564 -0.770514
0.5642 -0.778462
0.5644 -0.786287
0.5646 -0.793991
0.5648 -0.801566
0.565 -0.809017
0.5652 -0.816338
0.5654 -0.823533
0.5656 -0.830595
0.5658 -0.837528
0.566 -0.844327
0.5662 -0.850993
0.5664 -0.857526
0.5666 -0.863922
0.5668 -0.870184
0.567 -0.876306
0.5672 -0.882291
0.5674 -0.888136
0.5676 -0.893842
0.5678 -0.899405
0.568 -0.904826
0.5682 -0.910105
0.5684 -0.91524
0.5686 -0.920232
0.5688 -0.925077
0.569 -0.929777
0.5692 -0.934329
0.5694 -0.938734
0.5696 -0.94299
0.5698 -0.947097
0.57 -0.951057
0.5702 -0.954864
0.5704 -0.958522
0.5706 -0.962027
0.5708 -0.965382
0.571 -0.968583
0.5712 -0.971632
0.5714 -0.974527
0.5716 -0.977268
0.5718 -0.979855
0.572 -0.982287
0.5722 -0.984564
0.5724 -0.986686
0.5726 -0.988652
0.5728 -0.990461
0.573 -0.992115
0.5732 -0.993611
0.5734 -0.994951
0.5736 -0.996134
0.5738 -0.997159
0.574 -0.998027
0.5742 -0.998737
0.5744 -0.99929
0.5746 -0.999684
0.5748 -0.999921
0.575 -1
0.5752 -0.999921
0.5754 -0.999684
0.5756 -0.99929
0.5758 -0.998737
0.576 -0.998027
0.5762 -0.997159
0.5764 -0.996134
0.5766 -0.994951
0.5768 -0.993611
0.577 -0.992115
0.5772 -0.990462
0.5774 -0.988652
0.5776 -0.986686
0.5778 -0.984565
0.578 -0.982287
0.5782 -0.979855
0.5784 -0.977269
0.5786 -0.974527
0.5788 -0.971632
0.579 -0.968583
0.5792 -0.965382
0.5794 -0.962028
0.5796 -0.958522
0.5798 -0.954864
0.58 -0.951057
0.5802 -0.947099
0.5804 -0.94299
0.5806 -0.938734
0.5808 -0.934329
0.581 -0.929777
0.5812 -0.925077
0.5814 -0.920232
0.5816 -0.915241
0.5818 -0.910107
0.582 -0.904829
0.5822 -0.899405
0.5824 -0.893842
0.5826 -0.888136
0.5828 -0.882292
0.583 -0.876307
0.5832 -0.870185
0.5834 -0.863923
0.5836 -0.857527
0.5838 -0.850996
0.584 -0.844329
0.5842 -0.83753
0.5844 -0.830596
0.5846 -0.823534
0.5848 -0.816339
0.585 -0.809017
0.5852 -0.801567
0.5854 -0.793991
0.5856 -0.78629
0.5858 -0.778462
0.586 -0.770514
0.5862 -0.762443
0.5864 -0.754253
0.5866 -0.745941
0.5868 -0.737514
0.587 -0.728967
0.5872 -0.720309
0.5874 -0.711537
0.5876 -0.702651
0.5878 -0.693655
0.588 -0.684547
0.5882 -0.675334
0.5884 -0.666012
0.5886 -0.656587
0.5888 -0.647055
0.589 -0.637425
0.5892 -0.627693
0.5894 -0.617859
0.5896 -0.607931
0.5898 -0.597905
0.59 -0.587787
0.5902 -0.577572
0.5904 -0.56727
0.5906 -0.556876
0.5908 -0.546396
0.591 -0.53583
0.5912 -0.525175
0.5914 -0.514441
0.5916 -0.503622
0.5918 -0.492728
0.592 -0.481754
0.5922 -0.470705
0.5924 -0.459579
0.5926 -0.448383
0.5928 -0.437118
0.593 -0.42578
0.5932 -0.414378
0.5934 -0.402906
0.5936 -0.391375
0.5938 -0.379778
0.594 -0.368125
0.5942 -0.356414
0.5944 -0.344644
0.5946 -0.332822
0.5948 -0.320943
0.595 -0.309018
0.5952 -0.297042
0.5954 -0.285022
0.5956 -0.272951
0.5958 -0.260843
0.596 -0.248693
0.5962 -0.236499
0.5964 -0.224272
0.5966 -0.212008
0.5968 -0.199712
0.597 -0.187381
0.5972 -0.175024
0.5974 -0.162637
0.5976 -0.150228
0.5978 -0.137794
0.598 -0.125334
0.5982 -0.112859
0.5984 -0.100361
0.5986 -0.0878521
0.5988 -0.0753271
0.599 -0.0627924
0.5992 -0.0502432
0.5994 -0.0376907
0.5996 -0.0251323
0.5998 -0.0125676
0.6 -6.36662e-06
0.6002 0.0251318
0.6004 0.0502566
0.6006 0.0753828
0.6008 0.100488
0.601 0.125581
0.6012 0.150651
0.6014 0.175696
0.6016 0.200723
0.6018 0.225709
0.602 0.250664
0.6022 0.275575
0.6024 0.300452
0.6026 0.325272
0.6028 0.350049
0.603 0.374763
0.6032 0.399417
0.6034 0.424012
0.6036 0.448536
0.6038 0.472999
0.604 0.497377
0.6042 0.521682
0.6044 0.5459
0.6046 0.57004
0.6048 0.594081
0.605 0.618029
0.6052 0.641888
0.6054 0.665637
0.6056 0.689285
0.6058 0.71282
0.606 0.736251
0.6062 0.759557
0.6064 0.782747
0.6066 0.80581
0.6068 0.828745
0.607 0.851558
0.6072 0.874228
0.6074 0.896768
0.6076 0.919158
0.6078 0.941408
0.608 0.963504
0.6082 0.985457
0.6084 1.00725
0.6086 1.02888
0.6088 1.05035
0.609 1.07165
0.6092 1.09279
0.6094 1.11375
0.6096 1.13454
0.6098 1.15515
0.61 1.17557
0.6102 1.19581
0.6104 1.21586
0.6106 1.23572
0.6108 1.25538
0.611 1.27485
0.6112 1.29411
0.6114 1.31317
0.6116 1.33202
0.6118 1.35066
0.612 1.36909
0.6122 1.3873
0.6124 1.4053
0.6126 1.42307
0.6128 1.44062
0.613 1.45794
0.6132 1.47503
0.6134 1.49188
0.6136 1.5085
0.6138 1.52488
0.614 1.54102
0.6142 1.55693
0.6144 1.57258
0.6146 1.58798
0.6148 1.60313
0.615 1.61804
0.6152 1.63268
0.6154 1.64706
0.6156 1.66119
0.6158 1.67505
0.616 1.68866
0.6162 1.70199
0.6164 1.71505
0.6166 1.72785
0.6168 1.74037
0.617 1.75261
0.6172 1.76458
0.6174 1.77627
0.6176 1.78768
0.6178 1.79881
0.618 1.80965
0.6182 1.82021
0.6184 1.83048
0.6186 1.84046
0.6188 1.85015
0.619 1.85955
0.6192 1.86866
0.6194 1.87747
0.6196 1.88598
0.6198 1.8942
0.62 1.90211
0.6202 1.90973
0.6204 1.91704
0.6206 1.92405
0.6208 1.93076
0.621 1.93717
0.6212 1.94326
0.6214 1.94905
0.6216 1.95454
0.6218 1.95971
0.622 1.96457
0.6222 1.96913
0.6224 1.97337
0.6226 1.9773
0.6228 1.98092
0.623 1.98423
0.6232 1.98722
0.6234 1.9899
0.6236 1.99227
0.6238 1.99432
0.624 1.99605
0.6242 1.99747
0.6244 1.99858
0.6246 1.99937
0.6248 1.99984
0.625 2
0.6252 1.99984
0.6254 1.99937
0.6256 1.99858
0.6258 1.99747
0.626 1.99605
0.6262 1.99432
0.6264 1.99227
0.6266 1.9899
0.6268 1.98722
0.627 1.98423
0.6272 1.98092
0.6274 1.9773
0.6276 1.97337
0.6278 1.96913
0.628 1.96458
0.6282 1.95971
0.6284 1.95454
0.6286 1.94905
0.6288 1.94327
0.629 1.93717
0.6292 1.93076
0.6294 1.92406
0.6296 1.91704
0.6298 1.90973
0.63 1.90211
0.6302 1.8942
0.6304 1.88598
0.6306 1.87747
0.6308 1.86866
0.631 1.85956
0.6312 1.85016
0.6314 1.84046
0.6316 1.83048
0.6318 1.82021
0.632 1.80966
0.6322 1.79881
0.6324 1.78768
0.6326 1.77627
0.6328 1.76458
0.633 1.75261
0.6332 1.74037
0.6334 1.72785
0.6336 1.71505
0.6338 1.70199
0.634 1.68866
0.6342 1.67506
0.6344 1.66119
0.6346 1.64707
0.6348 1.63268
0.635 1.61803
0.6352 1.60313
0.6354 1.58798
0.6356 1.57258
0.6358 1.55693
0.636 1.54103
0.6362 1.52488
0.6364 1.5085
0.6366 1.49189
0.6368 1.47503
0.637 1.45794
0.6372 1.44062
0.6374 1.42307
0.6376 1.4053
0.6378 1.38731
0.638 1.36909
0.6382 1.35067
0.6384 1.33203
0.6386 1.31317
0.6388 1.29412
0.639 1.27485
0.6392 1.25538
0.6394 1.23572
0.6396 1.21586
0.6398 1.19581
0.64 1.17558
0.6402 1.15515
0.6404 1.13454
0.6406 1.11376
0.6408 1.09279
0.641 1.07166
0.6412 1.05035
0.6414 1.02888
0.6416 1.00724
0.6418 0.985453
0.642 0.963508
0.6422 0.941412
0.6424 0.919167
0.6426 0.896768
0.6428 0.874236
0.643 0.851558
0.6432 0.828753
0.6434 0.80581
0.6436 0.782747
0.6438 0.759561
0.644 0.736246
0.6442 0.712824
0.6444 0.689289
0.6446 0.665646
0.6448 0.641888
0.645 0.618038
0.6452 0.59409
0.6454 0.57004
0.6456 0.545909
0.6458 0.521682
0.646 0.497382
0.6462 0.472994
0.6464 0.448541
0.6466 0.424017
0.6468 0.399426
0.647 0.374772
0.6472 0.350049
0.6474 0.325281
0.6476 0.300452
0.6478 0.275584
0.648 0.250664
0.6482 0.225714
0.6484 0.200719
0.6486 0.175701
0.6488 0.150655
0.649 0.125586
0.6492 0.100497
0.6494 0.0753828
0.6496 0.0502659
0.6498 0.0251318
0.65 2.99606e-06
0.6502 -0.0251351
0.6504 -0.0502599
0.6506 -0.0753768
0.6508 -0.100491
0.651 -0.12558
0.6512 -0.150649
0.6514 -0.175695
0.6516 -0.200722
0.6518 -0.225708
0.652 -0.250668
0.6522 -0.275579
0.6524 -0.300446
0.6526 -0.325275
0.6528 -0.350044
0.653 -0.374766
0.6532 -0.39942
0.6534 -0.424011
0.6536 -0.448535
0.6538 -0.472997
0.654 -0.497376
0.6542 -0.521676
0.6544 -0.545903
0.6546 -0.570034
0.6548 -0.594085
0.655 -0.618032
0.6552 -0.641891
0.6554 -0.66564
0.6556 -0.689284
0.6558 -0.712819
0.656 -0.736241
0.6562 -0.759556
0.6564 -0.782742
0.6566 -0.805813
0.6568 -0.828748
0.657 -0.851561
0.6572 -0.874231
0.6574 -0.896771
0.6576 -0.919161
0.6578 -0.941407
0.658 -0.963503
0.6582 -0.985448
0.6584 -1.00724
0.6586 -1.02887
0.6588 -1.05035
0.659 -1.07165
0.6592 -1.09279
0.6594 -1.11375
0.6596 -1.13454
0.6598 -1.15515
0.66 -1.17557
0.6602 -1.19581
0.6604 -1.21586
0.6606 -1.23572
0.6608 -1.25538
0.661 -1.27484
0.6612 -1.29411
0.6614 -1.31317
0.6616 -1.33202
0.6618 -1.35066
0.662 -1.3691
0.6622 -1.38731
0.6624 -1.4053
0.6626 -1.42307
0.6628 -1.44061
0.663 -1.45793
0.6632 -1.47502
0.6634 -1.49188
0.6636 -1.5085
0.6638 -1.52489
0.664 -1.54103
0.6642 -1.55693
0.6644 -1.57258
0.6646 -1.58798
0.6648 -1.60313
0.665 -1.61803
0.6652 -1.63268
0.6654 -1.64706
0.6656 -1.66119
0.6658 -1.67505
0.666 -1.68866
0.6662 -1.70199
0.6664 -1.71505
0.6666 -1.72785
0.6668 -1.74037
0.667 -1.75261
0.6672 -1.76458
0.6674 -1.77627
0.6676 -1.78768
0.6678 -1.79881
0.668 -1.80965
0.6682 -1.82021
0.6684 -1.83048
0.6686 -1.84046
0.6688 -1.85016
0.669 -1.85955
0.6692 -1.86866
0.6694 -1.87747
0.6696 -1.88598
0.6698 -1.8942
0.67 -1.90211
0.6702 -1.90973
0.6704 -1.91704
0.6706 -1.92406
0.6708 -1.93076
0.671 -1.93717
0.6712 -1.94326
0.6714 -1.94905
0.6716 -1.95454
0.6718 -1.95971
0.672 -1.96457
0.6722 -1.96913
0.6724 -1.97337
0.6726 -1.9773
0.6728 -1.98092
0.673 -1.98423
0.6732 -1.98722
0.6734 -1.9899
0.6736 -1.99227
0.6738 -1.99432
0.674 -1.99605
0.6742 -1.99747
0.6744 -1.99858
0.6746 -1.99937
0.6748 -1.99984
0.675 -2
0.6752 -1.99984
0.6754 -1.99937
0.6756 -1.99858
0.6758 -1.99747
0.676 -1.99605
0.6762 -1.99432
0.6764 -1.99227
0.6766 -1.9899
0.6768 -1.98722
0.677 -1.98423
0.6772 -1.98092
0.6774 -1.9773
0.6776 -1.97337
0.6778 -1.96913
0.678 -1.96457
0.6782 -1.95971
0.6784 -1.95454
0.6786 -1.94906
0.6788 -1.94326
0.679 -1.93717
0.6792 -1.93076
0.6794 -1.92406
0.6796 -1.91704
0.6798 -1.90973
0.68 -1.90211
0.6802 -1.8942
0.6804 -1.88598
0.6806 -1.87747
0.6808 -1.86866
0.681 -1.85955
0.6812 -1.85016
0.6814 -1.84046
0.6816 -1.83048
0.6818 -1.82021
0.682 -1.80965
0.6822 -1.79881
0.6824 -1.78768
0.6826 -1.77627
0.6828 -1.76458
0.683 -1.75262
0.6832 -1.74037
0.6834 -1.72785
0.6836 -1.71505
0.6838 -1.70199
0.684 -1.68866
0.6842 -1.67506
0.6844 -1.66119
0.6846 -1.64706
0.6848 -1.63268
0.685 -1.61804
0.6852 -1.60314
0.6854 -1.58798
0.6856 -1.57258
0.6858 -1.55693
0.686 -1.54103
0.6862 -1.52489
0.6864 -1.5085
0.6866 -1.49188
0.6868 -1.47502
0.687 -1.45794
0.6872 -1.44062
0.6874 -1.42308
0.6876 -1.40531
0.6878 -1.38731
0.688 -1.3691
0.6882 -1.35067
0.6884 -1.33203
0.6886 -1.31317
0.6888 -1.29411
0.689 -1.27484
0.6892 -1.25538
0.6894 -1.23572
0.6896 -1.21586
0.6898 -1.19582
0.69 -1.17557
0.6902 -1.15515
0.6904 -1.13454
0.6906 -1.11375
0.6908 -1.09279
0.691 -1.07165
0.6912 -1.05035
0.6914 -1.02888
0.6916 -1.00725
0.6918 -0.985458
0.692 -0.963514
0.6922 -0.941409
0.6924 -0.919164
0.6926 -0.896765
0.6928 -0.874233
0.693 -0.851563
0.6932 -0.82875
0.6934 -0.805815
0.6936 -0.782744
0.6938 -0.759558
0.694 -0.736252
0.6942 -0.71283
0.6944 -0.689295
0.6946 -0.665642
0.6948 -0.641894
0.695 -0.618035
0.6952 -0.594087
0.6954 -0.570037
0.6956 -0.545905
0.6958 -0.521679
0.696 -0.497379
0.6962 -0.473
0.6964 -0.448547
0.6966 -0.424023
0.6968 -0.399423
0.697 -0.374769
0.6972 -0.350046
0.6974 -0.325278
0.6976 -0.300448
0.6978 -0.275581
0.698 -0.25067
0.6982 -0.225711
0.6984 -0.200725
0.6986 -0.175707
0.6988 -0.150661
0.699 -0.125583
0.6992 -0.100494
0.6994 -0.0753794
0.6996 -0.0502625
0.6998 -0.0251377
0.7 3.74507e-07
0.7002 0.0251291
0.7004 0.0502633
0.7006 0.0753801
0.7008 0.100485
0.701 0.125574
0.7012 0.150653
0.7014 0.175698
0.7016 0.200716
0.7018 0.225711
0.702 0.250662
0.7022 0.275582
0.7024 0.300449
0.7026 0.325278
0.7028 0.350047
0.703 0.37476
0.7032 0.399414
0.7034 0.424005
0.7036 0.448538
0.7038 0.472992
0.704 0.497379
0.7042 0.521679
0.7044 0.545906
0.7046 0.570037
0.7048 0.594088
0.705 0.618036
0.7052 0.641886
0.7054 0.665634
0.7056 0.689278
0.7058 0.712822
0.706 0.736244
0.7062 0.759559
0.7064 0.782745
0.7066 0.805816
0.7068 0.828751
0.707 0.851555
0.7072 0.874234
0.7074 0.896766
0.7076 0.919156
0.7078 0.941401
0.708 0.963506
0.7082 0.985451
0.7084 1.00725
0.7086 1.02888
0.7088 1.05034
0.709 1.07165
0.7092 1.09279
0.7094 1.11375
0.7096 1.13454
0.7098 1.15514
0.71 1.17557
0.7102 1.19581
0.7104 1.21586
0.7106 1.23571
0.7108 1.25538
0.711 1.27484
0.7112 1.29411
0.7114 1.31317
0.7116 1.33203
0.7118 1.35067
0.712 1.36909
0.7122 1.3873
0.7124 1.40529
0.7126 1.42307
0.7128 1.44061
0.713 1.45794
0.7132 1.47502
0.7134 1.49188
0.7136 1.5085
0.7138 1.52488
0.714 1.54103
0.7142 1.55692
0.7144 1.57257
0.7146 1.58798
0.7148 1.60313
0.715 1.61803
0.7152 1.63268
0.7154 1.64706
0.7156 1.66119
0.7158 1.67506
0.716 1.68865
0.7162 1.70199
0.7164 1.71505
0.7166 1.72784
0.7168 1.74036
0.717 1.75261
0.7172 1.76458
0.7174 1.77627
0.7176 1.78768
0.7178 1.79881
0.718 1.80965
0.7182 1.82021
0.7184 1.83048
0.7186 1.84046
0.7188 1.85015
0.719 1.85955
0.7192 1.86865
0.7194 1.87747
0.7196 1.88598
0.7198 1.8942
0.72 1.90211
0.7202 1.90973
0.7204 1.91704
0.7206 1.92406
0.7208 1.93076
0.721 1.93717
0.7212 1.94326
0.7214 1.94905
0.7216 1.95454
0.7218 1.95971
0.722 1.96457
0.7222 1.96913
0.7224 1.97337
0.7226 1.9773
0.7228 1.98092
0.723 1.98423
0.7232 1.98722
0.7234 1.9899
0.7236 1.99227
0.7238 1.99432
0.724 1.99605
0.7242 1.99747
0.7244 1.99858
0.7246 1.99937
0.7248 1.99984
0.725 2
0.7252 1.99984
0.7254 1.99937
0.7256 1.99858
0.7258 1.99747
0.726 1.99605
0.7262 1.99432
0.7264 1.99227
0.7266 1.9899
0.7268 1.98722
0.727 1.98423
0.7272 1.98092
0.7274 1.9773
0.7276 1.97337
0.7278 1.96913
0.728 1.96458
0.7282 1.95971
0.7284 1.95454
0.7286 1.94906
0.7288 1.94326
0.729 1.93717
0.7292 1.93076
0.7294 1.92406
0.7296 1.91704
0.7298 1.90973
0.73 1.90211
0.7302 1.8942
0.7304 1.88598
0.7306 1.87747
0.7308 1.86866
0.731 1.85955
0.7312 1.85016
0.7314 1.84047
0.7316 1.83048
0.7318 1.82021
0.732 1.80965
0.7322 1.79881
0.7324 1.78768
0.7326 1.77628
0.7328 1.76458
0.733 1.75262
0.7332 1.74037
0.7334 1.72785
0.7336 1.71506
0.7338 1.70199
0.734 1.68866
0.7342 1.67505
0.7344 1.66119
0.7346 1.64707
0.7348 1.63268
0.735 1.61804
0.7352 1.60314
0.7354 1.58798
0.7356 1.57258
0.7358 1.55693
0.736 1.54103
0.7362 1.52489
0.7364 1.5085
0.7366 1.49188
0.7368 1.47503
0.737 1.45794
0.7372 1.44062
0.7374 1.42307
0.7376 1.4053
0.7378 1.38731
0.738 1.3691
0.7382 1.35066
0.7384 1.33202
0.7386 1.31317
0.7388 1.29411
0.739 1.27485
0.7392 1.25539
0.7394 1.23573
0.7396 1.21586
0.7398 1.19581
0.74 1.17557
0.7402 1.15515
0.7404 1.13454
0.7406 1.11375
0.7408 1.09279
0.741 1.07165
0.7412 1.05035
0.7414 1.02888
0.7416 1.00725
0.7418 0.985455
0.742 0.963511
0.7422 0.941414
0.7424 0.919161
0.7426 0.89677
0.7428 0.87423
0.743 0.85156
0.7432 0.828747
0.7434 0.805812
0.7436 0.78275
0.7438 0.759563
0.744 0.736257
0.7442 0.712827
0.7444 0.689292
0.7446 0.665639
0.7448 0.641891
0.745 0.618032
0.7452 0.594084
0.7454 0.570042
0.7456 0.545902
0.7458 0.521684
0.746 0.497384
0.7462 0.473006
0.7464 0.448544
0.7466 0.424019
0.7468 0.399419
0.747 0.374765
0.7472 0.350052
0.7474 0.325274
0.7476 0.300454
0.7478 0.275578
0.748 0.250667
0.7482 0.225717
0.7484 0.200731
0.7486 0.175703
0.7488 0.150658
0.749 0.125589
0.7492 0.10049
0.7494 0.0753854
0.7496 0.0502592
0.7498 0.0251344
0.75 -3.74507e-06
0.7502 -0.0251325
0.7504 -0.0502573
0.7506 -0.0753742
0.7508 -0.100479
0.751 -0.125578
0.7512 -0.150647
0.7514 -0.175702
0.7516 -0.200719
0.7518 -0.225715
0.752 -0.250665
0.7522 -0.275585
0.7524 -0.300453
0.7526 -0.325272
0.7528 -0.350041
0.753 -0.374754
0.7532 -0.399417
0.7534 -0.424008
0.7536 -0.448542
0.7538 -0.472995
0.754 -0.497383
0.7542 -0.521683
0.7544 -0.5459
0.7546 -0.570041
0.7548 -0.594082
0.755 -0.61803
0.7552 -0.64188
0.7554 -0.665638
0.7556 -0.689281
0.7558 -0.712825
0.756 -0.736247
0.7562 -0.759553
0.7564 -0.782748
0.7566 -0.80581
0.7568 -0.828754
0.757 -0.851559
0.7572 -0.874228
0.7574 -0.89676
0.7576 -0.919159
0.7578 -0.941404
0.758 -0.963501
0.7582 -0.985454
0.7584 -1.00724
0.7586 -1.02888
0.7588 -1.05035
0.759 -1.07166
0.7592 -1.09279
0.7594 -1.11375
0.7596 -1.13453
0.7598 -1.15514
0.76 -1.17557
0.7602 -1.1958
0.7604 -1.21586
0.7606 -1.23572
0.7608 -1.25538
0.761 -1.27485
0.7612 -1.29411
0.7614 -1.31317
0.7616 -1.33202
0.7618 -1.35066
0.762 -1.36909
0.7622 -1.38731
0.7624 -1.4053
0.7626 -1.42307
0.7628 -1.44062
0.763 -1.45793
0.7632 -1.47503
0.7634 -1.49188
0.7636 -1.5085
0.7638 -1.52488
0.764 -1.54102
0.7642 -1.55692
0.7644 -1.57258
0.7646 -1.58798
0.7648 -1.60313
0.765 -1.61803
0.7652 -1.63268
0.7654 -1.64707
0.7656 -1.66119
0.7658 -1.67506
0.766 -1.68866
0.7662 -1.70199
0.7664 -1.71505
0.7666 -1.72784
0.7668 -1.74037
0.767 -1.75261
0.7672 -1.76458
0.7674 -1.77627
0.7676 -1.78768
0.7678 -1.79881
0.768 -1.80966
0.7682 -1.82021
0.7684 -1.83048
0.7686 -1.84046
0.7688 -1.85015
0.769 -1.85955
0.7692 -1.86866
0.7694 -1.87747
0.7696 -1.88598
0.7698 -1.8942
0.77 -1.90211
0.7702 -1.90973
0.7704 -1.91704
0.7706 -1.92405
0.7708 -1.93076
0.771 -1.93716
0.7712 -1.94326
0.7714 -1.94905
0.7716 -1.95454
0.7718 -1.95971
0.772 -1.96457
0.7722 -1.96913
0.7724 -1.97337
0.7726 -1.9773
0.7728 -1.98092
0.773 -1.98423
0.7732 -1.98722
0.7734 -1.9899
0.7736 -1.99227
0.7738 -1.99432
0.774 -1.99605
0.7742 -1.99747
0.7744 -1.99858
0.7746 -1.99937
0.7748 -1.99984
0.775 -2
0.7752 -1.99984
0.7754 -1.99937
0.7756 -1.99858
0.7758 -1.99747
0.776 -1.99605
0.7762 -1.99432
0.7764 -1.99227
0.7766 -1.9899
0.7768 -1.98722
0.777 -1.98423
0.7772 -1.98092
0.7774 -1.9773
0.7776 -1.97337
0.7778 -1.96913
0.778 -1.96457
0.7782 -1.95971
0.7784 -1.95454
0.7786 -1.94905
0.7788 -1.94326
0.779 -1.93717
0.7792 -1.93076
0.7794 -1.92405
0.7796 -1.91704
0.7798 -1.90973
0.78 -1.90212
0.7802 -1.8942
0.7804 -1.88598
0.7806 -1.87747
0.7808 -1.86866
0.781 -1.85955
0.7812 -1.85015
0.7814 -1.84046
0.7816 -1.83048
0.7818 -1.82021
0.782 -1.80966
0.7822 -1.79881
0.7824 -1.78769
0.7826 -1.77627
0.7828 -1.76459
0.783 -1.75261
0.7832 -1.74037
0.7834 -1.72785
0.7836 -1.71505
0.7838 -1.70199
0.784 -1.68866
0.7842 -1.67506
0.7844 -1.66119
0.7846 -1.64707
0.7848 -1.63268
0.785 -1.61804
0.7852 -1.60313
0.7854 -1.58798
0.7856 -1.57258
0.7858 -1.55692
0.786 -1.54103
0.7862 -1.52488
0.7864 -1.5085
0.7866 -1.49189
0.7868 -1.47503
0.787 -1.45794
0.7872 -1.44062
0.7874 -1.42307
0.7876 -1.4053
0.7878 -1.38731
0.788 -1.36909
0.7882 -1.35067
0.7884 -1.33202
0.7886 -1.31317
0.7888 -1.29411
0.789 -1.27485
0.7892 -1.25538
0.7894 -1.23572
0.7896 -1.21587
0.7898 -1.19581
0.79 -1.17557
0.7902 -1.15514
0.7904 -1.13454
0.7906 -1.11375
0.7908 -1.09279
0.791 -1.07166
0.7912 -1.05035
0.7914 -1.02889
0.7916 -1.00725
0.7918 -0.98546
0.792 -0.963508
0.7922 -0.941411
0.7924 -0.919158
0.7926 -0.896767
0.7928 -0.874227
0.793 -0.851557
0.7932 -0.828753
0.7934 -0.805817
0.7936 -0.782755
0.7938 -0.75956
0.794 -0.736254
0.7942 -0.712823
0.7944 -0.689289
0.7946 -0.665645
0.7948 -0.641887
0.795 -0.618037
0.7952 -0.594081
0.7954 -0.570039
0.7956 -0.545908
0.7958 -0.52169
0.796 -0.497381
0.7962 -0.473003
0.7964 -0.448549
0.7966 -0.424016
0.7968 -0.399425
0.797 -0.374762
0.7972 -0.350049
0.7974 -0.325271
0.7976 -0.300451
0.7978 -0.275584
0.798 -0.250673
0.7982 -0.225723
0.7984 -0.200727
0.7986 -0.175709
0.7988 -0.150655
0.799 -0.125585
0.7992 -0.100487
0.7994 -0.075382
0.7996 -0.0502558
0.7998 -0.025131
0.8 -1.12352e-06
0.8002 0.0125633
0.8004 0.0251257
0.8006 0.0376888
0.8008 0.0502412
0.801 0.0627905
0.8012 0.0753251
0.8014 0.0878525
0.8016 0.100361
0.8018 0.112854
0.802 0.125334
0.8022 0.13779
0.8024 0.150223
0.8026 0.162633
0.8028 0.175022
0.803 0.187379
0.8032 0.19971
0.8034 0.212006
0.8036 0.224268
0.8038 0.236499
0.804 0.248688
0.8042 0.260843
0.8044 0.272952
0.8046 0.285017
0.8048 0.297038
0.805 0.309017
0.8052 0.320942
0.8054 0.332816
0.8056 0.344642
0.8058 0.35641
0.806 0.368125
0.8062 0.379778
0.8064 0.391375
0.8066 0.402907
0.8068 0.414374
0.807 0.425777
0.8072 0.437112
0.8074 0.448382
0.8076 0.459577
0.8078 0.470704
0.808 0.481752
0.8082 0.492728
0.8084 0.503623
0.8086 0.514442
0.8088 0.525175
0.809 0.535826
0.8092 0.546392
0.8094 0.556872
0.8096 0.567268
0.8098 0.57757
0.81 0.587785
0.8102 0.597904
0.8104 0.607931
0.8106 0.617859
0.8108 0.62769
0.811 0.637425
0.8112 0.647056
0.8114 0.656584
0.8116 0.666009
0.8118 0.675332
0.812 0.684545
0.8122 0.69365
0.8124 0.702649
0.8126 0.711534
0.8128 0.720309
0.813 0.728968
0.8132 0.737514
0.8134 0.745941
0.8136 0.75425
0.8138 0.76244
0.814 0.77051
0.8142 0.778461
0.8144 0.786286
0.8146 0.79399
0.8148 0.801566
0.815 0.809017
0.8152 0.816339
0.8154 0.823534
0.8156 0.830596
0.8158 0.837527
0.816 0.844326
0.8162 0.850992
0.8164 0.857526
0.8166 0.863922
0.8168 0.870184
0.817 0.876306
0.8172 0.882292
0.8174 0.888136
0.8176 0.89384
0.8178 0.899406
0.818 0.904827
0.8182 0.910105
0.8184 0.91524
0.8186 0.920231
0.8188 0.925076
0.819 0.929777
0.8192 0.934328
0.8194 0.938733
0.8196 0.942991
0.8198 0.947098
0.82 0.951057
0.8202 0.954865
0.8204 0.958521
0.8206 0.962027
0.8208 0.965382
0.821 0.968583
0.8212 0.971631
0.8214 0.974527
0.8216 0.977268
0.8218 0.979855
0.822 0.982287
0.8222 0.984565
0.8224 0.986686
0.8226 0.988652
0.8228 0.990461
0.823 0.992114
0.8232 0.993611
0.8234 0.994951
0.8236 0.996134
0.8238 0.997159
0.824 0.998027
0.8242 0.998737
0.8244 0.99929
0.8246 0.999684
0.8248 0.999921
0.825 1
0.8252 0.999921
0.8254 0.999684
0.8256 0.99929
0.8258 0.998737
0.826 0.998027
0.8262 0.997159
0.8264 0.996134
0.8266 0.994951
0.8268 0.993611
0.827 0.992115
0.8272 0.990462
0.8274 0.988652
0.8276 0.986686
0.8278 0.984565
0.828 0.982288
0.8282 0.979855
0.8284 0.977269
0.8286 0.974527
0.8288 0.971632
0.829 0.968583
0.8292 0.965382
0.8294 0.962028
0.8296 0.958523
0.8298 0.954866
0.83 0.951057
0.8302 0.947099
0.8304 0.942991
0.8306 0.938735
0.8308 0.934329
0.831 0.929777
0.8312 0.925076
0.8314 0.920232
0.8316 0.915242
0.8318 0.910107
0.832 0.904829
0.8322 0.899406
0.8324 0.893843
0.8326 0.888137
0.8328 0.882292
0.833 0.876306
0.8332 0.870184
0.8334 0.863925
0.8336 0.857526
0.8338 0.850995
0.834 0.844329
0.8342 0.83753
0.8344 0.830597
0.8346 0.823534
0.8348 0.816339
0.835 0.809018
0.8352 0.801569
0.8354 0.79399
0.8356 0.786289
0.8358 0.778461
0.836 0.770513
0.8362 0.762444
0.8364 0.754254
0.8366 0.745942
0.8368 0.737515
0.837 0.728971
0.8372 0.72031
0.8374 0.711537
0.8376 0.70265
0.8378 0.693654
0.838 0.684546
0.8382 0.675333
0.8384 0.666013
0.8386 0.656588
0.8388 0.64706
0.839 0.637425
0.8392 0.627694
0.8394 0.61786
0.8396 0.607932
0.8398 0.597904
0.84 0.587786
0.8402 0.577571
0.8404 0.567268
0.8406 0.556876
0.8408 0.546397
0.841 0.53583
0.8412 0.525176
0.8414 0.514442
0.8416 0.503623
0.8418 0.492729
0.842 0.481752
0.8422 0.470704
0.8424 0.459582
0.8426 0.448382
0.8428 0.437116
0.843 0.425781
0.8432 0.414379
0.8434 0.402907
0.8436 0.391376
0.8438 0.379779
0.844 0.368126
0.8442 0.356414
0.8444 0.344643
0.8446 0.332821
0.8448 0.320942
0.845 0.309017
0.8452 0.297043
0.8454 0.285023
0.8456 0.272957
0.8458 0.260843
0.846 0.248693
0.8462 0.2365
0.8464 0.224273
0.8466 0.212006
0.8468 0.199711
0.847 0.187379
0.8472 0.175023
0.8474 0.162638
0.8476 0.150228
0.8478 0.137795
0.848 0.125335
0.8482 0.11286
0.8484 0.100362
0.8486 0.0878531
0.8488 0.0753257
0.849 0.062791
0.8492 0.0502465
0.8494 0.0376893
0.8496 0.0251309
0.8498 0.0125685
0.85 4.11958e-06
0.8502 -0.0125649
0.8504 -0.0251273
0.8506 -0.0376904
0.8508 -0.0502429
0.851 -0.0627875
0.8512 -0.0753268
0.8514 -0.0878495
0.8516 -0.100363
0.8518 -0.112856
0.852 -0.125331
0.8522 -0.137787
0.8524 -0.150225
0.8526 -0.162635
0.8528 -0.175019
0.853 -0.18738
0.8532 -0.199707
0.8534 -0.212008
0.8536 -0.22427
0.8538 -0.236501
0.854 -0.24869
0.8542 -0.26084
0.8544 -0.272949
0.8546 -0.285015
0.8548 -0.29704
0.855 -0.309014
0.8552 -0.320943
0.8554 -0.332818
0.8556 -0.344644
0.8558 -0.356411
0.856 -0.368127
0.8562 -0.37978
0.8564 -0.391373
0.8566 -0.402904
0.8568 -0.414372
0.857 -0.425778
0.8572 -0.437113
0.8574 -0.448383
0.8576 -0.459578
0.8578 -0.470705
0.858 -0.481753
0.8582 -0.492726
0.8584 -0.503624
0.8586 -0.514439
0.8588 -0.525173
0.859 -0.535823
0.8592 -0.546394
0.8594 -0.556874
0.8596 -0.567269
0.8598 -0.577572
0.86 -0.587783
0.8602 -0.597905
0.8604 -0.607929
0.8606 -0.617861
0.8608 -0.627691
0.861 -0.637423
0.8612 -0.647053
0.8614 -0.656582
0.8616 -0.66601
0.8618 -0.67533
0.862 -0.684547
0.8622 -0.693652
0.8624 -0.70265
0.8626 -0.711535
0.8628 -0.72031
0.863 -0.728969
0.8632 -0.737512
0.8634 -0.745939
0.8636 -0.754248
0.8638 -0.762441
0.864 -0.770511
0.8642 -0.778462
0.8644 -0.786287
0.8646 -0.793991
0.8648 -0.801567
0.865 -0.809016
0.8652 -0.81634
0.8654 -0.823532
0.8656 -0.830594
0.8658 -0.837526
0.866 -0.844327
0.8662 -0.850993
0.8664 -0.857527
0.8666 -0.863923
0.8668 -0.870182
0.867 -0.876307
0.8672 -0.88229
0.8674 -0.888137
0.8676 -0.893841
0.8678 -0.899404
0.868 -0.904825
0.8682 -0.910106
0.8684 -0.91524
0.8686 -0.92023
0.8688 -0.925077
0.869 -0.929776
0.8692 -0.934329
0.8694 -0.938733
0.8696 -0.942991
0.8698 -0.947098
0.87 -0.951056
0.8702 -0.954864
0.8704 -0.95852
0.8706 -0.962027
0.8708 -0.965381
0.871 -0.968583
0.8712 -0.971631
0.8714 -0.974527
0.8716 -0.977268
0.8718 -0.979855
0.872 -0.982287
0.8722 -0.984564
0.8724 -0.986686
0.8726 -0.988651
0.8728 -0.990461
0.873 -0.992114
0.8732 -0.993611
0.8734 -0.994951
0.8736 -0.996134
0.8738 -0.997159
0.874 -0.998027
0.8742 -0.998737
0.8744 -0.999289
0.8746 -0.999684
0.8748 -0.999921
0.875 -1
0.8752 -0.999921
0.8754 -0.999684
0.8756 -0.99929
0.8758 -0.998737
0.876 -0.998027
0.8762 -0.997159
0.8764 -0.996134
0.8766 -0.994951
0.8768 -0.993612
0.877 -0.992115
0.8772 -0.990461
0.8774 -0.988652
0.8776 -0.986687
0.8778 -0.984564
0.878 -0.982288
0.8782 -0.979855
0.8784 -0.977268
0.8786 -0.974526
0.8788 -0.971632
0.879 -0.968584
0.8792 -0.965382
0.8794 -0.962029
0.8796 -0.958522
0.8798 -0.954866
0.88 -0.951057
0.8802 -0.947099
0.8804 -0.94299
0.8806 -0.938734
0.8808 -0.93433
0.881 -0.929776
0.8812 -0.925078
0.8814 -0.920233
0.8816 -0.915243
0.8818 -0.910106
0.882 -0.904828
0.8822 -0.899405
0.8824 -0.893842
0.8826 -0.888138
0.8828 -0.882291
0.883 -0.876308
0.8832 -0.870183
0.8834 -0.863924
0.8836 -0.857528
0.8838 -0.850996
0.884 -0.844328
0.8842 -0.837529
0.8844 -0.830598
0.8846 -0.823533
0.8848 -0.816341
0.885 -0.809017
0.8852 -0.801568
0.8854 -0.793989
0.8856 -0.786288
0.8858 -0.778463
0.886 -0.770515
0.8862 -0.762446
0.8864 -0.754253
0.8866 -0.745944
0.8868 -0.737513
0.887 -0.72897
0.8872 -0.720308
0.8874 -0.711536
0.8876 -0.702648
0.8878 -0.693653
0.888 -0.684548
0.8882 -0.675335
0.8884 -0.666015
0.8886 -0.656587
0.8888 -0.647058
0.889 -0.637424
0.8892 -0.627693
0.8894 -0.617859
0.8896 -0.607931
0.8898 -0.597907
0.89 -0.587784
0.8902 -0.577573
0.8904 -0.567271
0.8906 -0.556879
0.8908 -0.546395
0.891 -0.535829
0.8912 -0.525174
0.8914 -0.514441
0.8916 -0.503626
0.8918 -0.492727
0.892 -0.481755
0.8922 -0.470703
0.8924 -0.45958
0.8926 -0.448385
0.8928 -0.437119
0.893 -0.42578
0.8932 -0.414378
0.8934 -0.40291
0.8936 -0.391374
0.8938 -0.379781
0.894 -0.368124
0.8942 -0.356413
0.8944 -0.344641
0.8946 -0.332819
0.8948 -0.320945
0.895 -0.30902
0.8952 -0.297046
0.8954 -0.285021
0.8956 -0.272955
0.8958 -0.260842
0.896 -0.248692
0.8962 -0.236498
0.8964 -0.224271
0.8966 -0.212009
0.8968 -0.199709
0.897 -0.187382
0.8972 -0.175026
0.8974 -0.162641
0.8976 -0.150227
0.8978 -0.137793
0.898 -0.125333
0.8982 -0.112858
0.8984 -0.100365
0.8986 -0.0878514
0.8988 -0.0753286
0.899 -0.0627893
0.8992 -0.0502448
0.8994 -0.0376923
0.8996 -0.0251339
0.8998 -0.0125668
0.9 -4.86859e-06
0.9002 0.0251239
0.9004 0.050258
0.9006 0.0753749
0.9008 0.100489
0.901 0.125578
0.9012 0.150657
0.9014 0.175702
0.9016 0.20072
0.9018 0.225706
0.902 0.250657
0.9022 0.275577
0.9024 0.300444
0.9026 0.325273
0.9028 0.350042
0.903 0.374764
0.9032 0.399418
0.9034 0.424018
0.9036 0.448542
0.9038 0.472996
0.904 0.497374
0.9042 0.521674
0.9044 0.545901
0.9046 0.570032
0.9048 0.594083
0.905 0.618031
0.9052 0.64189
0.9054 0.665638
0.9056 0.689282
0.9058 0.712825
0.906 0.736248
0.9062 0.759554
0.9064 0.78274
0.9066 0.805811
0.9068 0.828746
0.907 0.851559
0.9072 0.874229
0.9074 0.896761
0.9076 0.91916
0.9078 0.941405
0.908 0.96351
0.9082 0.985454
0.9084 1.00724
0.9086 1.02887
0.9088 1.05035
0.909 1.07165
0.9092 1.09278
0.9094 1.11375
0.9096 1.13453
0.9098 1.15515
0.91 1.17557
0.9102 1.19581
0.9104 1.21586
0.9106 1.23572
0.9108 1.25538
0.911 1.27484
0.9112 1.29411
0.9114 1.31317
0.9116 1.33202
0.9118 1.35066
0.912 1.3691
0.9122 1.38731
0.9124 1.4053
0.9126 1.42307
0.9128 1.44062
0.913 1.45793
0.9132 1.47502
0.9134 1.49188
0.9136 1.5085
0.9138 1.52489
0.914 1.54102
0.9142 1.55692
0.9144 1.57258
0.9146 1.58798
0.9148 1.60314
0.915 1.61803
0.9152 1.63268
0.9154 1.64706
0.9156 1.66119
0.9158 1.67505
0.916 1.68865
0.9162 1.70199
0.9164 1.71505
0.9166 1.72785
0.9168 1.74037
0.917 1.75261
0.9172 1.76458
0.9174 1.77627
0.9176 1.78768
0.9178 1.79881
0.918 1.80965
0.9182 1.82021
0.9184 1.83048
0.9186 1.84046
0.9188 1.85015
0.919 1.85955
0.9192 1.86866
0.9194 1.87747
0.9196 1.88598
0.9198 1.89419
0.92 1.90211
0.9202 1.90973
0.9204 1.91704
0.9206 1.92406
0.9208 1.93076
0.921 1.93717
0.9212 1.94326
0.9214 1.94905
0.9216 1.95454
0.9218 1.95971
0.922 1.96457
0.9222 1.96913
0.9224 1.97337
0.9226 1.9773
0.9228 1.98092
0.923 1.98423
0.9232 1.98722
0.9234 1.9899
0.9236 1.99227
0.9238 1.99432
0.924 1.99605
0.9242 1.99747
0.9244 1.99858
0.9246 1.99937
0.9248 1.99984
0.925 2
0.9252 1.99984
0.9254 1.99937
0.9256 1.99858
0.9258 1.99747
0.926 1.99605
0.9262 1.99432
0.9264 1.99227
0.9266 1.9899
0.9268 1.98722
0.927 1.98423
0.9272 1.98092
0.9274 1.9773
0.9276 1.97337
0.9278 1.96913
0.928 1.96457
0.9282 1.95971
0.9284 1.95454
0.9286 1.94905
0.9288 1.94326
0.929 1.93717
0.9292 1.93076
0.9294 1.92406
0.9296 1.91704
0.9298 1.90973
0.93 1.90212
0.9302 1.8942
0.9304 1.88598
0.9306 1.87747
0.9308 1.86866
0.931 1.85955
0.9312 1.85016
0.9314 1.84046
0.9316 1.83048
0.9318 1.82022
0.932 1.80966
0.9322 1.79881
0.9324 1.78768
0.9326 1.77627
0.9328 1.76458
0.933 1.75261
0.9332 1.74037
0.9334 1.72785
0.9336 1.71506
0.9338 1.70199
0.934 1.68866
0.9342 1.67506
0.9344 1.66119
0.9346 1.64706
0.9348 1.63268
0.935 1.61803
0.9352 1.60313
0.9354 1.58798
0.9356 1.57258
0.9358 1.55693
0.936 1.54103
0.9362 1.52489
0.9364 1.5085
0.9366 1.49188
0.9368 1.47502
0.937 1.45794
0.9372 1.44062
0.9374 1.42307
0.9376 1.4053
0.9378 1.38731
0.938 1.3691
0.9382 1.35067
0.9384 1.33203
0.9386 1.31317
0.9388 1.29411
0.939 1.27485
0.9392 1.25538
0.9394 1.23572
0.9396 1.21586
0.9398 1.19581
0.94 1.17557
0.9402 1.15515
0.9404 1.13454
0.9406 1.11376
0.9408 1.0928
0.941 1.07166
0.9412 1.05035
0.9414 1.02888
0.9416 1.00725
0.9418 0.985452
0.942 0.963507
0.9422 0.941411
0.9424 0.919165
0.9426 0.896775
0.9428 0.874235
0.943 0.851565
0.9432 0.828752
0.9434 0.805817
0.9436 0.782746
0.9438 0.75956
0.944 0.736245
0.9442 0.712823
0.9444 0.689288
0.9446 0.665644
0.9448 0.641896
0.945 0.618037
0.9452 0.594089
0.9454 0.570039
0.9456 0.545907
0.9458 0.521689
0.946 0.49738
0.9462 0.473002
0.9464 0.448539
0.9466 0.424015
0.9468 0.399424
0.947 0.37477
0.9472 0.350048
0.9474 0.325279
0.9476 0.30046
0.9478 0.275583
0.948 0.250672
0.9482 0.225712
0.9484 0.200726
0.9486 0.175699
0.9488 0.150654
0.949 0.125585
0.9492 0.100496
0.9494 0.0753906
0.9496 0.0502644
0.9498 0.0251396
0.95 1.49803e-06
0.9502 -0.0251273
0.9504 -0.0502614
0.9506 -0.0753783
0.9508 -0.100493
0.951 -0.125582
0.9512 -0.150651
0.9514 -0.175696
0.9516 -0.200714
0.9518 -0.225709
0.952 -0.25066
0.9522 -0.27558
0.9524 -0.300447
0.9526 -0.325276
0.9528 -0.350045
0.953 -0.374758
0.9532 -0.399421
0.9534 -0.424013
0.9536 -0.448537
0.9538 -0.47299
0.954 -0.497377
0.9542 -0.521678
0.9544 -0.545904
0.9546 -0.570036
0.9548 -0.594077
0.955 -0.618034
0.9552 -0.641884
0.9554 -0.665641
0.9556 -0.689285
0.9558 -0.71282
0.956 -0.736242
0.9562 -0.759557
0.9564 -0.782743
0.9566 -0.805806
0.9568 -0.828749
0.957 -0.851554
0.9572 -0.874232
0.9574 -0.896764
0.9576 -0.919163
0.9578 -0.941408
0.958 -0.963505
0.9582 -0.985449
0.9584 -1.00724
0.9586 -1.02888
0.9588 -1.05034
0.959 -1.07165
0.9592 -1.09279
0.9594 -1.11375
0.9596 -1.13454
0.9598 -1.15515
0.96 -1.17557
0.9602 -1.19581
0.9604 -1.21586
0.9606 -1.23571
0.9608 -1.25538
0.961 -1.27484
0.9612 -1.29411
0.9614 -1.31317
0.9616 -1.33202
0.9618 -1.35067
0.962 -1.36909
0.9622 -1.38731
0.9624 -1.4053
0.9626 -1.42307
0.9628 -1.44061
0.963 -1.45794
0.9632 -1.47502
0.9634 -1.49188
0.9636 -1.5085
0.9638 -1.52488
0.964 -1.54103
0.9642 -1.55692
0.9644 -1.57258
0.9646 -1.58798
0.9648 -1.60313
0.965 -1.61803
0.9652 -1.63267
0.9654 -1.64706
0.9656 -1.66119
0.9658 -1.67506
0.966 -1.68865
0.9662 -1.70199
0.9664 -1.71505
0.9666 -1.72785
0.9668 -1.74037
0.967 -1.75261
0.9672 -1.76458
0.9674 -1.77627
0.9676 -1.78768
0.9678 -1.79881
0.968 -1.80965
0.9682 -1.82021
0.9684 -1.83048
0.9686 -1.84046
0.9688 -1.85015
0.969 -1.85955
0.9692 -1.86866
0.9694 -1.87747
0.9696 -1.88598
0.9698 -1.8942
0.97 -1.90211
0.9702 -1.90973
0.9704 -1.91704
0.9706 -1.92405
0.9708 -1.93076
0.971 -1.93717
0.9712 -1.94326
0.9714 -1.94905
0.9716 -1.95454
0.9718 -1.95971
0.972 -1.96457
0.9722 -1.96913
0.9724 -1.97337
0.9726 -1.9773
0.9728 -1.98092
0.973 -1.98423
0.9732 -1.98722
0.9734 -1.9899
0.9736 -1.99227
0.9738 -1.99432
0.974 -1.99605
0.9742 -1.99747
0.9744 -1.99858
0.9746 -1.99937
0.9748 -1.99984
0.975 -2
0.9752 -1.99984
0.9754 -1.99937
0.9756 -1.99858
0.9758 -1.99747
0.976 -1.99605
0.9762 -1.99432
0.9764 -1.99227
0.9766 -1.9899
0.9768 -1.98722
0.977 -1.98423
0.9772 -1.98092
0.9774 -1.9773
0.9776 -1.97337
0.9778 -1.96913
0.978 -1.96457
0.9782 -1.95971
0.9784 -1.95454
0.9786 -1.94906
0.9788 -1.94326
0.979 -1.93717
0.9792 -1.93077
0.9794 -1.92406
0.9796 -1.91705
0.9798 -1.90973
0.98 -1.90211
0.9802 -1.8942
0.9804 -1.88598
0.9806 -1.87747
0.9808 -1.86866
0.981 -1.85956
0.9812 -1.85016
0.9814 -1.84047
0.9816 -1.83048
0.9818 -1.82021
0.982 -1.80965
0.9822 -1.79881
0.9824 -1.78768
0.9826 -1.77627
0.9828 -1.76458
0.983 -1.75262
0.9832 -1.74037
0.9834 -1.72785
0.9836 -1.71506
0.9838 -1.70199
0.984 -1.68866
0.9842 -1.67506
0.9844 -1.66119
0.9846 -1.64707
0.9848 -1.63268
0.985 -1.61804
0.9852 -1.60314
0.9854 -1.58799
0.9856 -1.57258
0.9858 -1.55693
0.986 -1.54103
0.9862 -1.52489
0.9864 -1.50851
0.9866 -1.49188
0.9868 -1.47503
0.987 -1.45794
0.9872 -1.44062
0.9874 -1.42307
0.9876 -1.40531
0.9878 -1.38731
0.988 -1.3691
0.9882 -1.35067
0.9884 -1.33203
0.9886 -1.31318
0.9888 -1.29411
0.989 -1.27485
0.9892 -1.25538
0.9894 -1.23572
0.9896 -1.21586
0.9898 -1.19582
0.99 -1.17558
0.9902 -1.15515
0.9904 -1.13454
0.9906 -1.11375
0.9908 -1.09279
0.991 -1.07165
0.9912 -1.05035
0.9914 -1.02888
0.9916 -1.00725
0.9918 -0.985457
0.992 -0.963512
0.9922 -0.941416
0.9924 -0.919162
0.9926 -0.896772
0.9928 -0.874232
0.993 -0.851562
0.9932 -0.828749
0.9934 -0.805814
0.9936 -0.782751
0.9938 -0.759557
0.994 -0.736251
0.9942 -0.712828
0.9944 -0.689294
0.9946 -0.665641
0.9948 -0.641892
0.995 -0.618042
0.9952 -0.594086
0.9954 -0.570044
0.9956 -0.545904
0.9958 -0.521686
0.996 -0.497377
0.9962 -0.472999
0.9964 -0.448545
0.9966 -0.424021
0.9968 -0.39943
0.997 -0.374767
0.9972 -0.350054
0.9974 -0.325276
0.9976 -0.300456
0.9978 -0.27558
0.998 -0.250669
0.9982 -0.225709
0.9984 -0.200723
0.9986 -0.175705
0.9988 -0.15066
0.999 -0.125591
0.9992 -0.100492
0.9994 -0.0753873
0.9996 -0.050261
0.9998 -0.0251362
