0 -0.121202
0.025 -2.02237
0.05 6.64781
0.075 4.47177
0.1 8.40145
0.125 9.4647
0.15 6.90001
0.175 12.9753
0.2 6.90571
0.225 9.47571
0.25 8.41815
0.275 4.49434
0.3 6.67525
0.325 -1.99121
0.35 -0.0835114
0.375 -35.6975
0.4 -0.0731201
0.425 -1.96993
0.45 6.70818
0.475 4.53821
0.5 8.47332
0.525 9.54181
0.55 6.98264
0.575 13.0637
0.6 6.99971
0.625 9.57542
0.65 8.52352
0.675 4.60543
0.7 6.79203
0.725 -1.86898
0.75 0.044796
0.775 -39.6172
0.8 0.0677071
0.825 -1.82216
0.85 6.86024
0.875 4.69639
0.9 8.63722
0.925 9.71203
0.95 7.15902
0.975 13.2461
1 7.18819
1.025 9.77017
1.05 8.72463
1.075 4.8126
1.1 7.00563
1.125 -1.64419
1.15 0.273342
1.175 -31.6708
1.2 0.309723
1.225 -1.57742
1.25 7.11411
1.275 4.95679
1.3 8.90459
1.325 9.98621
1.35 7.44069
1.375 13.5348
1.4 7.48446
1.425 10.0735
1.45 9.03521
1.475 5.13048
1.5 7.33199
1.525 -1.31618
1.55 0.612511
1.575 -42.0171
1.6 0.665876
1.625 -1.21095
1.65 7.48759
1.675 5.33886
1.7 9.29528
1.725 10.3857
1.75 7.84855
1.775 13.9517
1.8 7.9101
1.825 10.5088
1.85 9.47994
1.875 5.58516
1.9 7.79574
1.925 -0.841137
1.95 1.09681
1.975 -37.774
2 1.17042
2.025 -0.695295
2.05 8.01395
2.075 5.8763
2.1 9.84389
2.125 10.9459
2.15 8.42048
2.175 14.5359
2.2 8.50665
2.225 11.1179
2.25 10.102
2.275 6.22025
2.3 8.44454
2.325 -0.17918
2.35 1.7734
2.375 -36.7594
2.4 1.87676
2.425 0.0261784
2.45 8.75125
2.475 6.62966
2.5 10.614
2.525 11.733
2.55 9.22523
2.575 15.3585
2.6 9.34784
2.625 11.9783
2.65 10.9822
2.675 7.12087
2.7 9.3661
2.725 0.765125
2.75 2.73972
2.775 -38.8551
2.8 2.88999
2.825 1.0645
2.85 9.81516
2.875 7.72046
2.9 11.7325
2.925 12.8805
2.95 10.4029
2.975 16.5675
3 10.5894
3.025 13.254
3.05 12.2934
3.075 8.46933
3.1 10.7536
3.125 2.19325
3.15 4.21076
3.175 -35.4407
3.2 4.45339
3.225 2.6778
3.25 11.4813
3.275 9.44217
3.3 13.5133
3.325 14.7239
3.35 12.3128
3.375 18.5483
3.4 12.646
3.425 15.3916
3.45 14.5182
3.475 10.7879
3.5 13.1733
3.525 4.72266
3.55 6.85967
3.575 -31.8781
3.6 7.37601
3.625 5.75837
3.65 14.7374
3.675 12.8943
3.7 17.1862
3.725 18.6475
3.75 16.5245
3.775 23.095
3.8 17.5886
3.825 20.8114
3.85 20.5285
3.875 17.5562
3.9 20.9689
3.925 14.045
3.95 18.9448
3.975 31.5761
4 18.9194
4.025 13.9928
4.05 20.8894
4.075 17.45
4.1 20.3956
4.125 20.652
4.15 17.4026
4.175 22.8824
4.2 16.2852
4.225 18.3817
4.25 16.8938
4.275 12.5752
4.3 14.3916
4.325 5.38619
4.35 6.97597
4.375 -34.3211
4.4 6.40866
4.425 4.24433
4.45 12.668
4.475 10.2559
4.5 13.9593
4.525 14.8062
4.55 12.0338
4.575 17.9094
4.6 11.6471
4.625 14.0315
4.65 12.7943
4.675 8.69652
4.7 10.7077
4.725 1.88266
4.75 3.62789
4.775 -32.8973
4.8 3.33091
4.825 1.28735
4.85 9.81992
4.875 7.50906
4.9 11.306
4.925 12.2394
4.95 9.54813
4.975 15.499
5 9.30715
5.025 11.7579
5.05 10.5831
5.075 6.54356
5.1 8.61121
5.125 -0.166178
5.15 1.63101
5.175 -35.2907
5.2 1.42811
5.225 -0.573818
5.25 7.99922
5.275 5.72683
5.3 9.56059
5.325 10.5293
5.35 7.87144
5.375 13.8548
5.4 7.69391
5.425 10.1743
5.45 9.02798
5.475 5.01596
5.5 7.10981
5.525 -1.64238
5.55 0.179461
5.575 -35.6826
5.6 0.0233917
5.625 -1.95652
5.65 6.63708
5.675 4.38527
5.7 8.23881
5.725 9.22672
5.75 6.58747
5.775 12.5888
5.8 6.44543
5.825 8.94278
5.85 7.8128
5.875 3.81657
5.9 5.92619
5.925 -2.81148
5.95 -0.974754
5.975 -35.4748
6 -1.10256
6.025 -3.06972
6.05 5.53794
6.075 3.29874
6.1 7.16496
6.125 8.16492
6.15 5.53739
6.175 11.5505
6.2 5.41826
6.225 7.92672
6.25 6.80769
6.275 2.82214
6.3 4.94168
6.325 -3.78604
6.35 -1.93901
6.375 -36.7006
6.4 -2.04698
6.425 -4.00301
6.45 4.61019
6.475 2.38067
6.5 6.25512
6.525 7.26311
6.55 4.64354
6.575 10.6652
6.6 4.54071
6.625 7.05754
6.65 5.94582
6.675 1.96779
6.7 4.09439
6.725 -4.62427
6.75 -2.77192
6.775 -36.5682
6.8 -2.86875
6.825 -4.82107
6.85 3.80505
6.875 1.5806
6.9 5.46199
6.925 6.47669
6.95 3.86382
6.975 9.89072
7 3.77224
7.025 6.29445
7.05 5.1888
7.075 1.21633
7.1 3.34885
7.125 -5.36742
7.15 -3.50597
7.175 -39.424
7.2 -3.59727
7.225 -5.53949
7.25 3.09176
7.275 0.871185
7.3 4.75702
7.325 5.77713
7.35 3.16762
7.375 9.20018
7.4 3.08703
7.425 5.61363
7.45 4.51208
7.475 0.543457
7.5 2.68065
7.525 -6.02836
7.55 -4.16711
7.575 -36.7706
7.6 -4.24268
7.625 -6.18555
7.65 2.44729
7.675 0.231762
7.7 4.12201
7.725 5.14507
7.75 2.54033
7.775 8.57611
7.8 2.46666
7.825 4.99657
7.85 3.89882
7.875 -0.065176
7.9 2.07452
7.925 -6.63435
7.95 -4.76669
7.975 -35.4824
8 -4.83558
8.025 -6.77648
8.05 1.86146
8.075 -0.350769
8.1 3.5431
8.125 4.56876
8.15 1.96688
8.175 8.00585
8.2 1.89903
8.225 4.43239
8.25 3.33742
8.275 -0.623426
8.3 1.51831
8.325 -7.18377
8.35 -5.31417
8.375 -41.4896
8.4 -5.37854
8.425 -7.31566
8.45 1.32264
8.475 -0.88633
8.5 3.009
8.525 4.03841
8.55 1.43978
8.575 7.48031
8.6 1.3751
8.625 3.91166
8.65 2.81947
8.675 -1.14029
8.7 1.00653
8.725 -7.68698
8.75 -5.82077
8.775 -40.2654
8.8 -5.88094
8.825 -7.81306
8.85 0.824316
8.875 -1.38544
8.9 2.51657
8.925 3.54454
8.95 0.948267
8.975 6.99279
9 0.890598
9.025 3.42856
9.05 2.33847
9.075 -1.61754
9.1 0.530054
9.125 -8.18287
9.15 -6.30127
9.175 -32.2944
9.2 -6.35921
9.225 -8.27858
9.25 0.362331
9.275 -1.84894
9.3 2.05396
9.325 3.08643
9.35 0.492487
9.375 6.53737
9.4 0.436378
9.425 2.9771
9.45 1.88917
9.475 -2.06518
9.5 0.082962
9.525 -8.60995
9.55 -6.73837
9.575 -35.6304
9.6 -6.79897
9.625 -8.72721
9.65 -0.0743065
9.675 -2.28584
9.7 1.62342
9.725 2.65472
9.75 0.0625591
9.775 6.11002
9.8 0.00969315
9.825 2.55326
9.85 1.47389
9.875 -2.45499
9.9 -0.350594
9.925 -9.12869
9.95 -7.16842
9.975 -32.4241
10 -7.19233
10.025 -9.11814
10.05 -0.490381
10.075 -2.67989
10.1 1.21371
10.125 2.25324
10.15 -0.338017
10.175 5.70841
10.2 -0.388498
10.225 2.1535
10.25 1.06779
10.275 -2.88416
10.3 -0.73164
10.325 -9.43446
10.35 -7.55122
10.375 -37.149
10.4 -7.59237
10.425 -9.51439
10.45 -0.874516
10.475 -3.07117
10.5 0.829659
10.525 1.86961
10.55 -0.721817
10.575 5.3282
10.6 -0.767973
10.625 1.77605
10.65 0.691767
10.675 -3.25977
10.7 -1.10485
10.725 -9.80646
10.75 -7.92041
10.775 -39.0043
10.8 -7.95885
10.825 -9.88371
10.85 -1.24065
10.875 -3.43699
10.9 0.465889
10.925 1.50684
10.95 -1.08263
10.975 4.96758
11 -1.12804
11.025 1.41806
11.05 0.334953
11.075 -3.61422
11.1 -1.46024
11.125 -10.1604
11.15 -8.27468
11.175 -38.0728
11.2 -8.31149
11.225 -10.232
11.25 -1.58821
11.275 -3.78403
11.3 0.120121
11.325 1.16162
11.35 -1.42685
11.375 4.62487
11.4 -1.46866
11.425 1.07736
11.45 -0.00512695
11.475 -3.95461
11.5 -1.79738
11.525 -10.4861
11.55 -8.60543
11.575 -38.55
11.6 -8.64528
11.625 -10.5662
11.65 -1.91969
11.675 -4.11559
11.7 -0.209644
11.725 0.833666
11.75 -1.75631
11.775 4.2982
11.8 -1.79517
11.825 0.752979
11.85 -0.328398
11.875 -4.27639
11.9 -2.11963
11.925 -10.8082
11.95 -8.92976
11.975 -39.9097
12 -8.95989
12.025 -10.8744
12.05 -2.23608
12.075 -4.43076
12.1 -0.524359
12.125 0.520145
12.15 -2.06842
12.175 3.98643
12.2 -2.10537
12.225 0.442959
12.25 -0.638599
12.275 -4.58526
12.3 -2.42826
12.325 -11.104
12.35 -9.24124
12.375 -33.2159
12.4 -9.24639
12.425 -11.2049
12.45 -2.53231
12.475 -4.73671
12.5 -0.81963
12.525 0.217625
12.55 -2.36722
12.575 3.68873
12.6 -2.40425
12.625 0.146023
12.65 -0.932171
12.675 -4.87111
12.7 -2.73331
12.725 -11.3139
12.75 -9.49572
12.775 -35.8823
12.8 -9.57963
12.825 -11.4837
12.85 -2.82822
12.875 -5.01904
12.9 -1.10914
12.925 -0.0696907
12.95 -2.65104
12.975 3.40226
13 -2.69012
13.025 -0.140308
13.05 -1.21564
13.075 -5.16505
13.1 -2.99975
13.125 -11.7009
13.15 -9.80796
13.175 -39.4839
13.2 -9.84362
13.225 -11.7613
13.25 -3.10618
13.275 -5.30035
13.3 -1.38744
13.325 -0.34441
13.35 -2.92921
13.375 3.12788
13.4 -2.96728
13.425 -0.417025
13.45 -1.48522
13.475 -5.43769
13.5 -3.2784
13.525 -11.9285
13.55 -10.0754
13.575 -36.9804
13.6 -10.1036
13.625 -12.018
13.65 -3.37411
13.675 -5.56678
13.7 -1.65568
13.725 -0.610025
13.75 -3.19341
13.775 2.863
13.8 -3.22773
13.825 -0.674307
13.85 -1.75096
13.875 -5.69354
13.9 -3.53643
13.925 -12.2129
13.95 -10.3347
13.975 -44.4139
14 -10.3688
14.025 -12.2834
14.05 -3.63051
14.075 -5.81942
14.1 -1.90982
14.125 -0.865526
14.15 -3.44719
14.175 2.60938
14.2 -3.48026
14.225 -0.927465
14.25 -2.00224
14.275 -5.94532
14.3 -3.78704
14.325 -12.4725
14.35 -10.5795
14.375 -35.7119
14.4 -10.615
14.425 -12.5258
14.45 -3.8779
14.475 -6.0697
14.5 -2.15714
14.525 -1.1114
14.55 -3.69265
14.575 2.36466
14.6 -3.72341
14.625 -1.17067
14.65 -2.24683
14.675 -6.18921
14.7 -4.02887
14.725 -12.7082
14.75 -10.8253
14.775 -37.7053
14.8 -10.8587
14.825 -12.7724
14.85 -4.11599
14.875 -6.30762
14.9 -2.39346
14.925 -1.34837
14.95 -3.9287
14.975 2.12877
15 -3.96157
15.025 -1.40801
15.05 -2.47847
15.075 -6.42932
15.1 -4.25636
15.125 -12.9547
15.15 -11.0585
15.175 -35.0086
15.2 -11.1102
15.225 -12.9961
15.25 -4.34001
15.275 -6.53907
15.3 -2.62518
15.325 -1.57536
15.35 -4.16408
15.375 1.9005
15.4 -4.1837
15.425 -1.62992
15.45 -2.70651
15.475 -6.65025
15.5 -4.48935
15.525 -13.1721
15.55 -11.2928
15.575 -37.7349
15.6 -11.3068
15.625 -13.2168
15.65 -4.57008
15.675 -6.75933
15.7 -2.84525
15.725 -1.79841
15.75 -4.37935
15.775 1.68045
15.8 -4.40606
15.825 -1.85152
15.85 -2.9258
15.875 -6.86548
15.9 -4.70535
15.925 -13.3846
15.95 -11.5004
15.975 -36.7055
16 -11.532
16.025 -13.4527
16.05 -4.78593
16.075 -6.97326
16.1 -3.05764
16.125 -2.0125
16.15 -4.59502
16.175 1.46724
16.2 -4.61755
16.225 -2.06383
16.25 -3.13681
16.275 -7.07319
16.3 -4.91677
16.325 -13.6023
16.35 -11.7086
16.375 -39.3967
16.4 -11.7335
16.425 -13.6392
16.45 -4.99229
16.475 -7.18111
16.5 -3.26456
16.525 -2.21941
16.55 -4.80099
16.575 1.26114
16.6 -4.82617
16.625 -2.2706
16.65 -3.34306
16.675 -7.28687
16.7 -5.1179
16.725 -13.7728
16.75 -11.908
16.775 -37.4536
16.8 -11.9357
16.825 -13.831
16.85 -5.19567
16.875 -7.38869
16.9 -3.45997
16.925 -2.42462
16.95 -5.00478
16.975 1.06133
17 -5.02438
17.025 -2.46924
17.05 -3.54123
17.075 -7.47833
17.1 -5.31732
17.125 -13.9929
17.15 -12.1107
17.175 -35.4762
17.2 -12.1348
17.225 -14.0232
17.25 -5.37712
17.275 -7.5876
17.3 -3.65842
17.325 -2.61795
17.35 -5.19221
17.375 0.868261
17.4 -5.2207
17.425 -2.66116
17.45 -3.73112
17.475 -7.65932
17.5 -5.50667
17.525 -14.1942
17.55 -12.3125
17.575 -34.6042
17.6 -12.4022
17.625 -14.157
17.65 -5.6043
17.675 -7.7507
17.7 -3.85194
17.725 -2.81075
17.75 -5.38799
17.775 0.678757
17.8 -5.40712
17.825 -2.84462
17.85 -3.89453
17.875 -7.75985
17.9 -5.7461
17.925 -14.7078
17.95 -12.5363
17.975 -32.001
18 -12.4832
18.025 -14.4088
18.05 -5.77594
18.075 -7.92178
18.1 -4.0424
18.125 -2.97897
18.15 -5.56153
18.175 0.499298
18.2 -5.58206
18.225 -3.02845
18.25 -4.1052
18.275 -8.04728
18.3 -5.87877
18.325 -14.5744
18.35 -12.6685
18.375 -37.5364
18.4 -12.6874
18.425 -14.5851
18.45 -5.9449
18.475 -8.11701
18.5 -4.21554
18.525 -3.15947
18.55 -5.7446
18.575 0.322636
18.6 -5.76125
18.625 -3.20337
18.65 -4.27585
18.675 -8.22486
18.7 -6.05148
18.725 -14.7782
18.75 -12.8367
18.775 -41.3239
18.8 -12.8396
18.825 -14.7761
18.85 -6.12084
18.875 -8.29546
18.9 -4.3873
18.925 -3.33164
18.95 -5.91206
18.975 0.150492
19 -5.93291
19.025 -3.37741
19.05 -4.44945
19.075 -8.39105
19.1 -6.22039
19.125 -14.9104
19.15 -13.0098
19.175 -39.4267
19.2 -13.0191
19.225 -14.9447
19.25 -6.28326
19.275 -8.46478
19.3 -4.55206
19.325 -3.49993
19.35 -6.07987
19.375 -0.0162621
19.4 -6.0985
19.425 -3.54204
19.45 -4.61605
19.475 -8.55904
19.5 -6.38528
19.525 -15.0694
19.55 -13.1567
19.575 -40.7834
19.6 -13.1834
19.625 -15.099
19.65 -6.44702
19.675 -8.6319
19.7 -4.71596
19.725 -3.66218
19.75 -6.24055
19.775 -0.178106
19.8 -6.26165
19.825 -3.70266
19.85 -4.77724
19.875 -8.71742
19.9 -6.54745
19.925 -15.2262
19.95 -13.335
19.975 -37.2254
20 -13.3415
20.025 -15.2621
20.05 -6.60633
20.075 -8.78745
20.1 -4.8746
20.125 -3.82092
20.15 -6.40103
20.175 -0.335428
20.2 -6.41268
20.225 -3.86026
20.25 -4.93255
20.275 -8.87378
20.3 -6.70752
20.325 -15.3685
20.35 -13.4764
20.375 -34.7709
20.4 -13.4663
20.425 -15.4321
20.45 -6.74937
20.475 -8.94852
20.5 -5.01291
20.525 -3.98204
20.55 -6.55317
20.575 -0.487097
20.6 -6.57603
20.625 -4.01379
20.65 -5.08117
20.675 -9.02234
20.7 -6.84829
20.725 -15.5426
20.75 -13.6653
20.775 -35.3295
20.8 -13.6573
20.825 -15.5653
20.85 -6.91096
20.875 -9.09185
20.9 -5.17431
20.925 -4.12457
20.95 -6.70074
20.975 -0.637197
21 -6.72301
21.025 -4.16088
21.05 -5.23222
21.075 -9.17549
21.1 -6.99075
21.125 -15.7216
21.15 -13.816
21.175 -34.2113
21.2 -13.8536
21.225 -15.8196
21.25 -7.04618
21.275 -9.24308
21.3 -5.32077
21.325 -4.26749
21.35 -6.8445
21.375 -0.780199
21.4 -6.869
21.425 -4.31916
21.45 -5.36502
21.475 -9.32487
21.5 -7.15064
21.525 -15.7586
21.55 -13.9467
21.575 -36.285
21.6 -13.9175
21.625 -15.8251
21.65 -7.20105
21.675 -9.38695
21.7 -5.46835
21.725 -4.41159
21.75 -6.9928
21.775 -0.925205
21.8 -7.00501
21.825 -4.43983
21.85 -5.51903
21.875 -9.44156
21.9 -7.28453
21.925 -15.9808
21.95 -14.0689
21.975 -39.6442
22 -14.0772
22.025 -15.9954
22.05 -7.33976
22.075 -9.51432
22.1 -5.60186
22.125 -4.54914
22.15 -7.12419
22.175 -1.06265
22.2 -7.15615
22.225 -4.58205
22.25 -5.65191
22.275 -9.5816
22.3 -7.42335
22.325 -16.1173
22.35 -14.2132
22.375 -36.161
22.4 -14.2377
22.425 -16.1538
22.45 -7.47484
22.475 -9.65376
22.5 -5.73621
22.525 -4.68226
22.55 -7.25862
22.575 -1.19369
22.6 -7.27628
22.625 -4.71644
22.65 -5.78507
22.675 -9.71835
22.7 -7.55333
22.725 -16.2376
22.75 -14.3609
22.775 -35.8214
22.8 -14.328
22.825 -16.2478
22.85 -7.60165
22.875 -9.7826
22.9 -5.86674
22.925 -4.81371
22.95 -7.38958
22.975 -1.32437
23 -7.40917
23.025 -4.84924
23.05 -5.91267
23.075 -9.86217
23.1 -7.67199
23.125 -16.4004
23.15 -14.5067
23.175 -34.3231
23.2 -14.4696
23.225 -16.379
23.25 -7.7327
23.275 -9.91613
23.3 -5.99438
23.325 -4.94156
23.35 -7.52139
23.375 -1.45
23.4 -7.53044
23.425 -4.97071
23.45 -6.04569
23.475 -9.98073
23.5 -7.80593
23.525 -16.5286
23.55 -14.6557
23.575 -30.9987
23.6 -14.6196
23.625 -16.5342
23.65 -7.86769
23.675 -10.046
23.7 -6.11858
23.725 -5.06693
23.75 -7.66574
23.775 -1.56454
23.8 -7.61455
23.825 -5.12738
23.85 -6.10789
23.875 -10.075
23.9 -7.93895
23.925 -16.4898
23.95 -14.62
23.975 -31.0291
24 -14.726
24.025 -16.6514
24.05 -7.97156
24.075 -10.145
24.1 -6.23719
24.125 -5.18525
24.15 -7.76041
24.175 -1.69592
24.2 -7.77823
24.225 -5.21836
24.25 -6.27603
24.275 -10.21
24.3 -8.04784
24.325 -16.7207
24.35 -14.8165
24.375 -36.4924
24.4 -14.8259
24.425 -16.7242
24.45 -8.08924
24.475 -10.2762
24.5 -6.35645
24.525 -5.30241
24.55 -7.87892
24.575 -1.81219
24.6 -7.89587
24.625 -5.33498
24.65 -6.39466
24.675 -10.334
24.7 -8.16452
24.725 -16.8257
24.75 -14.9077
24.775 -38.6489
24.8 -14.933
24.825 -16.8338
24.85 -8.20958
24.875 -10.391
24.9 -6.46856
24.925 -5.41858
24.95 -7.99508
24.975 -1.92775
25 -8.01233
25.025 -5.45044
25.05 -6.51019
25.075 -10.4429
25.1 -8.27794
25.125 -16.94
25.15 -15.0608
25.175 -38.1437
25.2 -15.0694
25.225 -16.9393
25.25 -8.32132
25.275 -10.5039
25.3 -6.57761
25.325 -5.53231
25.35 -8.10711
25.375 -2.03834
25.4 -8.12459
25.425 -5.55912
25.45 -6.62263
25.475 -10.5347
25.5 -8.38479
25.525 -17.0831
25.55 -15.1843
25.575 -32.8495
25.6 -15.2817
25.625 -16.8861
25.65 -8.49385
25.675 -10.5424
25.7 -6.70334
25.725 -5.64601
25.75 -8.22414
25.775 -2.14787
25.8 -8.22471
25.825 -5.6629
25.85 -6.72837
25.875 -10.6813
25.9 -8.49675
25.925 -17.1775
25.95 -15.2719
25.975 -35.1177
26 -15.3155
26.025 -17.2838
26.05 -8.54831
26.075 -10.706
26.1 -6.8037
26.125 -5.74703
26.15 -8.32822
26.175 -2.2563
26.2 -8.35182
26.225 -5.77792
26.25 -6.82838
26.275 -10.7596
26.3 -8.5871
26.325 -17.29
26.35 -15.3033
26.375 -22.9022
26.4 -14.7745
26.425 -16.5889
26.45 -8.64315
26.475 -10.8183
26.5 -6.90398
26.525 -5.8371
26.55 -8.40932
26.575 -2.34905
26.6 -8.41129
26.625 -5.85853
26.65 -6.94002
26.675 -10.8923
26.7 -8.71412
26.725 -17.3759
26.75 -15.4424
26.775 -33.47
26.8 -15.4871
26.825 -17.3852
26.85 -8.74415
26.875 -10.9252
26.9 -7.00309
26.925 -5.94647
26.95 -8.51791
26.975 -2.45269
27 -8.52485
27.025 -5.97226
27.05 -7.03968
27.075 -10.9783
27.1 -8.81057
27.125 -17.4619
27.15 -15.5814
27.175 -35.8452
27.2 -15.5799
27.225 -17.4809
27.25 -8.84105
27.275 -11.0223
27.3 -7.09931
27.325 -6.04526
27.35 -8.61875
27.375 -2.55042
27.4 -8.62552
27.425 -6.0688
27.45 -7.1361
27.475 -11.0836
27.5 -8.90207
27.525 -17.5975
27.55 -15.6678
27.575 -37.3593
27.6 -15.6711
27.625 -17.573
27.65 -8.93525
27.675 -11.1216
27.7 -7.19596
27.725 -6.13939
27.75 -8.71461
27.775 -2.64736
27.8 -8.72261
27.825 -6.16325
27.85 -7.23184
27.875 -11.1727
27.9 -8.99846
27.925 -17.6482
27.95 -15.7863
27.975 -35.4967
28 -15.7438
28.025 -17.6845
28.05 -9.03573
28.075 -11.2045
28.1 -7.28655
28.125 -6.23425
28.15 -8.80813
28.175 -2.74062
28.2 -8.8121
28.225 -6.25667
28.25 -7.32266
28.275 -11.2668
28.3 -9.08823
28.325 -17.7814
28.35 -15.856
28.375 -37.4716
28.4 -15.8727
28.425 -17.7597
28.45 -9.12563
28.475 -11.3012
28.5 -7.38208
28.525 -6.32495
28.55 -8.89818
28.575 -2.8305
28.6 -8.90503
28.625 -6.34778
28.65 -7.41456
28.675 -11.355
28.7 -9.17447
28.725 -17.8443
28.75 -15.9587
28.775 -35.1626
28.8 -15.9293
28.825 -17.84
28.85 -9.22155
28.875 -11.3829
28.9 -7.46138
28.925 -6.40633
28.95 -8.99089
28.975 -2.92357
29 -9.0139
29.025 -6.42549
29.05 -7.50706
29.075 -11.4298
29.1 -9.26671
29.125 -17.8526
29.15 -16.0753
29.175 -33.6635
29.2 -16.1282
29.225 -18.111
29.25 -9.27686
29.275 -11.4885
29.3 -7.55912
29.325 -6.4973
29.35 -9.07278
29.375 -3.004
29.4 -9.07538
29.425 -6.51964
29.45 -7.58449
29.475 -11.5279
29.5 -9.34756
29.525 -18.0143
29.55 -16.1553
29.575 -37.5952
29.6 -16.1116
29.625 -18.0187
29.65 -9.37701
29.675 -11.5666
29.7 -7.64326
29.725 -6.58255
29.75 -9.15891
29.775 -3.08863
29.8 -9.15619
29.825 -6.59242
29.85 -7.6734
29.875 -11.5989
29.9 -9.42171
29.925 -18.1352
29.95 -16.1958
29.975 -34.4673
30 -16.1811
30.025 -18.1096
30.05 -9.46276
30.075 -11.6546
30.1 -7.72153
30.125 -6.66135
30.15 -9.2472
30.175 -3.17303
30.2 -9.26812
30.225 -6.67819
30.25 -7.75283
30.275 -11.6598
30.3 -9.51722
30.325 -18.1974
30.35 -16.2911
30.375 -35.2007
30.4 -16.3318
30.425 -18.2402
30.45 -9.54197
30.475 -11.7214
30.5 -7.79483
30.525 -6.74406
30.55 -9.31675
30.575 -3.24508
30.6 -9.31179
30.625 -6.7665
30.65 -7.82925
30.675 -11.7634
30.7 -9.59044
30.725 -18.2373
30.75 -16.3933
30.775 -37.9166
30.8 -16.322
30.825 -18.2284
30.85 -9.61514
30.875 -11.7843
30.9 -7.8825
30.925 -6.81876
30.95 -9.37287
30.975 -3.32644
31 -9.39684
31.025 -6.84011
31.05 -7.91072
31.075 -11.8388
31.1 -9.66463
31.125 -18.3834
31.15 -16.4667
31.175 -36.5739
31.2 -16.4116
31.225 -18.365
31.25 -9.69623
31.275 -11.8841
31.3 -7.95638
31.325 -6.89683
31.35 -9.47382
31.375 -3.40017
31.4 -9.47652
31.425 -6.91253
31.45 -7.9902
31.475 -11.9226
31.5 -9.73872
31.525 -18.5177
31.55 -16.6382
31.575 -29.7654
31.6 -16.5785
31.625 -18.5044
31.65 -9.78443
31.675 -11.9658
31.7 -8.0267
31.725 -6.97223
31.75 -9.5807
31.775 -3.45777
31.8 -9.48282
31.825 -7.03949
31.85 -7.96871
31.875 -11.9555
31.9 -9.82734
31.925 -18.2863
31.95 -16.4531
31.975 -31.1209
32 -16.5438
32.025 -18.4569
32.05 -9.82531
32.075 -12.0164
32.1 -8.09812
32.125 -7.03842
32.15 -9.60701
32.175 -3.54567
32.2 -9.6218
32.225 -7.05931
32.25 -8.11442
32.275 -12.0475
32.3 -9.88584
32.325 -18.5162
32.35 -16.6218
32.375 -39.5807
32.4 -16.6201
32.425 -18.5424
32.45 -9.90456
32.475 -12.0938
32.5 -8.16814
32.525 -7.10925
32.55 -9.68411
32.575 -3.61449
32.6 -9.69851
32.625 -7.12914
32.65 -8.1786
32.675 -12.1057
32.7 -9.95746
32.725 -18.5944
32.75 -16.6714
32.775 -36.4913
32.8 -16.6873
32.825 -18.5971
32.85 -9.97062
32.875 -12.1582
32.9 -8.2335
32.925 -7.17762
32.95 -9.74924
32.975 -3.68132
33 -9.75935
33.025 -7.19677
33.05 -8.25233
33.075 -12.1817
33.1 -10.0205
33.125 -18.6839
33.15 -16.8101
33.175 -45.6655
33.2 -16.7916
33.225 -18.7445
33.25 -10.036
33.275 -12.2234
33.3 -8.29966
33.325 -7.24174
33.35 -9.81771
33.375 -3.74643
33.4 -9.82486
33.425 -7.26008
33.45 -8.31606
33.475 -12.2437
33.5 -10.088
33.525 -18.745
33.55 -16.8538
33.575 -38.602
33.6 -16.8432
33.625 -18.7766
33.65 -10.1053
33.675 -12.2859
33.7 -8.35907
33.725 -7.30913
33.75 -9.88448
33.775 -3.81062
33.8 -9.89482
33.825 -7.32603
33.85 -8.3794
33.875 -12.3086
33.9 -10.1438
33.925 -18.8274
33.95 -16.908
33.975 -36.2313
34 -16.9206
34.025 -18.8652
34.05 -10.1815
34.075 -12.3333
34.1 -8.42701
34.125 -7.36399
34.15 -9.94638
34.175 -3.87695
34.2 -9.97294
34.225 -7.39149
34.25 -8.43053
34.275 -12.34
34.3 -10.1825
34.325 -18.9102
34.35 -16.9009
34.375 -22.8621
34.4 -16.0673
34.425 -17.8567
34.45 -10.2407
34.475 -12.4106
34.5 -8.49236
34.525 -7.40851
34.55 -9.97169
34.575 -3.92121
34.6 -9.96574
34.625 -7.42273
34.65 -8.51029
34.675 -12.4474
34.7 -10.2808
34.725 -18.8353
34.75 -17.0123
34.775 -37.9173
34.8 -16.973
34.825 -18.8358
34.85 -10.279
34.875 -12.4899
34.9 -8.55101
34.925 -7.4698
34.95 -10.0458
34.975 -3.9844
35 -10.0217
35.025 -7.48029
35.05 -8.55934
35.075 -12.456
35.1 -10.4073
35.125 -18.2984
35.15 -16.5126
35.175 -26.1083
35.2 -17.3907
35.225 -19.0047
35.25 -10.3524
35.275 -12.4817
35.3 -8.58718
35.325 -7.55094
35.35 -10.1005
35.375 -4.03635
35.4 -10.1238
35.425 -7.5584
35.45 -8.61218
35.475 -12.5488
35.5 -10.3846
35.525 -19.0436
35.55 -17.1351
35.575 -33.7101
35.6 -17.1873
35.625 -19.048
35.65 -10.4003
35.675 -12.5644
35.7 -8.65056
35.725 -7.59629
35.75 -10.1659
35.775 -4.09586
35.8 -10.1774
35.825 -7.61367
35.85 -8.67038
35.875 -12.6076
35.9 -10.435
35.925 -19.0654
35.95 -17.1943
35.975 -35.904
36 -17.1838
36.025 -19.1101
36.05 -10.4526
36.075 -12.6107
36.1 -8.70137
36.125 -7.64491
36.15 -10.2124
36.175 -4.14771
36.2 -10.2296
36.225 -7.66094
36.25 -8.72396
36.275 -12.6654
36.3 -10.4805
36.325 -19.1797
36.35 -17.2512
36.375 -36.4868
36.4 -17.2758
36.425 -19.1346
36.45 -10.4994
36.475 -12.6665
36.5 -8.75446
36.525 -7.69752
36.55 -10.2638
36.575 -4.19929
36.6 -10.2778
36.625 -7.71191
36.65 -8.77122
36.675 -12.712
36.7 -10.5343
36.725 -19.1552
36.75 -17.2633
36.775 -37.3694
36.8 -17.2947
36.825 -19.1888
36.85 -10.5681
36.875 -12.7163
36.9 -8.79366
36.925 -7.74019
36.95 -10.3156
36.975 -4.25224
37 -10.342
37.025 -7.74849
37.05 -8.8274
37.075 -12.7484
37.1 -10.5882
37.125 -19.15
37.15 -17.3517
37.175 -37.5826
37.2 -17.4074
37.225 -19.2945
37.25 -10.5915
37.275 -12.7827
37.3 -8.85912
37.325 -7.79494
37.35 -10.3619
37.375 -4.29338
37.4 -10.3722
37.425 -7.80143
37.45 -8.8657
37.475 -12.8014
37.5 -10.6335
37.525 -19.3036
37.55 -17.3964
37.575 -34.3245
37.6 -17.4953
37.625 -19.5253
37.65 -10.6123
37.675 -12.8653
37.7 -8.95521
37.725 -7.81622
37.75 -10.4863
37.775 -4.35288
37.8 -10.4054
37.825 -7.84957
37.85 -8.92142
37.875 -12.8618
37.9 -10.6701
37.925 -19.2559
37.95 -17.4582
37.975 -34.6003
38 -17.371
38.025 -19.2594
38.05 -10.6894
38.075 -12.8707
38.1 -8.93694
38.125 -7.88366
38.15 -10.4675
38.175 -4.38803
38.2 -10.455
38.225 -7.89011
38.25 -8.9636
38.275 -12.8786
38.3 -10.7192
38.325 -19.3533
38.35 -17.4734
38.375 -35.8712
38.4 -17.5021
38.425 -19.3483
38.45 -10.7331
38.475 -12.9097
38.5 -8.981
38.525 -7.93027
38.55 -10.5038
38.575 -4.42591
38.6 -10.4832
38.625 -7.93765
38.65 -9.00112
38.675 -12.9222
38.7 -10.7667
38.725 -19.3469
38.75 -17.4972
38.775 -38.6335
38.8 -17.5229
38.825 -19.3613
38.85 -10.7702
38.875 -12.9293
38.9 -9.02773
38.925 -7.96882
38.95 -10.5085
38.975 -4.47014
39 -10.5299
39.025 -7.98071
39.05 -9.0396
39.075 -12.9747
39.1 -10.7988
39.125 -19.4789
39.15 -17.5613
39.175 -40.3753
39.2 -17.5308
39.225 -19.3848
39.25 -10.8108
39.275 -13.0005
39.3 -9.07012
39.325 -8.02385
39.35 -10.6199
39.375 -4.50879
39.4 -10.5788
39.425 -8.01678
39.45 -9.08709
39.475 -13.0192
39.5 -10.833
39.525 -19.5143
39.55 -17.6336
39.575 -32.8369
39.6 -17.5988
39.625 -19.5102
39.65 -10.8451
39.675 -13.0488
39.7 -9.11348
39.725 -8.04277
39.75 -10.6146
39.775 -4.54471
39.8 -10.6145
39.825 -8.05259
39.85 -9.1213
39.875 -13.0451
39.9 -10.875
39.925 -19.4825
39.95 -17.6584
39.975 -34.3795
40 -17.609
40.025 -19.5679
40.05 -10.8841
40.075 -13.0661
40.1 -9.1381
40.125 -8.07979
40.15 -10.6516
40.175 -4.57856
40.2 -10.6482
40.225 -8.06973
40.25 -9.13716
40.275 -13.0753
40.3 -10.8105
40.325 -19.5649
40.35 -17.6859
40.375 -29.0802
40.4 -17.7885
40.425 -19.5472
40.45 -10.9221
40.475 -13.1126
40.5 -9.17975
40.525 -8.11705
40.55 -10.6946
40.575 -4.61787
40.6 -10.6983
40.625 -8.13007
40.65 -9.18613
40.675 -13.1084
40.7 -10.9586
40.725 -19.5671
40.75 -17.7318
40.775 -38.2439
40.8 -17.7253
40.825 -19.6251
40.85 -10.9514
40.875 -13.1368
40.9 -9.21109
40.925 -8.14824
40.95 -10.72
40.975 -4.64997
41 -10.722
41.025 -8.15937
41.05 -9.22137
41.075 -13.1444
41.1 -10.9811
41.125 -19.6515
41.15 -17.7887
41.175 -43.9279
41.2 -17.7253
41.225 -19.6963
41.25 -10.9869
41.275 -13.1619
41.3 -9.23661
41.325 -8.17706
41.35 -10.7477
41.375 -4.68066
41.4 -10.7623
41.425 -8.19326
41.45 -9.24751
41.475 -13.1768
41.5 -11.0187
41.525 -19.695
41.55 -17.7795
41.575 -37.5882
41.6 -17.77
41.625 -19.6581
41.65 -11.0178
41.675 -13.195
41.7 -9.27219
41.725 -8.21001
41.75 -10.7807
41.775 -4.71134
41.8 -10.7861
41.825 -8.22224
41.85 -9.28304
41.875 -13.2224
41.9 -11.0347
41.925 -19.6426
41.95 -17.7855
41.975 -39.9753
42 -17.8104
42.025 -19.7035
42.05 -11.0413
42.075 -13.2196
42.1 -9.29912
42.125 -8.23146
42.15 -10.8072
42.175 -4.74098
42.2 -10.8173
42.225 -8.24419
42.25 -9.30909
42.275 -13.2409
42.3 -11.0692
42.325 -19.6669
42.35 -17.8564
42.375 -38.4228
42.4 -17.8122
42.425 -19.6708
42.45 -11.0819
42.475 -13.2546
42.5 -9.33207
42.525 -8.26405
42.55 -10.8367
42.575 -4.76755
42.6 -10.8353
42.625 -8.26838
42.65 -9.33425
42.675 -13.2698
42.7 -11.0939
42.725 -19.6879
42.75 -17.8809
42.775 -34.4172
42.8 -17.7675
42.825 -19.6871
42.85 -11.0951
42.875 -13.3469
42.9 -9.35298
42.925 -8.28867
42.95 -10.8665
42.975 -4.79292
43 -10.8319
43.025 -8.28397
43.05 -9.3567
43.075 -13.2387
43.1 -11.2041
43.125 -18.9737
43.15 -17.1962
43.175 -26.3089
43.2 -18.2522
43.225 -19.839
43.25 -11.1307
43.275 -13.2589
43.3 -9.3621
43.325 -8.33322
43.35 -10.8782
43.375 -4.81229
43.4 -10.9093
43.425 -8.3316
43.45 -9.38087
43.475 -13.3022
43.5 -11.1312
43.525 -19.9012
43.55 -17.9675
43.575 -37.6693
43.6 -17.933
43.625 -19.8628
43.65 -11.1456
43.675 -13.3345
43.7 -9.39722
43.725 -8.34389
43.75 -10.9129
43.775 -4.83766
43.8 -10.9263
43.825 -8.35798
43.85 -9.37699
43.875 -13.2414
43.9 -11.2028
43.925 -19.7864
43.95 -17.906
43.975 -36.538
44 -17.9643
44.025 -19.7859
44.05 -11.1794
44.075 -13.3251
44.1 -9.42604
44.125 -8.36147
44.15 -10.9374
44.175 -4.85851
44.2 -10.9552
44.225 -8.37426
44.25 -9.42609
44.275 -13.3622
44.3 -11.1924
44.325 -19.7977
44.35 -17.9168
44.375 -38.9426
44.4 -17.9627
44.425 -19.8485
44.45 -11.1933
44.475 -13.3506
44.5 -9.43954
44.525 -8.38637
44.55 -10.9452
44.575 -4.88041
44.6 -10.9601
44.625 -8.38926
44.65 -9.44359
44.675 -13.3772
44.7 -11.2133
44.725 -19.8025
44.75 -17.9354
44.775 -49.3103
44.8 -17.973
44.825 -19.8768
44.85 -11.2091
44.875 -13.3785
44.9 -9.45892
44.925 -8.40151
44.95 -10.9618
44.975 -4.89727
45 -10.974
45.025 -8.40454
45.05 -9.46838
45.075 -13.4028
45.1 -11.2263
45.125 -19.8293
45.15 -17.9635
45.175 -39.1371
45.2 -18.0478
45.225 -19.9092
45.25 -11.2235
45.275 -13.4016
45.3 -9.47948
45.325 -8.4217
45.35 -10.9781
45.375 -4.91364
45.4 -10.9911
45.425 -8.41897
45.45 -9.46303
45.475 -13.3829
45.5 -11.2196
45.525 -20.0885
45.55 -17.9752
45.575 -33.2002
45.6 -18.1174
45.625 -20.1319
45.65 -11.2222
45.675 -13.4613
45.7 -9.55964
45.725 -8.40396
45.75 -11.0931
45.775 -4.9439
45.8 -10.9933
45.825 -8.4374
45.85 -9.51058
45.875 -13.4301
45.9 -11.2606
45.925 -19.8105
45.95 -18.0377
45.975 -34.9209
46 -17.9577
46.025 -19.8132
46.05 -11.2645
46.075 -13.4206
46.1 -9.50246
46.125 -8.44737
46.15 -11.0178
46.175 -4.94534
46.2 -11.0156
46.225 -8.44917
46.25 -9.516
46.275 -13.4419
46.3 -11.2772
46.325 -19.8638
46.35 -18.0356
46.375 -35.8923
46.4 -18.0061
46.425 -20.0385
46.45 -11.2597
46.475 -13.4196
46.5 -9.50214
46.525 -8.4608
46.55 -11.0331
46.575 -4.95908
46.6 -11.0272
46.625 -8.46139
46.65 -9.52494
46.675 -13.4372
46.7 -11.283
46.725 -19.8773
46.75 -18.0272
46.775 -39.4689
46.8 -18.0493
46.825 -19.8716
46.85 -11.2901
46.875 -13.4514
46.9 -9.52523
46.925 -8.47614
46.95 -11.0409
46.975 -4.96912
47 -11.034
47.025 -8.4737
47.05 -9.53123
47.075 -13.4609
47.1 -11.2851
47.125 -19.9719
47.15 -18.0322
47.175 -39.0062
47.2 -18.0677
47.225 -19.8759
47.25 -11.2977
47.275 -13.4688
47.3 -9.5385
47.325 -8.50195
47.35 -11.0954
47.375 -4.97904
47.4 -11.0444
47.425 -8.48898
47.45 -9.54906
47.475 -13.4741
47.5 -11.2976
47.525 -19.913
47.55 -18.0446
47.575 -37.6583
47.6 -17.9782
47.625 -19.9022
47.65 -11.3083
47.675 -13.4985
47.7 -9.5579
47.725 -8.49382
47.75 -11.0727
47.775 -4.986
47.8 -11.0654
47.825 -8.48796
47.85 -9.55915
47.875 -13.4646
47.9 -11.3159
47.925 -19.8903
47.95 -18.082
47.975 -33.3997
48 -18.052
48.025 -19.9808
48.05 -11.3488
48.075 -13.3813
48.1 -9.52122
48.125 -8.49973
48.15 -11.0675
48.175 -4.98874
48.2 -11.0614
48.225 -8.47649
48.25 -9.53619
48.275 -13.4982
48.3 -11.1929
48.325 -20.0228
48.35 -18.06
48.375 -28.6755
48.4 -18.309
48.425 -20.0584
48.45 -11.2966
48.475 -13.4992
48.5 -9.56717
48.525 -8.50433
48.55 -11.0763
48.575 -4.99858
48.6 -11.0721
48.625 -8.51162
48.65 -9.56882
48.675 -13.4966
48.7 -11.3224
48.725 -19.934
48.75 -18.0842
48.775 -35.8131
48.8 -18.111
48.825 -19.9779
48.85 -11.3164
48.875 -13.4873
48.9 -9.56654
48.925 -8.50881
48.95 -11.0795
48.975 -5.00314
49 -11.0774
49.025 -8.51992
49.05 -9.5586
49.075 -13.5321
49.1 -11.3232
49.125 -19.9633
49.15 -18.1007
49.175 -39.069
49.2 -18.0519
49.225 -19.9472
49.25 -11.3233
49.275 -13.4919
49.3 -9.56388
49.325 -8.50568
49.35 -11.0781
49.375 -5.00657
49.4 -11.0864
49.425 -8.51405
49.45 -9.56822
49.475 -13.5015
49.5 -11.3235
49.525 -19.9741
49.55 -18.0637
49.575 -48.7053
49.6 -18.0962
49.625 -19.917
49.65 -11.3243
49.675 -13.5148
49.7 -9.57278
49.725 -8.51549
49.75 -11.0886
49.775 -5.00711
49.8 -11.0815
49.825 -8.51502
49.85 -9.57489
49.875 -13.5042
49.9 -11.316
49.925 -19.9379
49.95 -18.0629
49.975 -37.5722
50 -18.0629
50.025 -19.9379
50.05 -11.316
50.075 -13.5042
50.1 -9.57489
50.125 -8.51502
50.15 -11.0815
50.175 -5.00711
50.2 -11.0886
50.225 -8.51549
50.25 -9.57278
50.275 -13.5148
50.3 -11.3243
50.325 -19.917
50.35 -18.0962
50.375 -48.7053
50.4 -18.0637
50.425 -19.9741
50.45 -11.3235
50.475 -13.5015
50.5 -9.56822
50.525 -8.51405
50.55 -11.0864
50.575 -5.00657
50.6 -11.0781
50.625 -8.50568
50.65 -9.56388
50.675 -13.4919
50.7 -11.3233
50.725 -19.9472
50.75 -18.0519
50.775 -39.069
50.8 -18.1007
50.825 -19.9633
50.85 -11.3232
50.875 -13.5321
50.9 -9.5586
50.925 -8.51992
50.95 -11.0774
50.975 -5.00314
51 -11.0795
51.025 -8.50881
51.05 -9.56654
51.075 -13.4873
51.1 -11.3164
51.125 -19.9779
51.15 -18.111
51.175 -35.8131
51.2 -18.0842
51.225 -19.934
51.25 -11.3224
51.275 -13.4966
51.3 -9.56882
51.325 -8.51162
51.35 -11.0721
51.375 -4.99858
51.4 -11.0763
51.425 -8.50433
51.45 -9.56717
51.475 -13.4992
51.5 -11.2966
51.525 -20.0584
51.55 -18.309
51.575 -28.6755
51.6 -18.06
51.625 -20.0228
51.65 -11.1929
51.675 -13.4982
51.7 -9.53619
51.725 -8.47649
51.75 -11.0614
51.775 -4.98874
51.8 -11.0675
51.825 -8.49973
51.85 -9.52122
51.875 -13.3813
51.9 -11.3488
51.925 -19.9809
51.95 -18.052
51.975 -33.3997
52 -18.082
52.025 -19.8903
52.05 -11.3159
52.075 -13.4646
52.1 -9.55915
52.125 -8.48796
52.15 -11.0654
52.175 -4.986
52.2 -11.0727
52.225 -8.49382
52.25 -9.5579
52.275 -13.4985
52.3 -11.3083
52.325 -19.9022
52.35 -17.9782
52.375 -37.6583
52.4 -18.0446
52.425 -19.913
52.45 -11.2976
52.475 -13.4741
52.5 -9.54906
52.525 -8.48898
52.55 -11.0444
52.575 -4.97904
52.6 -11.0954
52.625 -8.50195
52.65 -9.5385
52.675 -13.4688
52.7 -11.2977
52.725 -19.8759
52.75 -18.0677
52.775 -39.0062
52.8 -18.0322
52.825 -19.9719
52.85 -11.2851
52.875 -13.4609
52.9 -9.53123
52.925 -8.4737
52.95 -11.034
52.975 -4.96912
53 -11.0409
53.025 -8.47614
53.05 -9.52523
53.075 -13.4514
53.1 -11.2901
53.125 -19.8716
53.15 -18.0493
53.175 -39.4689
53.2 -18.0272
53.225 -19.8773
53.25 -11.283
53.275 -13.4372
53.3 -9.52494
53.325 -8.46139
53.35 -11.0272
53.375 -4.95908
53.4 -11.0331
53.425 -8.4608
53.45 -9.50214
53.475 -13.4196
53.5 -11.2597
53.525 -20.0385
53.55 -18.0061
53.575 -35.8923
53.6 -18.0356
53.625 -19.8638
53.65 -11.2772
53.675 -13.4419
53.7 -9.516
53.725 -8.44917
53.75 -11.0156
53.775 -4.94534
53.8 -11.0178
53.825 -8.44737
53.85 -9.50246
53.875 -13.4206
53.9 -11.2645
53.925 -19.8132
53.95 -17.9577
53.975 -34.9209
54 -18.0377
54.025 -19.8105
54.05 -11.2606
54.075 -13.4301
54.1 -9.51058
54.125 -8.4374
54.15 -10.9933
54.175 -4.9439
54.2 -11.0931
54.225 -8.40396
54.25 -9.55964
54.275 -13.4613
54.3 -11.2222
54.325 -20.1319
54.35 -18.1174
54.375 -33.2002
54.4 -17.9752
54.425 -20.0885
54.45 -11.2196
54.475 -13.3829
54.5 -9.46303
54.525 -8.41897
54.55 -10.9911
54.575 -4.91364
54.6 -10.9781
54.625 -8.4217
54.65 -9.47948
54.675 -13.4016
54.7 -11.2235
54.725 -19.9092
54.75 -18.0478
54.775 -39.1371
54.8 -17.9635
54.825 -19.8293
54.85 -11.2263
54.875 -13.4028
54.9 -9.46838
54.925 -8.40454
54.95 -10.974
54.975 -4.89727
55 -10.9618
55.025 -8.40151
55.05 -9.45892
55.075 -13.3785
55.1 -11.2091
55.125 -19.8768
55.15 -17.973
55.175 -49.3103
55.2 -17.9354
55.225 -19.8025
55.25 -11.2133
55.275 -13.3772
55.3 -9.44359
55.325 -8.38926
55.35 -10.9601
55.375 -4.88041
55.4 -10.9452
55.425 -8.38637
55.45 -9.43954
55.475 -13.3506
55.5 -11.1933
55.525 -19.8485
55.55 -17.9627
55.575 -38.9436
55.6 -17.9168
55.625 -19.7977
55.65 -11.1924
55.675 -13.3622
55.7 -9.42609
55.725 -8.37426
55.75 -10.9552
55.775 -4.85851
55.8 -10.9374
55.825 -8.36147
55.85 -9.42604
55.875 -13.3251
55.9 -11.1794
55.925 -19.7859
55.95 -17.9643
55.975 -36.538
56 -17.906
56.025 -19.7864
56.05 -11.2028
56.075 -13.2414
56.1 -9.37698
56.125 -8.35798
56.15 -10.9263
56.175 -4.83766
56.2 -10.9129
56.225 -8.34389
56.25 -9.39722
56.275 -13.3345
56.3 -11.1456
56.325 -19.8628
56.35 -17.933
56.375 -37.6693
56.4 -17.9675
56.425 -19.9012
56.45 -11.1312
56.475 -13.3022
56.5 -9.38087
56.525 -8.3316
56.55 -10.9093
56.575 -4.81229
56.6 -10.8782
56.625 -8.33322
56.65 -9.3621
56.675 -13.2589
56.7 -11.1307
56.725 -19.839
56.75 -18.2522
56.775 -26.3089
56.8 -17.1962
56.825 -18.9737
56.85 -11.2041
56.875 -13.2387
56.9 -9.3567
56.925 -8.28397
56.95 -10.8319
56.975 -4.79292
57 -10.8665
57.025 -8.28867
57.05 -9.35298
57.075 -13.3469
57.1 -11.0951
57.125 -19.6871
57.15 -17.7675
57.175 -34.4172
57.2 -17.8809
57.225 -19.6879
57.25 -11.0939
57.275 -13.2698
57.3 -9.33425
57.325 -8.26838
57.35 -10.8353
57.375 -4.76755
57.4 -10.8367
57.425 -8.26405
57.45 -9.33207
57.475 -13.2546
57.5 -11.0819
57.525 -19.6708
57.55 -17.8122
57.575 -38.4228
57.6 -17.8564
57.625 -19.6669
57.65 -11.0692
57.675 -13.2409
57.7 -9.30909
57.725 -8.24419
57.75 -10.8173
57.775 -4.74098
57.8 -10.8072
57.825 -8.23146
57.85 -9.29912
57.875 -13.2196
57.9 -11.0413
57.925 -19.7035
57.95 -17.8104
57.975 -39.9753
58 -17.7855
58.025 -19.6426
58.05 -11.0347
58.075 -13.2224
58.1 -9.28304
58.125 -8.22224
58.15 -10.7861
58.175 -4.71134
58.2 -10.7807
58.225 -8.21001
58.25 -9.27219
58.275 -13.195
58.3 -11.0178
58.325 -19.6581
58.35 -17.77
58.375 -37.5882
58.4 -17.7795
58.425 -19.695
58.45 -11.0187
58.475 -13.1768
58.5 -9.24751
58.525 -8.19326
58.55 -10.7623
58.575 -4.68066
58.6 -10.7477
58.625 -8.17706
58.65 -9.23661
58.675 -13.1619
58.7 -10.9869
58.725 -19.6963
58.75 -17.7253
58.775 -43.9279
58.8 -17.7887
58.825 -19.6515
58.85 -10.9811
58.875 -13.1444
58.9 -9.22137
58.925 -8.15937
58.95 -10.722
58.975 -4.64997
59 -10.72
59.025 -8.14824
59.05 -9.21109
59.075 -13.1368
59.1 -10.9514
59.125 -19.6251
59.15 -17.7253
59.175 -38.2439
59.2 -17.7318
59.225 -19.5671
59.25 -10.9586
59.275 -13.1084
59.3 -9.18613
59.325 -8.13007
59.35 -10.6983
59.375 -4.61787
59.4 -10.6946
59.425 -8.11705
59.45 -9.17975
59.475 -13.1126
59.5 -10.9221
59.525 -19.5472
59.55 -17.7885
59.575 -29.0802
59.6 -17.6859
59.625 -19.5649
59.65 -10.8105
59.675 -13.0753
59.7 -9.13716
59.725 -8.06973
59.75 -10.6482
59.775 -4.57856
59.8 -10.6516
59.825 -8.07979
59.85 -9.1381
59.875 -13.0661
59.9 -10.8841
59.925 -19.5679
59.95 -17.609
59.975 -34.3795
60 -17.6584
60.025 -19.4825
60.05 -10.875
60.075 -13.0451
60.1 -9.1213
60.125 -8.05259
60.15 -10.6145
60.175 -4.54471
60.2 -10.6146
60.225 -8.04277
60.25 -9.11348
60.275 -13.0488
60.3 -10.8451
60.325 -19.5102
60.35 -17.5988
60.375 -32.8369
60.4 -17.6336
60.425 -19.5143
60.45 -10.833
60.475 -13.0192
60.5 -9.08709
60.525 -8.01678
60.55 -10.5788
60.575 -4.50879
60.6 -10.6199
60.625 -8.02385
60.65 -9.07012
60.675 -13.0005
60.7 -10.8108
60.725 -19.3848
60.75 -17.5308
60.775 -40.3753
60.8 -17.5613
60.825 -19.4789
60.85 -10.7988
60.875 -12.9747
60.9 -9.0396
60.925 -7.98071
60.95 -10.5299
60.975 -4.47014
61 -10.5085
61.025 -7.96882
61.05 -9.02773
61.075 -12.9293
61.1 -10.7702
61.125 -19.3613
61.15 -17.5229
61.175 -38.6335
61.2 -17.4972
61.225 -19.3469
61.25 -10.7667
61.275 -12.9222
61.3 -9.00112
61.325 -7.93765
61.35 -10.4832
61.375 -4.42591
61.4 -10.5038
61.425 -7.93027
61.45 -8.981
61.475 -12.9097
61.5 -10.7331
61.525 -19.3483
61.55 -17.5021
61.575 -35.8712
61.6 -17.4734
61.625 -19.3533
61.65 -10.7192
61.675 -12.8786
61.7 -8.9636
61.725 -7.89011
61.75 -10.455
61.775 -4.38803
61.8 -10.4675
61.825 -7.88366
61.85 -8.93694
61.875 -12.8707
61.9 -10.6894
61.925 -19.2594
61.95 -17.371
61.975 -34.6003
62 -17.4582
62.025 -19.2559
62.05 -10.6701
62.075 -12.8618
62.1 -8.92142
62.125 -7.84957
62.15 -10.4054
62.175 -4.35288
62.2 -10.4863
62.225 -7.81622
62.25 -8.95521
62.275 -12.8653
62.3 -10.6123
62.325 -19.5253
62.35 -17.4953
62.375 -34.3245
62.4 -17.3964
62.425 -19.3036
62.45 -10.6335
62.475 -12.8014
62.5 -8.8657
62.525 -7.80143
62.55 -10.3722
62.575 -4.29338
62.6 -10.3619
62.625 -7.79494
62.65 -8.85912
62.675 -12.7827
62.7 -10.5915
62.725 -19.2945
62.75 -17.4074
62.775 -37.5826
62.8 -17.3517
62.825 -19.15
62.85 -10.5882
62.875 -12.7484
62.9 -8.8274
62.925 -7.74849
62.95 -10.342
62.975 -4.25224
63 -10.3156
63.025 -7.74019
63.05 -8.79366
63.075 -12.7163
63.1 -10.5681
63.125 -19.1888
63.15 -17.2947
63.175 -37.3694
63.2 -17.2633
63.225 -19.1552
63.25 -10.5343
63.275 -12.712
63.3 -8.77122
63.325 -7.71191
63.35 -10.2778
63.375 -4.19929
63.4 -10.2638
63.425 -7.69752
63.45 -8.75446
63.475 -12.6665
63.5 -10.4994
63.525 -19.1346
63.55 -17.2758
63.575 -36.4868
63.6 -17.2512
63.625 -19.1797
63.65 -10.4805
63.675 -12.6654
63.7 -8.72396
63.725 -7.66094
63.75 -10.2296
63.775 -4.14771
63.8 -10.2124
63.825 -7.64491
63.85 -8.70137
63.875 -12.6107
63.9 -10.4526
63.925 -19.1101
63.95 -17.1838
63.975 -35.904
64 -17.1943
64.025 -19.0654
64.05 -10.435
64.075 -12.6076
64.1 -8.67038
64.125 -7.61367
64.15 -10.1774
64.175 -4.09586
64.2 -10.1659
64.225 -7.59629
64.25 -8.65056
64.275 -12.5644
64.3 -10.4003
64.325 -19.048
64.35 -17.1873
64.375 -33.7101
64.4 -17.1351
64.425 -19.0436
64.45 -10.3846
64.475 -12.5488
64.5 -8.61218
64.525 -7.5584
64.55 -10.1238
64.575 -4.03635
64.6 -10.1005
64.625 -7.55094
64.65 -8.58718
64.675 -12.4817
64.7 -10.3524
64.725 -19.0047
64.75 -17.3907
64.775 -26.1083
64.8 -16.5126
64.825 -18.2984
64.85 -10.4073
64.875 -12.456
64.9 -8.55934
64.925 -7.48029
64.95 -10.0217
64.975 -3.9844
65 -10.0458
65.025 -7.4698
65.05 -8.55101
65.075 -12.4899
65.1 -10.279
65.125 -18.8358
65.15 -16.973
65.175 -37.9173
65.2 -17.0123
65.225 -18.8353
65.25 -10.2808
65.275 -12.4474
65.3 -8.51029
65.325 -7.42273
65.35 -9.96574
65.375 -3.92121
65.4 -9.97169
65.425 -7.40851
65.45 -8.49236
65.475 -12.4106
65.5 -10.2407
65.525 -17.8567
65.55 -16.0673
65.575 -22.8621
65.6 -16.9009
65.625 -18.9102
65.65 -10.1825
65.675 -12.34
65.7 -8.43053
65.725 -7.39149
65.75 -9.97294
65.775 -3.87695
65.8 -9.94638
65.825 -7.36399
65.85 -8.42701
65.875 -12.3333
65.9 -10.1815
65.925 -18.8652
65.95 -16.9206
65.975 -36.2313
66 -16.908
66.025 -18.8274
66.05 -10.1438
66.075 -12.3086
66.1 -8.3794
66.125 -7.32603
66.15 -9.89482
66.175 -3.81062
66.2 -9.88448
66.225 -7.30913
66.25 -8.35907
66.275 -12.2859
66.3 -10.1053
66.325 -18.7766
66.35 -16.8432
66.375 -38.602
66.4 -16.8538
66.425 -18.745
66.45 -10.088
66.475 -12.2437
66.5 -8.31606
66.525 -7.26008
66.55 -9.82486
66.575 -3.74643
66.6 -9.81771
66.625 -7.24174
66.65 -8.29966
66.675 -12.2234
66.7 -10.036
66.725 -18.7445
66.75 -16.7916
66.775 -45.6655
66.8 -16.8101
66.825 -18.6839
66.85 -10.0205
66.875 -12.1817
66.9 -8.25233
66.925 -7.19677
66.95 -9.75935
66.975 -3.68132
67 -9.74924
67.025 -7.17762
67.05 -8.2335
67.075 -12.1582
67.1 -9.97062
67.125 -18.5971
67.15 -16.6873
67.175 -36.4913
67.2 -16.6714
67.225 -18.5944
67.25 -9.95746
67.275 -12.1057
67.3 -8.1786
67.325 -7.12914
67.35 -9.69851
67.375 -3.61449
67.4 -9.68411
67.425 -7.10925
67.45 -8.16814
67.475 -12.0938
67.5 -9.90456
67.525 -18.5424
67.55 -16.6201
67.575 -39.5807
67.6 -16.6218
67.625 -18.5162
67.65 -9.88584
67.675 -12.0475
67.7 -8.11442
67.725 -7.05931
67.75 -9.6218
67.775 -3.54567
67.8 -9.60701
67.825 -7.03842
67.85 -8.09812
67.875 -12.0164
67.9 -9.82531
67.925 -18.4569
67.95 -16.5438
67.975 -31.1209
68 -16.4531
68.025 -18.2863
68.05 -9.82734
68.075 -11.9555
68.1 -7.96871
68.125 -7.03949
68.15 -9.48282
68.175 -3.45777
68.2 -9.5807
68.225 -6.97223
68.25 -8.0267
68.275 -11.9658
68.3 -9.78443
68.325 -18.5044
68.35 -16.5785
68.375 -29.7654
68.4 -16.6382
68.425 -18.5177
68.45 -9.73872
68.475 -11.9226
68.5 -7.9902
68.525 -6.91253
68.55 -9.47652
68.575 -3.40017
68.6 -9.47382
68.625 -6.89683
68.65 -7.95638
68.675 -11.8841
68.7 -9.69623
68.725 -18.365
68.75 -16.4116
68.775 -36.5739
68.8 -16.4667
68.825 -18.3834
68.85 -9.66463
68.875 -11.8388
68.9 -7.91072
68.925 -6.84011
68.95 -9.39684
68.975 -3.32644
69 -9.37287
69.025 -6.81876
69.05 -7.8825
69.075 -11.7843
69.1 -9.61514
69.125 -18.2284
69.15 -16.322
69.175 -37.9166
69.2 -16.3933
69.225 -18.2373
69.25 -9.59044
69.275 -11.7634
69.3 -7.82925
69.325 -6.7665
69.35 -9.31179
69.375 -3.24508
69.4 -9.31675
69.425 -6.74406
69.45 -7.79483
69.475 -11.7214
69.5 -9.54197
69.525 -18.2402
69.55 -16.3318
69.575 -35.2007
69.6 -16.2911
69.625 -18.1974
69.65 -9.51722
69.675 -11.6598
69.7 -7.75283
69.725 -6.67819
69.75 -9.26812
69.775 -3.17303
69.8 -9.2472
69.825 -6.66135
69.85 -7.72153
69.875 -11.6546
69.9 -9.46276
69.925 -18.1096
69.95 -16.1811
69.975 -34.4673
70 -16.1958
70.025 -18.1352
70.05 -9.42171
70.075 -11.5989
70.1 -7.6734
70.125 -6.59242
70.15 -9.15619
70.175 -3.08863
70.2 -9.15891
70.225 -6.58255
70.25 -7.64326
70.275 -11.5666
70.3 -9.37701
70.325 -18.0187
70.35 -16.1116
70.375 -37.5952
70.4 -16.1553
70.425 -18.0143
70.45 -9.34756
70.475 -11.5279
70.5 -7.58449
70.525 -6.51964
70.55 -9.07538
70.575 -3.004
70.6 -9.07278
70.625 -6.4973
70.65 -7.55912
70.675 -11.4885
70.7 -9.27686
70.725 -18.111
70.75 -16.1282
70.775 -33.6635
70.8 -16.0753
70.825 -17.8526
70.85 -9.26671
70.875 -11.4298
70.9 -7.50706
70.925 -6.42549
70.95 -9.0139
70.975 -2.92357
71 -8.99089
71.025 -6.40633
71.05 -7.46138
71.075 -11.3829
71.1 -9.22155
71.125 -17.84
71.15 -15.9293
71.175 -35.1626
71.2 -15.9587
71.225 -17.8443
71.25 -9.17447
71.275 -11.355
71.3 -7.41456
71.325 -6.34778
71.35 -8.90503
71.375 -2.8305
71.4 -8.89818
71.425 -6.32495
71.45 -7.38208
71.475 -11.3012
71.5 -9.12563
71.525 -17.7597
71.55 -15.8727
71.575 -37.4716
71.6 -15.856
71.625 -17.7814
71.65 -9.08823
71.675 -11.2668
71.7 -7.32266
71.725 -6.25667
71.75 -8.8121
71.775 -2.74062
71.8 -8.80813
71.825 -6.23425
71.85 -7.28655
71.875 -11.2045
71.9 -9.03573
71.925 -17.6845
71.95 -15.7438
71.975 -35.4967
72 -15.7863
72.025 -17.6482
72.05 -8.99846
72.075 -11.1727
72.1 -7.23184
72.125 -6.16325
72.15 -8.72261
72.175 -2.64736
72.2 -8.71461
72.225 -6.13939
72.25 -7.19596
72.275 -11.1216
72.3 -8.93525
72.325 -17.573
72.35 -15.6711
72.375 -37.3593
72.4 -15.6678
72.425 -17.5975
72.45 -8.90207
72.475 -11.0836
72.5 -7.1361
72.525 -6.0688
72.55 -8.62552
72.575 -2.55042
72.6 -8.61875
72.625 -6.04526
72.65 -7.09931
72.675 -11.0223
72.7 -8.84105
72.725 -17.4809
72.75 -15.5799
72.775 -35.8452
72.8 -15.5814
72.825 -17.4619
72.85 -8.81057
72.875 -10.9783
72.9 -7.03968
72.925 -5.97226
72.95 -8.52485
72.975 -2.45269
73 -8.51791
73.025 -5.94647
73.05 -7.00309
73.075 -10.9252
73.1 -8.74415
73.125 -17.3852
73.15 -15.4871
73.175 -33.47
73.2 -15.4424
73.225 -17.3759
73.25 -8.71412
73.275 -10.8923
73.3 -6.94002
73.325 -5.85853
73.35 -8.41129
73.375 -2.34905
73.4 -8.40932
73.425 -5.8371
73.45 -6.90398
73.475 -10.8183
73.5 -8.64315
73.525 -16.5889
73.55 -14.7745
73.575 -22.9022
73.6 -15.3033
73.625 -17.29
73.65 -8.5871
73.675 -10.7596
73.7 -6.82838
73.725 -5.77792
73.75 -8.35182
73.775 -2.2563
73.8 -8.32822
73.825 -5.74703
73.85 -6.8037
73.875 -10.706
73.9 -8.54831
73.925 -17.2838
73.95 -15.3155
73.975 -35.1177
74 -15.2719
74.025 -17.1775
74.05 -8.49675
74.075 -10.6813
74.1 -6.72837
74.125 -5.6629
74.15 -8.22471
74.175 -2.14787
74.2 -8.22414
74.225 -5.64601
74.25 -6.70334
74.275 -10.5424
74.3 -8.49385
74.325 -16.8861
74.35 -15.2817
74.375 -32.8495
74.4 -15.1843
74.425 -17.0832
74.45 -8.38479
74.475 -10.5347
74.5 -6.62263
74.525 -5.55912
74.55 -8.12459
74.575 -2.03834
74.6 -8.10711
74.625 -5.53231
74.65 -6.57761
74.675 -10.5039
74.7 -8.32132
74.725 -16.9393
74.75 -15.0694
74.775 -38.1437
74.8 -15.0608
74.825 -16.94
74.85 -8.27794
74.875 -10.4429
74.9 -6.51019
74.925 -5.45044
74.95 -8.01233
74.975 -1.92775
75 -7.99508
75.025 -5.41858
75.05 -6.46856
75.075 -10.391
75.1 -8.20958
75.125 -16.8338
75.15 -14.933
75.175 -38.6489
75.2 -14.9077
75.225 -16.8257
75.25 -8.16452
75.275 -10.334
75.3 -6.39466
75.325 -5.33498
75.35 -7.89587
75.375 -1.81219
75.4 -7.87892
75.425 -5.30241
75.45 -6.35645
75.475 -10.2762
75.5 -8.08924
75.525 -16.7242
75.55 -14.8259
75.575 -36.4924
75.6 -14.8165
75.625 -16.7207
75.65 -8.04784
75.675 -10.21
75.7 -6.27603
75.725 -5.21836
75.75 -7.77823
75.775 -1.69592
75.8 -7.76041
75.825 -5.18525
75.85 -6.23719
75.875 -10.145
75.9 -7.97156
75.925 -16.6514
75.95 -14.726
75.975 -31.0291
76 -14.62
76.025 -16.4898
76.05 -7.93895
76.075 -10.075
76.1 -6.10789
76.125 -5.12738
76.15 -7.61455
76.175 -1.56454
76.2 -7.66574
76.225 -5.06693
76.25 -6.11858
76.275 -10.046
76.3 -7.86769
76.325 -16.5342
76.35 -14.6196
76.375 -30.9987
76.4 -14.6557
76.425 -16.5286
76.45 -7.80593
76.475 -9.98073
76.5 -6.04569
76.525 -4.97071
76.55 -7.53044
76.575 -1.45
76.6 -7.52139
76.625 -4.94156
76.65 -5.99438
76.675 -9.91613
76.7 -7.7327
76.725 -16.379
76.75 -14.4696
76.775 -34.3231
76.8 -14.5067
76.825 -16.4004
76.85 -7.67199
76.875 -9.86217
76.9 -5.91267
76.925 -4.84924
76.95 -7.40917
76.975 -1.32437
77 -7.38958
77.025 -4.81371
77.05 -5.86674
77.075 -9.7826
77.1 -7.60165
77.125 -16.2478
77.15 -14.328
77.175 -35.8214
77.2 -14.3609
77.225 -16.2376
77.25 -7.55333
77.275 -9.71835
77.3 -5.78507
77.325 -4.71644
77.35 -7.27628
77.375 -1.19369
77.4 -7.25862
77.425 -4.68226
77.45 -5.73621
77.475 -9.65376
77.5 -7.47484
77.525 -16.1538
77.55 -14.2377
77.575 -36.161
77.6 -14.2132
77.625 -16.1173
77.65 -7.42335
77.675 -9.5816
77.7 -5.65191
77.725 -4.58205
77.75 -7.15615
77.775 -1.06265
77.8 -7.12419
77.825 -4.54914
77.85 -5.60186
77.875 -9.51432
77.9 -7.33976
77.925 -15.9954
77.95 -14.0772
77.975 -39.6442
78 -14.0689
78.025 -15.9808
78.05 -7.28453
78.075 -9.44156
78.1 -5.51903
78.125 -4.43983
78.15 -7.00501
78.175 -0.925205
78.2 -6.9928
78.225 -4.41159
78.25 -5.46835
78.275 -9.38695
78.3 -7.20105
78.325 -15.8251
78.35 -13.9175
78.375 -36.285
78.4 -13.9467
78.425 -15.7586
78.45 -7.15064
78.475 -9.32487
78.5 -5.36502
78.525 -4.31916
78.55 -6.869
78.575 -0.780199
78.6 -6.8445
78.625 -4.26749
78.65 -5.32077
78.675 -9.24308
78.7 -7.04618
78.725 -15.8196
78.75 -13.8536
78.775 -34.2113
78.8 -13.816
78.825 -15.7216
78.85 -6.99075
78.875 -9.17549
78.9 -5.23222
78.925 -4.16088
78.95 -6.72301
78.975 -0.637197
79 -6.70074
79.025 -4.12457
79.05 -5.17431
79.075 -9.09185
79.1 -6.91096
79.125 -15.5653
79.15 -13.6573
79.175 -35.3295
79.2 -13.6653
79.225 -15.5426
79.25 -6.84829
79.275 -9.02234
79.3 -5.08117
79.325 -4.01379
79.35 -6.57603
79.375 -0.487097
79.4 -6.55317
79.425 -3.98204
79.45 -5.01291
79.475 -8.94852
79.5 -6.74937
79.525 -15.4321
79.55 -13.4663
79.575 -34.7709
79.6 -13.4764
79.625 -15.3685
79.65 -6.70752
79.675 -8.87378
79.7 -4.93255
79.725 -3.86026
79.75 -6.41268
79.775 -0.335428
79.8 -6.40103
79.825 -3.82092
79.85 -4.8746
79.875 -8.78745
79.9 -6.60633
79.925 -15.2621
79.95 -13.3415
79.975 -37.2254
80 -13.335
80.025 -15.2262
80.05 -6.54745
80.075 -8.71742
80.1 -4.77724
80.125 -3.70266
80.15 -6.26165
80.175 -0.178106
80.2 -6.24055
80.225 -3.66218
80.25 -4.71596
80.275 -8.6319
80.3 -6.44702
80.325 -15.099
80.35 -13.1834
80.375 -40.7834
80.4 -13.1567
80.425 -15.0694
80.45 -6.38528
80.475 -8.55904
80.5 -4.61605
80.525 -3.54204
80.55 -6.09851
80.575 -0.0162621
80.6 -6.07987
80.625 -3.49993
80.65 -4.55206
80.675 -8.46478
80.7 -6.28326
80.725 -14.9447
80.75 -13.0191
80.775 -39.4267
80.8 -13.0098
80.825 -14.9104
80.85 -6.22039
80.875 -8.39105
80.9 -4.44945
80.925 -3.37741
80.95 -5.93291
80.975 0.150492
81 -5.91206
81.025 -3.33164
81.05 -4.3873
81.075 -8.29546
81.1 -6.12084
81.125 -14.7761
81.15 -12.8396
81.175 -41.3239
81.2 -12.8367
81.225 -14.7782
81.25 -6.05148
81.275 -8.22486
81.3 -4.27585
81.325 -3.20337
81.35 -5.76125
81.375 0.322636
81.4 -5.7446
81.425 -3.15947
81.45 -4.21554
81.475 -8.11701
81.5 -5.9449
81.525 -14.5851
81.55 -12.6874
81.575 -37.5364
81.6 -12.6685
81.625 -14.5744
81.65 -5.87877
81.675 -8.04728
81.7 -4.1052
81.725 -3.02845
81.75 -5.58206
81.775 0.499298
81.8 -5.56153
81.825 -2.97897
81.85 -4.0424
81.875 -7.92178
81.9 -5.77594
81.925 -14.4088
81.95 -12.4832
81.975 -32.001
82 -12.5363
82.025 -14.7078
82.05 -5.7461
82.075 -7.75985
82.1 -3.89453
82.125 -2.84462
82.15 -5.40712
82.175 0.678757
82.2 -5.38799
82.225 -2.81075
82.25 -3.85194
82.275 -7.7507
82.3 -5.6043
82.325 -14.157
82.35 -12.4022
82.375 -34.6042
82.4 -12.3125
82.425 -14.1942
82.45 -5.50667
82.475 -7.65932
82.5 -3.73112
82.525 -2.66116
82.55 -5.2207
82.575 0.868261
82.6 -5.19221
82.625 -2.61795
82.65 -3.65842
82.675 -7.5876
82.7 -5.37712
82.725 -14.0232
82.75 -12.1348
82.775 -35.4762
82.8 -12.1107
82.825 -13.9929
82.85 -5.31732
82.875 -7.47833
82.9 -3.54123
82.925 -2.46924
82.95 -5.02438
82.975 1.06133
83 -5.00478
83.025 -2.42462
83.05 -3.45997
83.075 -7.38869
83.1 -5.19567
83.125 -13.831
83.15 -11.9357
83.175 -37.4536
83.2 -11.908
83.225 -13.7728
83.25 -5.1179
83.275 -7.28687
83.3 -3.34306
83.325 -2.2706
83.35 -4.82617
83.375 1.26114
83.4 -4.80099
83.425 -2.21941
83.45 -3.26456
83.475 -7.18111
83.5 -4.99229
83.525 -13.6392
83.55 -11.7335
83.575 -39.3967
83.6 -11.7086
83.625 -13.6023
83.65 -4.91677
83.675 -7.07319
83.7 -3.13681
83.725 -2.06383
83.75 -4.61755
83.775 1.46724
83.8 -4.59502
83.825 -2.0125
83.85 -3.05764
83.875 -6.97326
83.9 -4.78593
83.925 -13.4527
83.95 -11.532
83.975 -36.7055
84 -11.5004
84.025 -13.3846
84.05 -4.70535
84.075 -6.86548
84.1 -2.9258
84.125 -1.85152
84.15 -4.40606
84.175 1.68045
84.2 -4.37935
84.225 -1.79841
84.25 -2.84525
84.275 -6.75933
84.3 -4.57008
84.325 -13.2168
84.35 -11.3068
84.375 -37.737
84.4 -11.2928
84.425 -13.1721
84.45 -4.48935
84.475 -6.65025
84.5 -2.70651
84.525 -1.62992
84.55 -4.1837
84.575 1.9005
84.6 -4.16408
84.625 -1.57536
84.65 -2.62518
84.675 -6.53907
84.7 -4.34001
84.725 -12.9961
84.75 -11.1102
84.775 -35.0086
84.8 -11.0585
84.825 -12.9547
84.85 -4.25636
84.875 -6.42932
84.9 -2.47847
84.925 -1.40801
84.95 -3.96157
84.975 2.12877
85 -3.9287
85.025 -1.34837
85.05 -2.39346
85.075 -6.30762
85.1 -4.11599
85.125 -12.7724
85.15 -10.8587
85.175 -37.7053
85.2 -10.8253
85.225 -12.7082
85.25 -4.02887
85.275 -6.18921
85.3 -2.24683
85.325 -1.17067
85.35 -3.72341
85.375 2.36466
85.4 -3.69265
85.425 -1.1114
85.45 -2.15714
85.475 -6.0697
85.5 -3.8779
85.525 -12.5258
85.55 -10.615
85.575 -35.7119
85.6 -10.5795
85.625 -12.4725
85.65 -3.78704
85.675 -5.94532
85.7 -2.00224
85.725 -0.927465
85.75 -3.48026
85.775 2.60938
85.8 -3.44719
85.825 -0.865526
85.85 -1.90982
85.875 -5.81942
85.9 -3.63051
85.925 -12.2834
85.95 -10.3688
85.975 -44.4139
86 -10.3347
86.025 -12.2129
86.05 -3.53643
86.075 -5.69354
86.1 -1.75096
86.125 -0.674307
86.15 -3.22773
86.175 2.863
86.2 -3.19341
86.225 -0.610025
86.25 -1.65568
86.275 -5.56678
86.3 -3.37411
86.325 -12.018
86.35 -10.1036
86.375 -36.9804
86.4 -10.0754
86.425 -11.9285
86.45 -3.2784
86.475 -5.43769
86.5 -1.48522
86.525 -0.417025
86.55 -2.96728
86.575 3.12788
86.6 -2.92921
86.625 -0.34441
86.65 -1.38744
86.675 -5.30035
86.7 -3.10618
86.725 -11.7613
86.75 -9.84362
86.775 -39.4839
86.8 -9.80796
86.825 -11.7009
86.85 -2.99975
86.875 -5.16505
86.9 -1.21564
86.925 -0.140308
86.95 -2.69012
86.975 3.40226
87 -2.65104
87.025 -0.0696907
87.05 -1.10914
87.075 -5.01904
87.1 -2.82822
87.125 -11.4837
87.15 -9.57963
87.175 -35.8823
87.2 -9.49572
87.225 -11.3139
87.25 -2.73331
87.275 -4.87111
87.3 -0.932171
87.325 0.146023
87.35 -2.40425
87.375 3.68873
87.4 -2.36722
87.425 0.217625
87.45 -0.81963
87.475 -4.73671
87.5 -2.53231
87.525 -11.2049
87.55 -9.24639
87.575 -33.2159
87.6 -9.24124
87.625 -11.104
87.65 -2.42826
87.675 -4.58526
87.7 -0.638599
87.725 0.442959
87.75 -2.10537
87.775 3.98643
87.8 -2.06842
87.825 0.520145
87.85 -0.524359
87.875 -4.43076
87.9 -2.23608
87.925 -10.8744
87.95 -8.95989
87.975 -39.9097
88 -8.92976
88.025 -10.8082
88.05 -2.11963
88.075 -4.27639
88.1 -0.328398
88.125 0.752979
88.15 -1.79517
88.175 4.2982
88.2 -1.75631
88.225 0.833666
88.25 -0.209644
88.275 -4.11559
88.3 -1.91969
88.325 -10.5662
88.35 -8.64528
88.375 -38.55
88.4 -8.60543
88.425 -10.4861
88.45 -1.79738
88.475 -3.95461
88.5 -0.00512695
88.525 1.07736
88.55 -1.46866
88.575 4.62487
88.6 -1.42685
88.625 1.16162
88.65 0.120121
88.675 -3.78403
88.7 -1.58821
88.725 -10.232
88.75 -8.31149
88.775 -38.0728
88.8 -8.27468
88.825 -10.1604
88.85 -1.46024
88.875 -3.61422
88.9 0.334953
88.925 1.41806
88.95 -1.12804
88.975 4.96758
89 -1.08263
89.025 1.50684
89.05 0.465889
89.075 -3.43699
89.1 -1.24065
89.125 -9.88371
89.15 -7.95885
89.175 -39.0043
89.2 -7.92041
89.225 -9.80646
89.25 -1.10485
89.275 -3.25977
89.3 0.691767
89.325 1.77605
89.35 -0.767973
89.375 5.3282
89.4 -0.721817
89.425 1.86961
89.45 0.829659
89.475 -3.07117
89.5 -0.874516
89.525 -9.51439
89.55 -7.59237
89.575 -37.149
89.6 -7.55122
89.625 -9.43446
89.65 -0.73164
89.675 -2.88416
89.7 1.06779
89.725 2.1535
89.75 -0.388498
89.775 5.70841
89.8 -0.338017
89.825 2.25324
89.85 1.21371
89.875 -2.67989
89.9 -0.490381
89.925 -9.11814
89.95 -7.19233
89.975 -32.4241
90 -7.16842
90.025 -9.12869
90.05 -0.350594
90.075 -2.45499
90.1 1.47389
90.125 2.55326
90.15 0.00969315
90.175 6.11002
90.2 0.0625591
90.225 2.65472
90.25 1.62342
90.275 -2.28584
90.3 -0.0743065
90.325 -8.72721
90.35 -6.79897
90.375 -35.6304
90.4 -6.73837
90.425 -8.60995
90.45 0.082962
90.475 -2.06518
90.5 1.88917
90.525 2.9771
90.55 0.436378
90.575 6.53737
90.6 0.492487
90.625 3.08643
90.65 2.05396
90.675 -1.84894
90.7 0.362331
90.725 -8.27858
90.75 -6.35921
90.775 -32.2944
90.8 -6.30127
90.825 -8.18287
90.85 0.530054
90.875 -1.61754
90.9 2.33847
90.925 3.42856
90.95 0.890598
90.975 6.99279
91 0.948267
91.025 3.54454
91.05 2.51657
91.075 -1.38544
91.1 0.824316
91.125 -7.81306
91.15 -5.88094
91.175 -40.2654
91.2 -5.82077
91.225 -7.68698
91.25 1.00653
91.275 -1.14029
91.3 2.81947
91.325 3.91166
91.35 1.3751
91.375 7.48031
91.4 1.43978
91.425 4.03841
91.45 3.009
91.475 -0.88633
91.5 1.32264
91.525 -7.31566
91.55 -5.37854
91.575 -41.4896
91.6 -5.31417
91.625 -7.18377
91.65 1.51831
91.675 -0.623426
91.7 3.33742
91.725 4.43239
91.75 1.89903
91.775 8.00585
91.8 1.96688
91.825 4.56876
91.85 3.5431
91.875 -0.350769
91.9 1.86146
91.925 -6.77648
91.95 -4.83558
91.975 -35.4824
92 -4.76669
92.025 -6.63435
92.05 2.07452
92.075 -0.065176
92.1 3.89882
92.125 4.99657
92.15 2.46666
92.175 8.57611
92.2 2.54033
92.225 5.14507
92.25 4.12201
92.275 0.231762
92.3 2.44729
92.325 -6.18555
92.35 -4.24268
92.375 -36.7706
92.4 -4.16711
92.425 -6.02836
92.45 2.68065
92.475 0.543457
92.5 4.51208
92.525 5.61363
92.55 3.08703
92.575 9.20018
92.6 3.16762
92.625 5.77713
92.65 4.75702
92.675 0.871185
92.7 3.09176
92.725 -5.53949
92.75 -3.59727
92.775 -39.424
92.8 -3.50597
92.825 -5.36742
92.85 3.34885
92.875 1.21633
92.9 5.1888
92.925 6.29445
92.95 3.77224
92.975 9.89072
93 3.86382
93.025 6.47669
93.05 5.46199
93.075 1.5806
93.1 3.80505
93.125 -4.82107
93.15 -2.86875
93.175 -36.5682
93.2 -2.77192
93.225 -4.62427
93.25 4.09439
93.275 1.96779
93.3 5.94582
93.325 7.05754
93.35 4.54071
93.375 10.6652
93.4 4.64354
93.425 7.26311
93.45 6.25512
93.475 2.38067
93.5 4.61019
93.525 -4.00301
93.55 -2.04698
93.575 -36.7006
93.6 -1.93901
93.625 -3.78604
93.65 4.94168
93.675 2.82214
93.7 6.80769
93.725 7.92672
93.75 5.41826
93.775 11.5505
93.8 5.53739
93.825 8.16492
93.85 7.16496
93.875 3.29874
93.9 5.53794
93.925 -3.06972
93.95 -1.10256
93.975 -35.4748
94 -0.974754
94.025 -2.81148
94.05 5.92619
94.075 3.81657
94.1 7.8128
94.125 8.94278
94.15 6.44543
94.175 12.5888
94.2 6.58747
94.225 9.22672
94.25 8.23881
94.275 4.38527
94.3 6.63708
94.325 -1.95652
94.35 0.0233917
94.375 -35.6826
94.4 0.179461
94.425 -1.64238
94.45 7.10981
94.475 5.01596
94.5 9.02798
94.525 10.1743
94.55 7.69391
94.575 13.8548
94.6 7.87144
94.625 10.5293
94.65 9.56059
94.675 5.72683
94.7 7.99922
94.725 -0.573818
94.75 1.42811
94.775 -35.2907
94.8 1.63101
94.825 -0.166178
94.85 8.61121
94.875 6.54356
94.9 10.5831
94.925 11.7579
94.95 9.30715
94.975 15.499
95 9.54813
95.025 12.2394
95.05 11.306
95.075 7.50906
95.1 9.81992
95.125 1.28735
95.15 3.33091
95.175 -32.8973
95.2 3.62789
95.225 1.88266
95.25 10.7077
95.275 8.69652
95.3 12.7943
95.325 14.0315
95.35 11.6471
95.375 17.9094
95.4 12.0338
95.425 14.8062
95.45 13.9593
95.475 10.2559
95.5 12.668
95.525 4.24433
95.55 6.40866
95.575 -34.3211
95.6 6.97597
95.625 5.38619
95.65 14.3916
95.675 12.5752
95.7 16.8938
95.725 18.3817
95.75 16.2852
95.775 22.8824
95.8 17.4026
95.825 20.652
95.85 20.3956
95.875 17.45
95.9 20.8894
95.925 13.9928
95.95 18.9194
95.975 31.5761
96 18.9448
96.025 14.045
96.05 20.9689
96.075 17.5562
96.1 20.5285
96.125 20.8114
96.15 17.5886
96.175 23.095
96.2 16.5245
96.225 18.6475
96.25 17.1862
96.275 12.8943
96.3 14.7374
96.325 5.75837
96.35 7.37601
96.375 -31.8781
96.4 6.85967
96.425 4.72266
96.45 13.1733
96.475 10.7879
96.5 14.5182
96.525 15.3916
96.55 12.646
96.575 18.5483
96.6 12.3128
96.625 14.7239
96.65 13.5133
96.675 9.44217
96.7 11.4813
96.725 2.6778
96.75 4.45339
96.775 -35.4407
96.8 4.21076
96.825 2.19325
96.85 10.7536
96.875 8.46933
96.9 12.2934
96.925 13.254
96.95 10.5894
96.975 16.5675
97 10.4029
97.025 12.8805
97.05 11.7325
97.075 7.72046
97.1 9.81516
97.125 1.0645
97.15 2.88999
97.175 -38.8551
97.2 2.73972
97.225 0.765125
97.25 9.3661
97.275 7.12087
97.3 10.9822
97.325 11.9783
97.35 9.34784
97.375 15.3585
97.4 9.22523
97.425 11.733
97.45 10.614
97.475 6.62966
97.5 8.75125
97.525 0.0261784
97.55 1.87676
97.575 -36.7594
97.6 1.7734
97.625 -0.17918
97.65 8.44454
97.675 6.22025
97.7 10.102
97.725 11.1179
97.75 8.50665
97.775 14.5359
97.8 8.42048
97.825 10.9459
97.85 9.84389
97.875 5.8763
97.9 8.01395
97.925 -0.695295
97.95 1.17042
97.975 -37.774
98 1.09681
98.025 -0.841137
98.05 7.79574
98.075 5.58516
98.1 9.47994
98.125 10.5088
98.15 7.9101
98.175 13.9517
98.2 7.84855
98.225 10.3857
98.25 9.29528
98.275 5.33886
98.3 7.48759
98.325 -1.21095
98.35 0.665876
98.375 -42.0171
98.4 0.612511
98.425 -1.31618
98.45 7.33199
98.475 5.13048
98.5 9.03521
98.525 10.0735
98.55 7.48446
98.575 13.5348
98.6 7.44069
98.625 9.98621
98.65 8.90459
98.675 4.95679
98.7 7.11411
98.725 -1.57742
98.75 0.309723
98.775 -31.6708
98.8 0.273342
98.825 -1.64419
98.85 7.00563
98.875 4.8126
98.9 8.72463
98.925 9.77017
98.95 7.18819
98.975 13.2461
99 7.15902
99.025 9.71203
99.05 8.63722
99.075 4.69639
99.1 6.86024
99.125 -1.82216
99.15 0.0677071
99.175 -39.6172
99.2 0.044796
99.225 -1.86898
99.25 6.79203
99.275 4.60543
99.3 8.52352
99.325 9.57542
99.35 6.99971
99.375 13.0637
99.4 6.98264
99.425 9.54181
99.45 8.47332
99.475 4.53821
99.5 6.70818
99.525 -1.96993
99.55 -0.0731201
99.575 -35.6975
99.6 -0.0835114
99.625 -1.99121
99.65 6.67525
99.675 4.49434
99.7 8.41815
99.725 9.47571
99.75 6.90571
99.775 12.9753
99.8 6.90001
99.825 9.4647
99.85 8.40145
99.875 4.47177
99.9 6.64781
99.925 -2.02237
99.95 -0.121202
99.975 -37.114
