0 0
0.0002 0.0753804
0.0004 0.150654
0.0006 0.225713
0.0008 0.300451
0.001 0.374763
0.0012 0.448542
0.0014 0.521683
0.0016 0.594083
0.0018 0.665639
0.002 0.736249
0.0022 0.805813
0.0024 0.874232
0.0026 0.941408
0.0028 1.00725
0.003 1.07165
0.0032 1.13454
0.0034 1.19581
0.0036 1.25538
0.0038 1.31317
0.004 1.36909
0.0042 1.42307
0.0044 1.47503
0.0046 1.52489
0.0048 1.57258
0.005 1.61803
0.0052 1.66119
0.0054 1.70199
0.0056 1.74037
0.0058 1.77627
0.006 1.80965
0.0062 1.84046
0.0064 1.86866
0.0066 1.8942
0.0068 1.91704
0.007 1.93717
0.0072 1.95454
0.0074 1.96913
0.0076 1.98092
0.0078 1.9899
0.008 1.99605
0.0082 1.99937
0.0084 1.99984
0.0086 1.99747
0.0088 1.99227
0.009 1.98423
0.0092 1.97337
0.0094 1.95971
0.0096 1.94326
0.0098 1.92406
0.01 1.90211
0.0102 1.87747
0.0104 1.85015
0.0106 1.82021
0.0108 1.78768
0.011 1.75261
0.0112 1.71505
0.0114 1.67506
0.0116 1.63268
0.0118 1.58798
0.012 1.54103
0.0122 1.49188
0.0124 1.44062
0.0126 1.38731
0.0128 1.33202
0.013 1.27485
0.0132 1.21586
0.0134 1.15515
0.0136 1.09279
0.0138 1.02888
0.014 0.963508
0.0142 0.896766
0.0144 0.828751
0.0146 0.759558
0.0148 0.689286
0.015 0.618034
0.0152 0.545904
0.0154 0.472998
0.0156 0.39942
0.0158 0.325275
0.016 0.250667
0.0162 0.175702
0.0164 0.100489
0.0166 0.0251323
0.0168 -0.0502601
0.017 -0.125581
0.0172 -0.200723
0.0174 -0.27558
0.0176 -0.350046
0.0178 -0.424014
0.018 -0.49738
0.0182 -0.570038
0.0184 -0.641887
0.0186 -0.712824
0.0188 -0.782747
0.019 -0.851558
0.0192 -0.91916
0.0194 -0.985454
0.0196 -1.05035
0.0198 -1.11375
0.02 -1.17557
0.0202 -1.23572
0.0204 -1.29411
0.0206 -1.35067
0.0208 -1.4053
0.021 -1.45794
0.0212 -1.5085
0.0214 -1.55692
0.0216 -1.60313
0.0218 -1.64707
0.022 -1.68866
0.0222 -1.72785
0.0224 -1.76458
0.0226 -1.79881
0.0228 -1.83048
0.023 -1.85955
0.0232 -1.88598
0.0234 -1.90973
0.0236 -1.93076
0.0238 -1.94905
0.024 -1.96457
0.0242 -1.9773
0.0244 -1.98722
0.0246 -1.99432
0.0248 -1.99858
0.025 -2
0.0252 -1.99858
0.0254 -1.99432
0.0256 -1.98722
0.0258 -1.9773
0.026 -1.96457
0.0262 -1.94905
0.0264 -1.93076
0.0266 -1.90973
0.0268 -1.88598
0.027 -1.85955
0.0272 -1.83048
0.0274 -1.79881
0.0276 -1.76458
0.0278 -1.72785
0.028 -1.68866
0.0282 -1.64707
0.0284 -1.60313
0.0286 -1.55692
0.0288 -1.5085
0.029 -1.45794
0.0292 -1.4053
0.0294 -1.35067
0.0296 -1.29411
0.0298 -1.23572
0.03 -1.17557
0.0302 -1.11375
0.0304 -1.05035
0.0306 -0.985455
0.0308 -0.91916
0.031 -0.851559
0.0312 -0.782747
0.0314 -0.712824
0.0316 -0.641888
0.0318 -0.570039
0.032 -0.497381
0.0322 -0.424015
0.0324 -0.350046
0.0326 -0.27558
0.0328 -0.200723
0.033 -0.125581
0.0332 -0.0502606
0.0334 0.0251314
0.0336 0.100489
0.0338 0.175702
0.034 0.250666
0.0342 0.325273
0.0344 0.399419
0.0346 0.472998
0.0348 0.545904
0.035 0.618034
0.0352 0.689286
0.0354 0.759558
0.0356 0.828751
0.0358 0.896766
0.036 0.963507
0.0362 1.02888
0.0364 1.09279
0.0366 1.15514
0.0368 1.21586
0.037 1.27485
0.0372 1.33202
0.0374 1.38731
0.0376 1.44062
0.0378 1.49188
0.038 1.54103
0.0382 1.58798
0.0384 1.63268
0.0386 1.67506
0.0388 1.71505
0.039 1.75261
0.0392 1.78768
0.0394 1.82021
0.0396 1.85015
0.0398 1.87747
0.04 1.90211
0.0402 1.92406
0.0404 1.94326
0.0406 1.95971
0.0408 1.97337
0.041 1.98423
0.0412 1.99227
0.0414 1.99747
0.0416 1.99984
0.0418 1.99937
0.042 1.99605
0.0422 1.9899
0.0424 1.98092
0.0426 1.96913
0.0428 1.95454
0.043 1.93717
0.0432 1.91704
0.0434 1.8942
0.0436 1.86866
0.0438 1.84046
0.044 1.80965
0.0442 1.77627
0.0444 1.74037
0.0446 1.70199
0.0448 1.66119
0.045 1.61803
0.0452 1.57258
0.0454 1.52489
0.0456 1.47503
0.0458 1.42307
0.046 1.36909
0.0462 1.31317
0.0464 1.25538
0.0466 1.19581
0.0468 1.13454
0.047 1.07165
0.0472 1.00725
0.0474 0.941409
0.0476 0.874232
0.0478 0.805814
0.048 0.736248
0.0482 0.665639
0.0484 0.594083
0.0486 0.521684
0.0488 0.448542
0.049 0.374762
0.0492 0.300452
0.0494 0.225713
0.0496 0.150655
0.0498 0.0753814
0.05 4.2132e-07
0.0502 -0.0753805
0.0504 -0.150654
0.0506 -0.225712
0.0508 -0.300451
0.051 -0.374762
0.0512 -0.448541
0.0514 -0.521683
0.0516 -0.594082
0.0518 -0.665639
0.052 -0.736248
0.0522 -0.805812
0.0524 -0.874231
0.0526 -0.941408
0.0528 -1.00725
0.053 -1.07165
0.0532 -1.13454
0.0534 -1.19581
0.0536 -1.25538
0.0538 -1.31317
0.054 -1.36909
0.0542 -1.42307
0.0544 -1.47502
0.0546 -1.52489
0.0548 -1.57258
0.055 -1.61803
0.0552 -1.66119
0.0554 -1.70199
0.0556 -1.74037
0.0558 -1.77627
0.056 -1.80965
0.0562 -1.84046
0.0564 -1.86866
0.0566 -1.8942
0.0568 -1.91704
0.057 -1.93717
0.0572 -1.95454
0.0574 -1.96913
0.0576 -1.98092
0.0578 -1.9899
0.058 -1.99605
0.0582 -1.99937
0.0584 -1.99984
0.0586 -1.99747
0.0588 -1.99227
0.059 -1.98423
0.0592 -1.97337
0.0594 -1.95971
0.0596 -1.94326
0.0598 -1.92406
0.06 -1.90211
0.0602 -1.87747
0.0604 -1.85015
0.0606 -1.82021
0.0608 -1.78768
0.061 -1.75261
0.0612 -1.71505
0.0614 -1.67506
0.0616 -1.63268
0.0618 -1.58798
0.062 -1.54103
0.0622 -1.49188
0.0624 -1.44062
0.0626 -1.38731
0.0628 -1.33202
0.063 -1.27485
0.0632 -1.21586
0.0634 -1.15515
0.0636 -1.09279
0.0638 -1.02888
0.064 -0.963509
0.0642 -0.896766
0.0644 -0.828752
0.0646 -0.759559
0.0648 -0.689286
0.065 -0.618035
0.0652 -0.545903
0.0654 -0.473
0.0656 -0.399419
0.0658 -0.325275
0.066 -0.250667
0.0662 -0.175704
0.0664 -0.100489
0.0666 -0.025134
0.0668 0.0502588
0.067 0.125582
0.0672 0.200723
0.0674 0.275581
0.0676 0.350045
0.0678 0.424014
0.068 0.497378
0.0682 0.570038
0.0684 0.641885
0.0686 0.712824
0.0688 0.782745
0.069 0.851558
0.0692 0.91916
0.0694 0.985454
0.0696 1.05035
0.0698 1.11375
0.07 1.17557
0.0702 1.23572
0.0704 1.29411
0.0706 1.35066
0.0708 1.4053
0.071 1.45794
0.0712 1.5085
0.0714 1.55693
0.0716 1.60313
0.0718 1.64707
0.072 1.68866
0.0722 1.72785
0.0724 1.76458
0.0726 1.79881
0.0728 1.83048
0.073 1.85955
0.0732 1.88598
0.0734 1.90973
0.0736 1.93076
0.0738 1.94905
0.074 1.96457
0.0742 1.9773
0.0744 1.98722
0.0746 1.99432
0.0748 1.99858
0.075 2
0.0752 1.99858
0.0754 1.99432
0.0756 1.98722
0.0758 1.9773
0.076 1.96457
0.0762 1.94905
0.0764 1.93076
0.0766 1.90973
0.0768 1.88598
0.077 1.85955
0.0772 1.83048
0.0774 1.79881
0.0776 1.76458
0.0778 1.72785
0.078 1.68866
0.0782 1.64707
0.0784 1.60313
0.0786 1.55693
0.0788 1.5085
0.079 1.45794
0.0792 1.4053
0.0794 1.35067
0.0796 1.29411
0.0798 1.23572
0.08 1.17557
0.0802 1.11375
0.0804 1.05035
0.0806 0.985455
0.0808 0.91916
0.081 0.851558
0.0812 0.782749
0.0814 0.712825
0.0816 0.641888
0.0818 0.570039
0.082 0.497383
0.0822 0.424014
0.0824 0.350045
0.0826 0.275582
0.0828 0.200724
0.083 0.125582
0.0832 0.0502601
0.0834 -0.0251292
0.0836 -0.10049
0.0838 -0.175701
0.084 -0.250665
0.0842 -0.325274
0.0844 -0.39942
0.0846 -0.472999
0.0848 -0.545902
0.085 -0.618036
0.0852 -0.689285
0.0854 -0.759558
0.0856 -0.828751
0.0858 -0.896767
0.086 -0.963505
0.0862 -1.02888
0.0864 -1.09279
0.0866 -1.15514
0.0868 -1.21586
0.087 -1.27485
0.0872 -1.33202
0.0874 -1.38731
0.0876 -1.44062
0.0878 -1.49188
0.088 -1.54103
0.0882 -1.58798
0.0884 -1.63268
0.0886 -1.67506
0.0888 -1.71505
0.089 -1.75261
0.0892 -1.78768
0.0894 -1.82021
0.0896 -1.85015
0.0898 -1.87747
0.09 -1.90211
0.0902 -1.92406
0.0904 -1.94326
0.0906 -1.95971
0.0908 -1.97337
0.091 -1.98423
0.0912 -1.99227
0.0914 -1.99747
0.0916 -1.99984
0.0918 -1.99937
0.092 -1.99605
0.0922 -1.9899
0.0924 -1.98092
0.0926 -1.96913
0.0928 -1.95454
0.093 -1.93717
0.0932 -1.91704
0.0934 -1.8942
0.0936 -1.86866
0.0938 -1.84046
0.094 -1.80965
0.0942 -1.77627
0.0944 -1.74037
0.0946 -1.70199
0.0948 -1.66119
0.095 -1.61803
0.0952 -1.57258
0.0954 -1.52489
0.0956 -1.47503
0.0958 -1.42307
0.096 -1.36909
0.0962 -1.31317
0.0964 -1.25538
0.0966 -1.19581
0.0968 -1.13454
0.097 -1.07166
0.0972 -1.00725
0.0974 -0.941409
0.0976 -0.874232
0.0978 -0.805816
0.098 -0.736249
0.0982 -0.665638
0.0984 -0.594085
0.0986 -0.521684
0.0988 -0.448542
0.099 -0.374763
0.0992 -0.300454
0.0994 -0.225712
0.0996 -0.150656
0.0998 -0.0753818
0.1 -1.96616e-06
0.1002 0.175702
0.1004 0.350047
0.1006 0.521677
0.1008 0.689289
0.101 0.851555
0.1012 1.00724
0.1014 1.15514
0.1016 1.29411
0.1018 1.42307
0.102 1.54102
0.1022 1.64706
0.1024 1.74037
0.1026 1.82021
0.1028 1.88598
0.103 1.93717
0.1032 1.97337
0.1034 1.99432
0.1036 1.99984
0.1038 1.9899
0.104 1.96458
0.1042 1.92405
0.1044 1.86866
0.1046 1.79881
0.1048 1.71505
0.105 1.61803
0.1052 1.5085
0.1054 1.38731
0.1056 1.25538
0.1058 1.11375
0.106 0.96351
0.1062 0.805814
0.1064 0.641887
0.1066 0.473005
0.1068 0.300457
0.107 0.125577
0.1072 -0.0502573
0.1074 -0.225711
0.1076 -0.39942
0.1078 -0.57004
0.108 -0.736244
0.1082 -0.896762
0.1084 -1.05035
0.1086 -1.19581
0.1088 -1.33202
0.109 -1.45794
0.1092 -1.57258
0.1094 -1.67505
0.1096 -1.76458
0.1098 -1.84046
0.11 -1.90211
0.1102 -1.94905
0.1104 -1.98092
0.1106 -1.99747
0.1108 -1.99858
0.111 -1.98423
0.1112 -1.95454
0.1114 -1.90973
0.1116 -1.85016
0.1118 -1.77627
0.112 -1.68866
0.1122 -1.58798
0.1124 -1.47503
0.1126 -1.35067
0.1128 -1.21587
0.113 -1.07166
0.1132 -0.919163
0.1134 -0.75956
0.1136 -0.594084
0.1138 -0.424014
0.114 -0.250665
0.1142 -0.0753855
0.1144 0.100485
0.1146 0.275578
0.1148 0.44854
0.115 0.618026
0.1152 0.782749
0.1154 0.941403
0.1156 1.09279
0.1158 1.23572
0.116 1.36909
0.1162 1.49188
0.1164 1.60313
0.1166 1.70199
0.1168 1.78768
0.117 1.85955
0.1172 1.91704
0.1174 1.95971
0.1176 1.98722
0.1178 1.99937
0.118 1.99605
0.1182 1.9773
0.1184 1.94326
0.1186 1.8942
0.1188 1.83048
0.119 1.75262
0.1192 1.66119
0.1194 1.55693
0.1196 1.44062
0.1198 1.31318
0.12 1.17557
0.1202 1.02888
0.1204 0.874236
0.1206 0.712827
0.1208 0.545906
0.121 0.374763
0.1212 0.200731
0.1214 0.02513
0.1216 -0.150649
0.1218 -0.325271
0.122 -0.497378
0.1222 -0.665638
0.1224 -0.828744
0.1226 -0.985449
0.1228 -1.13454
0.123 -1.27485
0.1232 -1.4053
0.1234 -1.52488
0.1236 -1.63268
0.1238 -1.72784
0.124 -1.80965
0.1242 -1.87747
0.1244 -1.93076
0.1246 -1.96913
0.1248 -1.99227
0.125 -2
0.1252 -1.99227
0.1254 -1.96913
0.1256 -1.93076
0.1258 -1.87747
0.126 -1.80965
0.1262 -1.72785
0.1264 -1.63268
0.1266 -1.52489
0.1268 -1.4053
0.127 -1.27484
0.1272 -1.13454
0.1274 -0.985461
0.1276 -0.828749
0.1278 -0.665635
0.128 -0.49739
0.1282 -0.325276
0.1284 -0.150654
0.1286 0.0251333
0.1288 0.200718
0.129 0.374758
0.1292 0.545901
0.1294 0.712822
0.1296 0.874231
0.1298 1.02887
0.13 1.17557
0.1302 1.31317
0.1304 1.44062
0.1306 1.55692
0.1308 1.66119
0.131 1.75261
0.1312 1.83048
0.1314 1.8942
0.1316 1.94326
0.1318 1.9773
0.132 1.99605
0.1322 1.99937
0.1324 1.98722
0.1326 1.95971
0.1328 1.91704
0.133 1.85955
0.1332 1.78769
0.1334 1.70199
0.1336 1.60314
0.1338 1.49188
0.134 1.36909
0.1342 1.23573
0.1344 1.09279
0.1346 0.941408
0.1348 0.782746
0.135 0.618039
0.1352 0.448545
0.1354 0.275583
0.1356 0.10049
0.1358 -0.0753806
0.136 -0.25066
0.1362 -0.424009
0.1364 -0.594079
0.1366 -0.759563
0.1368 -0.919151
0.137 -1.07165
0.1372 -1.21586
0.1374 -1.35067
0.1376 -1.47502
0.1378 -1.58798
0.138 -1.68866
0.1382 -1.77627
0.1384 -1.85015
0.1386 -1.90973
0.1388 -1.95454
0.139 -1.98423
0.1392 -1.99858
0.1394 -1.99747
0.1396 -1.98092
0.1398 -1.94906
0.14 -1.90211
0.1402 -1.84047
0.1404 -1.76459
0.1406 -1.67506
0.1408 -1.57258
0.141 -1.45794
0.1412 -1.33203
0.1414 -1.19581
0.1416 -1.05035
0.1418 -0.896767
0.142 -0.736256
0.1422 -0.570044
0.1424 -0.399425
0.1426 -0.225716
0.1428 -0.050254
0.143 0.125572
0.1432 0.300444
0.1434 0.473
0.1436 0.64189
0.1438 0.805802
0.144 0.963505
0.1442 1.11375
0.1444 1.25538
0.1446 1.3873
0.1448 1.5085
0.145 1.61803
0.1452 1.71505
0.1454 1.79881
0.1456 1.86866
0.1458 1.92405
0.146 1.96457
0.1462 1.9899
0.1464 1.99984
0.1466 1.99432
0.1468 1.97337
0.147 1.93717
0.1472 1.88598
0.1474 1.82021
0.1476 1.74037
0.1478 1.64707
0.148 1.54103
0.1482 1.42308
0.1484 1.29412
0.1486 1.15515
0.1488 1.00725
0.149 0.851567
0.1492 0.689294
0.1494 0.52169
0.1496 0.350044
0.1498 0.175699
0.15 1.11416e-05
0.1502 -0.175701
0.1504 -0.350046
0.1506 -0.521684
0.1508 -0.68928
0.151 -0.851555
0.1512 -1.00724
0.1514 -1.15514
0.1516 -1.29411
0.1518 -1.42307
0.152 -1.54102
0.1522 -1.64706
0.1524 -1.74037
0.1526 -1.82021
0.1528 -1.88598
0.153 -1.93717
0.1532 -1.97337
0.1534 -1.99432
0.1536 -1.99984
0.1538 -1.9899
0.154 -1.96457
0.1542 -1.92406
0.1544 -1.86866
0.1546 -1.79881
0.1548 -1.71506
0.155 -1.61804
0.1552 -1.50851
0.1554 -1.38731
0.1556 -1.25539
0.1558 -1.11375
0.156 -0.963503
0.1562 -0.805823
0.1564 -0.641888
0.1566 -0.473006
0.1568 -0.30045
0.157 -0.125586
0.1572 0.0502481
0.1574 0.22571
0.1576 0.399427
0.1578 0.570023
0.158 0.736243
0.1582 0.896769
0.1584 1.05035
0.1586 1.19581
0.1588 1.33202
0.159 1.45793
0.1592 1.57258
0.1594 1.67505
0.1596 1.76458
0.1598 1.84046
0.16 1.90211
0.1602 1.94905
0.1604 1.98092
0.1606 1.99747
0.1608 1.99858
0.161 1.98423
0.1612 1.95454
0.1614 1.90973
0.1616 1.85015
0.1618 1.77628
0.162 1.68865
0.1622 1.58798
0.1624 1.47503
0.1626 1.35067
0.1628 1.21587
0.163 1.07165
0.1632 0.919164
0.1634 0.759569
0.1636 0.594085
0.1638 0.424007
0.164 0.250682
0.1642 0.0753865
0.1644 -0.100492
0.1646 -0.275577
0.1648 -0.448547
0.165 -0.618033
0.1652 -0.78274
0.1654 -0.94141
0.1656 -1.09278
0.1658 -1.23571
0.166 -1.36909
0.1662 -1.49188
0.1664 -1.60313
0.1666 -1.70199
0.1668 -1.78768
0.167 -1.85955
0.1672 -1.91705
0.1674 -1.95971
0.1676 -1.98722
0.1678 -1.99937
0.168 -1.99605
0.1682 -1.9773
0.1684 -1.94326
0.1686 -1.8942
0.1688 -1.83048
0.169 -1.75262
0.1692 -1.66119
0.1694 -1.55693
0.1696 -1.44063
0.1698 -1.31317
0.17 -1.17556
0.1702 -1.02889
0.1704 -0.874237
0.1706 -0.71282
0.1708 -0.545907
0.171 -0.374772
0.1712 -0.200724
0.1714 -0.0251392
0.1716 0.150656
0.1718 0.32527
0.172 0.497369
0.1722 0.665637
0.1724 0.828743
0.1726 0.985456
0.1728 1.13453
0.173 1.27484
0.1732 1.4053
0.1734 1.52489
0.1736 1.63267
0.1738 1.72784
0.174 1.80966
0.1742 1.87747
0.1744 1.93076
0.1746 1.96913
0.1748 1.99227
0.175 2
0.1752 1.99227
0.1754 1.96913
0.1756 1.93076
0.1758 1.87747
0.176 1.80965
0.1762 1.72784
0.1764 1.63269
0.1766 1.52489
0.1768 1.4053
0.177 1.27485
0.1772 1.13455
0.1774 0.985454
0.1776 0.828757
0.1778 0.665636
0.178 0.497383
0.1782 0.325285
0.1784 0.150655
0.1786 -0.0251241
0.1788 -0.200725
0.179 -0.374757
0.1792 -0.545892
0.1794 -0.712821
0.1796 -0.874238
0.1798 -1.02887
0.18 -1.17557
0.1802 -1.31317
0.1804 -1.44062
0.1806 -1.55693
0.1808 -1.66119
0.181 -1.75261
0.1812 -1.83048
0.1814 -1.89419
0.1816 -1.94326
0.1818 -1.9773
0.182 -1.99605
0.1822 -1.99937
0.1824 -1.98722
0.1826 -1.95971
0.1828 -1.91704
0.183 -1.85955
0.1832 -1.78768
0.1834 -1.70199
0.1836 -1.60313
0.1838 -1.49189
0.184 -1.36909
0.1842 -1.23572
0.1844 -1.0928
0.1846 -0.941408
0.1848 -0.782754
0.185 -0.618032
0.1852 -0.448546
0.1854 -0.275592
0.1856 -0.100491
0.1858 0.0753878
0.186 0.250651
0.1862 0.424008
0.1864 0.594086
0.1866 0.759555
0.1868 0.91915
0.187 1.07165
0.1872 1.21585
0.1874 1.35067
0.1876 1.47502
0.1878 1.58797
0.188 1.68865
0.1882 1.77627
0.1884 1.85015
0.1886 1.90973
0.1888 1.95453
0.189 1.98423
0.1892 1.99858
0.1894 1.99747
0.1896 1.98092
0.1898 1.94905
0.19 1.90211
0.1902 1.84046
0.1904 1.76458
0.1906 1.67506
0.1908 1.57258
0.191 1.45794
0.1912 1.33203
0.1914 1.19581
0.1916 1.05036
0.1918 0.896768
0.192 0.736242
0.1922 0.570053
0.1924 0.399426
0.1926 0.225709
0.1928 0.0502632
0.193 -0.125571
0.1932 -0.300451
0.1934 -0.472991
0.1936 -0.641889
0.1938 -0.805809
0.194 -0.963497
0.1942 -1.11375
0.1944 -1.25538
0.1946 -1.38731
0.1948 -1.5085
0.195 -1.61803
0.1952 -1.71505
0.1954 -1.79881
0.1956 -1.86865
0.1958 -1.92405
0.196 -1.96457
0.1962 -1.9899
0.1964 -1.99984
0.1966 -1.99432
0.1968 -1.97337
0.197 -1.93717
0.1972 -1.88598
0.1974 -1.82022
0.1976 -1.74037
0.1978 -1.64707
0.198 -1.54103
0.1982 -1.42307
0.1984 -1.29412
0.1986 -1.15515
0.1988 -1.00724
0.199 -0.851561
0.1992 -0.689295
0.1994 -0.521683
0.1996 -0.350053
0.1998 -0.175699
0.2 -1.68528e-06
0.2002 0.0753757
0.2004 0.150653
0.2006 0.225709
0.2008 0.300452
0.201 0.37476
0.2012 0.448536
0.2014 0.521682
0.2016 0.594086
0.2018 0.665632
0.202 0.736246
0.2022 0.805814
0.2024 0.87423
0.2026 0.94141
0.2028 1.00725
0.203 1.07165
0.2032 1.13454
0.2034 1.19581
0.2036 1.25538
0.2038 1.31317
0.204 1.36909
0.2042 1.42307
0.2044 1.47502
0.2046 1.52488
0.2048 1.57258
0.205 1.61804
0.2052 1.66119
0.2054 1.70199
0.2056 1.74037
0.2058 1.77627
0.206 1.80965
0.2062 1.84046
0.2064 1.86866
0.2066 1.8942
0.2068 1.91704
0.207 1.93716
0.2072 1.95454
0.2074 1.96913
0.2076 1.98092
0.2078 1.9899
0.208 1.99605
0.2082 1.99937
0.2084 1.99984
0.2086 1.99747
0.2088 1.99227
0.209 1.98423
0.2092 1.97337
0.2094 1.95971
0.2096 1.94326
0.2098 1.92406
0.21 1.90211
0.2102 1.87747
0.2104 1.85015
0.2106 1.82021
0.2108 1.78769
0.211 1.75261
0.2112 1.71505
0.2114 1.67506
0.2116 1.63268
0.2118 1.58798
0.212 1.54103
0.2122 1.49188
0.2124 1.44062
0.2126 1.38731
0.2128 1.33202
0.213 1.27485
0.2132 1.21587
0.2134 1.15515
0.2136 1.09279
0.2138 1.02888
0.214 0.963504
0.2142 0.896772
0.2144 0.828753
0.2146 0.759557
0.2148 0.689287
0.215 0.618038
0.2152 0.545904
0.2154 0.473001
0.2156 0.399419
0.2158 0.325276
0.216 0.250671
0.2162 0.175703
0.2164 0.100492
0.2166 0.0251318
0.2168 -0.0502576
0.217 -0.125575
0.2172 -0.200722
0.2174 -0.275583
0.2176 -0.350039
0.2178 -0.424011
0.218 -0.497381
0.2182 -0.570037
0.2184 -0.641889
0.2186 -0.712823
0.2188 -0.782744
0.219 -0.851559
0.2192 -0.919157
0.2194 -0.98545
0.2196 -1.05035
0.2198 -1.11375
0.22 -1.17557
0.2202 -1.23572
0.2204 -1.29411
0.2206 -1.35066
0.2208 -1.4053
0.221 -1.45794
0.2212 -1.5085
0.2214 -1.55692
0.2216 -1.60313
0.2218 -1.64707
0.222 -1.68865
0.2222 -1.72784
0.2224 -1.76458
0.2226 -1.79881
0.2228 -1.83048
0.223 -1.85955
0.2232 -1.88598
0.2234 -1.90973
0.2236 -1.93076
0.2238 -1.94905
0.224 -1.96457
0.2242 -1.9773
0.2244 -1.98722
0.2246 -1.99432
0.2248 -1.99858
0.225 -2
0.2252 -1.99858
0.2254 -1.99432
0.2256 -1.98722
0.2258 -1.9773
0.226 -1.96458
0.2262 -1.94905
0.2264 -1.93076
0.2266 -1.90973
0.2268 -1.88598
0.227 -1.85955
0.2272 -1.83048
0.2274 -1.79881
0.2276 -1.76458
0.2278 -1.72785
0.228 -1.68866
0.2282 -1.64707
0.2284 -1.60314
0.2286 -1.55692
0.2288 -1.5085
0.229 -1.45794
0.2292 -1.4053
0.2294 -1.35067
0.2296 -1.29411
0.2298 -1.23572
0.23 -1.17558
0.2302 -1.11375
0.2304 -1.05035
0.2306 -0.985456
0.2308 -0.919164
0.231 -0.851559
0.2312 -0.78275
0.2314 -0.712823
0.2316 -0.641889
0.2318 -0.570044
0.232 -0.497381
0.2322 -0.424018
0.2324 -0.350046
0.2326 -0.275583
0.2328 -0.200729
0.233 -0.125583
0.2332 -0.0502579
0.2334 0.0251245
0.2336 0.100485
0.2338 0.175703
0.234 0.250664
0.2342 0.325276
0.2344 0.399419
0.2346 0.472994
0.2348 0.545904
0.235 0.618031
0.2352 0.68928
0.2354 0.759556
0.2356 0.828747
0.2358 0.896766
0.236 0.96351
0.2362 1.02887
0.2364 1.09279
0.2366 1.15515
0.2368 1.21586
0.237 1.27484
0.2372 1.33202
0.2374 1.3873
0.2376 1.44062
0.2378 1.49188
0.238 1.54102
0.2382 1.58798
0.2384 1.63268
0.2386 1.67506
0.2388 1.71505
0.239 1.75261
0.2392 1.78768
0.2394 1.82021
0.2396 1.85015
0.2398 1.87747
0.24 1.90211
0.2402 1.92405
0.2404 1.94326
0.2406 1.95971
0.2408 1.97337
0.241 1.98423
0.2412 1.99227
0.2414 1.99747
0.2416 1.99984
0.2418 1.99937
0.242 1.99605
0.2422 1.9899
0.2424 1.98092
0.2426 1.96913
0.2428 1.95454
0.243 1.93717
0.2432 1.91704
0.2434 1.8942
0.2436 1.86866
0.2438 1.84046
0.244 1.80965
0.2442 1.77628
0.2444 1.74037
0.2446 1.70199
0.2448 1.6612
0.245 1.61804
0.2452 1.57258
0.2454 1.52489
0.2456 1.47502
0.2458 1.42308
0.246 1.3691
0.2462 1.31317
0.2464 1.25538
0.2466 1.19581
0.2468 1.13454
0.247 1.07166
0.2472 1.00725
0.2474 0.94141
0.2476 0.874236
0.2478 0.805814
0.248 0.736253
0.2482 0.665639
0.2484 0.594086
0.2486 0.521689
0.2488 0.448544
0.249 0.374761
0.2492 0.300459
0.2494 0.225717
0.2496 0.150653
0.2498 0.075383
0.25 -1.4044e-06
0.2502 -0.0753788
0.2504 -0.150656
0.2506 -0.225705
0.2508 -0.300448
0.251 -0.374756
0.2512 -0.448539
0.2514 -0.521678
0.2516 -0.594082
0.2518 -0.665642
0.252 -0.736249
0.2522 -0.805817
0.2524 -0.874226
0.2526 -0.9414
0.2528 -1.00724
0.253 -1.07165
0.2532 -1.13454
0.2534 -1.19581
0.2536 -1.25538
0.2538 -1.31317
0.254 -1.3691
0.2542 -1.42307
0.2544 -1.47502
0.2546 -1.52488
0.2548 -1.57257
0.255 -1.61803
0.2552 -1.66119
0.2554 -1.70199
0.2556 -1.74037
0.2558 -1.77627
0.256 -1.80965
0.2562 -1.84046
0.2564 -1.86866
0.2566 -1.8942
0.2568 -1.91704
0.257 -1.93717
0.2572 -1.95454
0.2574 -1.96913
0.2576 -1.98092
0.2578 -1.9899
0.258 -1.99605
0.2582 -1.99937
0.2584 -1.99984
0.2586 -1.99747
0.2588 -1.99227
0.259 -1.98423
0.2592 -1.97337
0.2594 -1.95971
0.2596 -1.94326
0.2598 -1.92406
0.26 -1.90211
0.2602 -1.87747
0.2604 -1.85016
0.2606 -1.82021
0.2608 -1.78768
0.261 -1.75261
0.2612 -1.71506
0.2614 -1.67506
0.2616 -1.63268
0.2618 -1.58798
0.262 -1.54103
0.2622 -1.49188
0.2624 -1.44062
0.2626 -1.38731
0.2628 -1.33202
0.263 -1.27485
0.2632 -1.21586
0.2634 -1.15515
0.2636 -1.09279
0.2638 -1.02888
0.264 -0.963508
0.2642 -0.896763
0.2644 -0.828751
0.2646 -0.759567
0.2648 -0.689291
0.265 -0.618042
0.2652 -0.545908
0.2654 -0.472998
0.2656 -0.399423
0.2658 -0.325273
0.266 -0.250668
0.2662 -0.1757
0.2664 -0.100496
0.2666 -0.0251357
0.2668 0.0502536
0.267 0.125579
0.2672 0.200718
0.2674 0.275579
0.2676 0.350049
0.2678 0.424014
0.268 0.497384
0.2682 0.570033
0.2684 0.641879
0.2686 0.712819
0.2688 0.782747
0.269 0.851555
0.2692 0.91916
0.2694 0.985452
0.2696 1.05035
0.2698 1.11376
0.27 1.17557
0.2702 1.23571
0.2704 1.29411
0.2706 1.35066
0.2708 1.4053
0.271 1.45794
0.2712 1.5085
0.2714 1.55693
0.2716 1.60313
0.2718 1.64706
0.272 1.68865
0.2722 1.72785
0.2724 1.76458
0.2726 1.79881
0.2728 1.83048
0.273 1.85955
0.2732 1.88598
0.2734 1.90973
0.2736 1.93076
0.2738 1.94905
0.274 1.96457
0.2742 1.9773
0.2744 1.98722
0.2746 1.99432
0.2748 1.99858
0.275 2
0.2752 1.99858
0.2754 1.99432
0.2756 1.98722
0.2758 1.9773
0.276 1.96457
0.2762 1.94905
0.2764 1.93076
0.2766 1.90973
0.2768 1.88598
0.277 1.85956
0.2772 1.83048
0.2774 1.79881
0.2776 1.76458
0.2778 1.72785
0.278 1.68866
0.2782 1.64706
0.2784 1.60313
0.2786 1.55692
0.2788 1.50851
0.279 1.45794
0.2792 1.4053
0.2794 1.35067
0.2796 1.29412
0.2798 1.23572
0.28 1.17557
0.2802 1.11375
0.2804 1.05036
0.2806 0.98546
0.2808 0.919167
0.281 0.851563
0.2812 0.782748
0.2814 0.712827
0.2816 0.641886
0.2818 0.570041
0.282 0.497378
0.2822 0.424022
0.2824 0.35005
0.2826 0.275587
0.2828 0.200726
0.283 0.125587
0.2832 0.0502618
0.2834 -0.0251346
0.2836 -0.100488
0.2838 -0.175706
0.284 -0.25066
0.2842 -0.325265
0.2844 -0.399415
0.2846 -0.472997
0.2848 -0.5459
0.285 -0.618034
0.2852 -0.689283
0.2854 -0.759559
0.2856 -0.828756
0.2858 -0.896762
0.286 -0.963501
0.2862 -1.02888
0.2864 -1.09278
0.2866 -1.15514
0.2868 -1.21586
0.287 -1.27485
0.2872 -1.33203
0.2874 -1.38731
0.2876 -1.44061
0.2878 -1.49188
0.288 -1.54103
0.2882 -1.58798
0.2884 -1.63268
0.2886 -1.67505
0.2888 -1.71505
0.289 -1.75262
0.2892 -1.78768
0.2894 -1.82021
0.2896 -1.85015
0.2898 -1.87747
0.29 -1.90211
0.2902 -1.92406
0.2904 -1.94326
0.2906 -1.95971
0.2908 -1.97337
0.291 -1.98423
0.2912 -1.99227
0.2914 -1.99747
0.2916 -1.99984
0.2918 -1.99937
0.292 -1.99605
0.2922 -1.9899
0.2924 -1.98092
0.2926 -1.96913
0.2928 -1.95454
0.293 -1.93717
0.2932 -1.91705
0.2934 -1.8942
0.2936 -1.86866
0.2938 -1.84046
0.294 -1.80965
0.2942 -1.77627
0.2944 -1.74037
0.2946 -1.70199
0.2948 -1.66119
0.295 -1.61804
0.2952 -1.57258
0.2954 -1.52489
0.2956 -1.47503
0.2958 -1.42307
0.296 -1.36909
0.2962 -1.31317
0.2964 -1.25539
0.2966 -1.19582
0.2968 -1.13454
0.297 -1.07165
0.2972 -1.00725
0.2974 -0.941407
0.2976 -0.874234
0.2978 -0.805811
0.298 -0.736257
0.2982 -0.665643
0.2984 -0.59409
0.2986 -0.521686
0.2988 -0.448547
0.299 -0.374764
0.2992 -0.300449
0.2994 -0.225714
0.2996 -0.15065
0.2998 -0.075387
0.3 -2.22832e-05
0.3002 0.17569
0.3004 0.350043
0.3006 0.521673
0.3008 0.689285
0.301 0.851552
0.3012 1.00725
0.3014 1.15515
0.3016 1.2941
0.3018 1.42306
0.302 1.54102
0.3022 1.64706
0.3024 1.74036
0.3026 1.82021
0.3028 1.88598
0.303 1.93717
0.3032 1.97337
0.3034 1.99432
0.3036 1.99984
0.3038 1.9899
0.304 1.96458
0.3042 1.92406
0.3044 1.86866
0.3046 1.79881
0.3048 1.71505
0.305 1.61803
0.3052 1.50852
0.3054 1.38731
0.3056 1.2554
0.3058 1.11376
0.306 0.963506
0.3062 0.805818
0.3064 0.641883
0.3066 0.473001
0.3068 0.300477
0.307 0.125597
0.3072 -0.0502534
0.3074 -0.225699
0.3076 -0.399416
0.3078 -0.570028
0.308 -0.736248
0.3082 -0.896774
0.3084 -1.05035
0.3086 -1.19579
0.3088 -1.33201
0.309 -1.45792
0.3092 -1.57257
0.3094 -1.67506
0.3096 -1.76458
0.3098 -1.84046
0.31 -1.90211
0.3102 -1.94905
0.3104 -1.98092
0.3106 -1.99747
0.3108 -1.99858
0.311 -1.98423
0.3112 -1.95454
0.3114 -1.90973
0.3116 -1.85015
0.3118 -1.77627
0.312 -1.68865
0.3122 -1.58799
0.3124 -1.47504
0.3126 -1.35067
0.3128 -1.21586
0.313 -1.07165
0.3132 -0.919174
0.3134 -0.759564
0.3136 -0.59408
0.3138 -0.424034
0.314 -0.250677
0.3142 -0.0753813
0.3144 0.100465
0.3146 0.275566
0.3148 0.448537
0.315 0.618038
0.3152 0.78276
0.3154 0.9414
0.3156 1.09276
0.3158 1.2357
0.316 1.36908
0.3162 1.49188
0.3164 1.60314
0.3166 1.70198
0.3168 1.78768
0.317 1.85955
0.3172 1.91705
0.3174 1.95971
0.3176 1.98722
0.3178 1.99937
0.318 1.99605
0.3182 1.9773
0.3184 1.94326
0.3186 1.89419
0.3188 1.83049
0.319 1.75261
0.3192 1.66121
0.3194 1.55693
0.3196 1.44062
0.3198 1.31317
0.32 1.17559
0.3202 1.02889
0.3204 0.874232
0.3206 0.712815
0.3208 0.545886
0.321 0.374767
0.3212 0.200751
0.3214 0.0251503
0.3216 -0.150645
0.3218 -0.325275
0.322 -0.49739
0.3222 -0.665627
0.3224 -0.828748
0.3226 -0.985432
0.3228 -1.13452
0.323 -1.27484
0.3232 -1.4053
0.3234 -1.52487
0.3236 -1.63267
0.3238 -1.72785
0.324 -1.80966
0.3242 -1.87747
0.3244 -1.93076
0.3246 -1.96912
0.3248 -1.99227
0.325 -2
0.3252 -1.99227
0.3254 -1.96913
0.3256 -1.93077
0.3258 -1.87747
0.326 -1.80965
0.3262 -1.72786
0.3264 -1.63268
0.3266 -1.52488
0.3268 -1.40532
0.327 -1.27486
0.3272 -1.13454
0.3274 -0.98545
0.3276 -0.828737
0.3278 -0.665647
0.328 -0.49741
0.3282 -0.325296
0.3284 -0.150666
0.3286 0.0251293
0.3288 0.20073
0.329 0.374746
0.3292 0.545897
0.3294 0.712826
0.3296 0.874242
0.3298 1.02887
0.33 1.17557
0.3302 1.31315
0.3304 1.44061
0.3306 1.55692
0.3308 1.66119
0.331 1.75262
0.3312 1.83048
0.3314 1.89419
0.3316 1.94326
0.3318 1.9773
0.332 1.99605
0.3322 1.99937
0.3324 1.98722
0.3326 1.95971
0.3328 1.91704
0.333 1.85955
0.3332 1.78769
0.3334 1.70199
0.3336 1.60315
0.3338 1.49189
0.334 1.3691
0.3342 1.23572
0.3344 1.09278
0.3346 0.941418
0.3348 0.782749
0.335 0.618058
0.3352 0.448557
0.3354 0.275587
0.3356 0.100485
0.3358 -0.0753603
0.336 -0.250656
0.3362 -0.424013
0.3364 -0.594091
0.3366 -0.759575
0.3368 -0.919155
0.337 -1.07163
0.3372 -1.21585
0.3374 -1.35066
0.3376 -1.47503
0.3378 -1.58799
0.338 -1.68865
0.3382 -1.77627
0.3384 -1.85016
0.3386 -1.90972
0.3388 -1.95453
0.339 -1.98423
0.3392 -1.99858
0.3394 -1.99747
0.3396 -1.98092
0.3398 -1.94905
0.34 -1.90211
0.3402 -1.84047
0.3404 -1.7646
0.3406 -1.67507
0.3408 -1.57258
0.341 -1.45794
0.3412 -1.33202
0.3414 -1.19582
0.3416 -1.05035
0.3418 -0.896763
0.342 -0.736267
0.3422 -0.570048
0.3424 -0.39942
0.3426 -0.225736
0.3428 -0.0502743
0.343 0.125576
0.3432 0.300456
0.3434 0.473012
0.3436 0.641879
0.3438 0.805784
0.344 0.963488
0.3442 1.11374
0.3444 1.25538
0.3446 1.38731
0.3448 1.50849
0.345 1.61803
0.3452 1.71505
0.3454 1.79882
0.3456 1.86865
0.3458 1.92405
0.346 1.96457
0.3462 1.9899
0.3464 1.99984
0.3466 1.99432
0.3468 1.97337
0.347 1.93717
0.3472 1.88599
0.3474 1.82022
0.3476 1.74037
0.3478 1.64707
0.348 1.54102
0.3482 1.42308
0.3484 1.29412
0.3486 1.15515
0.3488 1.00724
0.349 0.851571
0.3492 0.68929
0.3494 0.521709
0.3496 0.350064
0.3498 0.175711
0.35 -1.31077e-06
0.3502 -0.175713
0.3504 -0.350034
0.3506 -0.52168
0.3508 -0.689261
0.351 -0.851544
0.3512 -1.00724
0.3514 -1.15515
0.3516 -1.2941
0.3518 -1.42306
0.352 -1.54103
0.3522 -1.64707
0.3524 -1.74038
0.3526 -1.82021
0.3528 -1.88597
0.353 -1.93716
0.3532 -1.97337
0.3534 -1.99432
0.3536 -1.99984
0.3538 -1.9899
0.354 -1.96458
0.3542 -1.92405
0.3544 -1.86866
0.3546 -1.79881
0.3548 -1.71505
0.355 -1.61805
0.3552 -1.50851
0.3554 -1.38731
0.3556 -1.25538
0.3558 -1.11374
0.356 -0.963514
0.3562 -0.805841
0.3564 -0.641907
0.3566 -0.473009
0.3568 -0.300453
0.357 -0.125574
0.3572 0.0502442
0.3574 0.225706
0.3576 0.399423
0.3578 0.570019
0.358 0.736239
0.3582 0.896765
0.3584 1.05033
0.3586 1.1958
0.3588 1.33202
0.359 1.45794
0.3592 1.57259
0.3594 1.67505
0.3596 1.76457
0.3598 1.84045
0.36 1.90211
0.3602 1.94905
0.3604 1.98092
0.3606 1.99747
0.3608 1.99858
0.361 1.98423
0.3612 1.95453
0.3614 1.90973
0.3616 1.85016
0.3618 1.77628
0.362 1.68866
0.3622 1.58799
0.3624 1.47502
0.3626 1.35066
0.3628 1.21587
0.363 1.07166
0.3632 0.919182
0.3634 0.759572
0.3636 0.594089
0.3638 0.424011
0.364 0.250686
0.3642 0.0753904
0.3644 -0.100488
0.3646 -0.275589
0.3648 -0.448528
0.365 -0.618029
0.3652 -0.782722
0.3654 -0.941392
0.3656 -1.09278
0.3658 -1.23572
0.366 -1.3691
0.3662 -1.49187
0.3664 -1.60313
0.3666 -1.70197
0.3668 -1.78768
0.367 -1.85955
0.3672 -1.91704
0.3674 -1.95971
0.3676 -1.98722
0.3678 -1.99937
0.368 -1.99605
0.3682 -1.9773
0.3684 -1.94326
0.3686 -1.89421
0.3688 -1.83049
0.369 -1.75262
0.3692 -1.66119
0.3694 -1.55692
0.3696 -1.44063
0.3698 -1.31318
0.37 -1.17557
0.3702 -1.0289
0.3704 -0.87424
0.3706 -0.712824
0.3708 -0.545926
0.371 -0.374776
0.3712 -0.200728
0.3714 -0.0251267
0.3716 0.150668
0.3718 0.325266
0.372 0.497349
0.3722 0.665618
0.3724 0.82874
0.3726 0.985452
0.3728 1.13454
0.373 1.27484
0.3732 1.40529
0.3734 1.52489
0.3736 1.63267
0.3738 1.72784
0.374 1.80965
0.3742 1.87746
0.3744 1.93076
0.3746 1.96913
0.3748 1.99227
0.375 2
0.3752 1.99227
0.3754 1.96913
0.3756 1.93077
0.3758 1.87747
0.376 1.80966
0.3762 1.72784
0.3764 1.63269
0.3766 1.52489
0.3768 1.4053
0.377 1.27484
0.3772 1.13455
0.3774 0.985458
0.3776 0.828776
0.3778 0.665655
0.378 0.497387
0.3782 0.325273
0.3784 0.150642
0.3786 -0.0251201
0.3788 -0.200721
0.379 -0.374737
0.3792 -0.545888
0.3794 -0.712818
0.3796 -0.874234
0.3798 -1.02886
0.38 -1.17556
0.3802 -1.31317
0.3804 -1.44062
0.3806 -1.55692
0.3808 -1.66119
0.381 -1.7526
0.3812 -1.83047
0.3814 -1.89419
0.3816 -1.94326
0.3818 -1.9773
0.382 -1.99605
0.3822 -1.99937
0.3824 -1.98723
0.3826 -1.95971
0.3828 -1.91705
0.383 -1.85955
0.3832 -1.78769
0.3834 -1.702
0.3836 -1.60314
0.3838 -1.49188
0.384 -1.36908
0.3842 -1.23572
0.3844 -1.09281
0.3846 -0.941426
0.3848 -0.782758
0.385 -0.618036
0.3852 -0.448534
0.3854 -0.275596
0.3856 -0.100495
0.3858 0.0753839
0.386 0.250647
0.3862 0.424004
0.3864 0.594083
0.3866 0.759536
0.3868 0.919147
0.387 1.07165
0.3872 1.21586
0.3874 1.35068
0.3876 1.47502
0.3878 1.58796
0.388 1.68864
0.3882 1.77627
0.3884 1.85015
0.3886 1.90973
0.3888 1.95453
0.389 1.98423
0.3892 1.99858
0.3894 1.99748
0.3896 1.98092
0.3898 1.94905
0.39 1.90212
0.3902 1.84047
0.3904 1.76459
0.3906 1.67505
0.3908 1.57257
0.391 1.45794
0.3912 1.33205
0.3914 1.19583
0.3916 1.05036
0.3918 0.896771
0.392 0.736245
0.3922 0.570057
0.3924 0.399429
0.3926 0.225713
0.3928 0.0502507
0.393 -0.125567
0.3932 -0.300447
0.3934 -0.472971
0.3936 -0.64187
0.3938 -0.805805
0.394 -0.963508
0.3942 -1.11376
0.3944 -1.25537
0.3946 -1.3873
0.3948 -1.50849
0.395 -1.61802
0.3952 -1.71505
0.3954 -1.79881
0.3956 -1.86865
0.3958 -1.92405
0.396 -1.96457
0.3962 -1.9899
0.3964 -1.99984
0.3966 -1.99432
0.3968 -1.97338
0.397 -1.93717
0.3972 -1.88598
0.3974 -1.82021
0.3976 -1.74036
0.3978 -1.64707
0.398 -1.54103
0.3982 -1.42309
0.3984 -1.29413
0.3986 -1.15515
0.3988 -1.00725
0.399 -0.851579
0.3992 -0.689298
0.3994 -0.521687
0.3996 -0.35004
0.3998 -0.175687
0.4 -3.37056e-06
0.4002 0.075367
0.4004 0.150644
0.4006 0.225708
0.4008 0.30045
0.401 0.374766
0.4012 0.448535
0.4014 0.52168
0.4016 0.594084
0.4018 0.665631
0.402 0.736245
0.4022 0.805812
0.4024 0.874222
0.4026 0.941402
0.4028 1.00724
0.403 1.07166
0.4032 1.13454
0.4034 1.19581
0.4036 1.25537
0.4038 1.31316
0.404 1.36909
0.4042 1.42307
0.4044 1.47503
0.4046 1.52488
0.4048 1.57257
0.405 1.61803
0.4052 1.66119
0.4054 1.70199
0.4056 1.74037
0.4058 1.77627
0.406 1.80965
0.4062 1.84046
0.4064 1.86866
0.4066 1.8942
0.4068 1.91704
0.407 1.93716
0.4072 1.95453
0.4074 1.96913
0.4076 1.98092
0.4078 1.9899
0.408 1.99605
0.4082 1.99937
0.4084 1.99984
0.4086 1.99747
0.4088 1.99227
0.409 1.98423
0.4092 1.97337
0.4094 1.95971
0.4096 1.94326
0.4098 1.92406
0.41 1.90211
0.4102 1.87747
0.4104 1.85015
0.4106 1.82022
0.4108 1.78769
0.411 1.75261
0.4112 1.71505
0.4114 1.67506
0.4116 1.63268
0.4118 1.58798
0.412 1.54102
0.4122 1.49188
0.4124 1.44062
0.4126 1.38732
0.4128 1.33203
0.413 1.27485
0.4132 1.21586
0.4134 1.15514
0.4136 1.09279
0.4138 1.02888
0.414 0.963518
0.4142 0.896774
0.4144 0.828755
0.4146 0.759558
0.4148 0.689295
0.415 0.61804
0.4152 0.545906
0.4154 0.472996
0.4156 0.399414
0.4158 0.325278
0.416 0.25068
0.4162 0.175712
0.4164 0.100494
0.4166 0.0251334
0.4168 -0.0502629
0.417 -0.125574
0.4172 -0.20072
0.4174 -0.275582
0.4176 -0.350037
0.4178 -0.424009
0.418 -0.497379
0.4182 -0.570028
0.4184 -0.641881
0.4186 -0.712821
0.4188 -0.782749
0.419 -0.851564
0.4192 -0.919156
0.4194 -0.985442
0.4196 -1.05034
0.4198 -1.11375
0.42 -1.17557
0.4202 -1.23572
0.4204 -1.29411
0.4206 -1.35066
0.4208 -1.4053
0.421 -1.45794
0.4212 -1.5085
0.4214 -1.55692
0.4216 -1.60313
0.4218 -1.64706
0.422 -1.68865
0.4222 -1.72785
0.4224 -1.76458
0.4226 -1.79881
0.4228 -1.83048
0.423 -1.85955
0.4232 -1.88598
0.4234 -1.90973
0.4236 -1.93076
0.4238 -1.94905
0.424 -1.96457
0.4242 -1.9773
0.4244 -1.98722
0.4246 -1.99432
0.4248 -1.99858
0.425 -2
0.4252 -1.99858
0.4254 -1.99432
0.4256 -1.98722
0.4258 -1.9773
0.426 -1.96458
0.4262 -1.94905
0.4264 -1.93077
0.4266 -1.90973
0.4268 -1.88598
0.427 -1.85955
0.4272 -1.83049
0.4274 -1.79881
0.4276 -1.76458
0.4278 -1.72785
0.428 -1.68865
0.4282 -1.64707
0.4284 -1.60314
0.4286 -1.55693
0.4288 -1.50851
0.429 -1.45794
0.4292 -1.4053
0.4294 -1.35067
0.4296 -1.29411
0.4298 -1.23572
0.43 -1.17558
0.4302 -1.11375
0.4304 -1.05035
0.4306 -0.985464
0.4308 -0.919165
0.431 -0.851561
0.4312 -0.782746
0.4314 -0.712818
0.4316 -0.641891
0.4318 -0.570052
0.432 -0.497389
0.4322 -0.42402
0.4324 -0.350048
0.4326 -0.275578
0.4328 -0.200731
0.433 -0.125584
0.4332 -0.0502595
0.4334 0.0251228
0.4336 0.100483
0.4338 0.175701
0.434 0.250655
0.4342 0.325267
0.4344 0.399417
0.4346 0.472999
0.4348 0.545909
0.435 0.618029
0.4352 0.689272
0.4354 0.759548
0.4356 0.828745
0.4358 0.896764
0.436 0.963509
0.4362 1.02887
0.4364 1.09279
0.4366 1.15515
0.4368 1.21586
0.437 1.27484
0.4372 1.33202
0.4374 1.3873
0.4376 1.44061
0.4378 1.49188
0.438 1.54103
0.4382 1.58798
0.4384 1.63268
0.4386 1.67506
0.4388 1.71505
0.439 1.75261
0.4392 1.78768
0.4394 1.82021
0.4396 1.85015
0.4398 1.87747
0.44 1.90211
0.4402 1.92406
0.4404 1.94326
0.4406 1.95971
0.4408 1.97337
0.441 1.98423
0.4412 1.99227
0.4414 1.99747
0.4416 1.99984
0.4418 1.99937
0.442 1.99605
0.4422 1.9899
0.4424 1.98092
0.4426 1.96913
0.4428 1.95454
0.443 1.93717
0.4432 1.91705
0.4434 1.8942
0.4436 1.86866
0.4438 1.84046
0.444 1.80966
0.4442 1.77628
0.4444 1.74037
0.4446 1.70199
0.4448 1.66119
0.445 1.61803
0.4452 1.57258
0.4454 1.52489
0.4456 1.47503
0.4458 1.42308
0.446 1.3691
0.4462 1.31317
0.4464 1.25539
0.4466 1.19582
0.4468 1.13454
0.447 1.07165
0.4472 1.00724
0.4474 0.941412
0.4476 0.874244
0.4478 0.805822
0.448 0.736255
0.4482 0.665641
0.4484 0.594081
0.4486 0.521691
0.4488 0.448545
0.449 0.374762
0.4492 0.300461
0.4494 0.225718
0.4496 0.150655
0.4498 0.0753917
0.45 7.30289e-06
0.4502 -0.0753772
0.4504 -0.150654
0.4506 -0.225718
0.4508 -0.300446
0.451 -0.374748
0.4512 -0.448531
0.4514 -0.521676
0.4516 -0.594081
0.4518 -0.66564
0.452 -0.736241
0.4522 -0.805809
0.4524 -0.874231
0.4526 -0.941411
0.4528 -1.00724
0.453 -1.07165
0.4532 -1.13453
0.4534 -1.1958
0.4536 -1.25538
0.4538 -1.31317
0.454 -1.3691
0.4542 -1.42307
0.4544 -1.47503
0.4546 -1.52488
0.4548 -1.57257
0.455 -1.61803
0.4552 -1.66119
0.4554 -1.70198
0.4556 -1.74036
0.4558 -1.77627
0.456 -1.80966
0.4562 -1.84046
0.4564 -1.86866
0.4566 -1.89419
0.4568 -1.91704
0.457 -1.93717
0.4572 -1.95454
0.4574 -1.96913
0.4576 -1.98092
0.4578 -1.9899
0.458 -1.99605
0.4582 -1.99937
0.4584 -1.99984
0.4586 -1.99747
0.4588 -1.99227
0.459 -1.98423
0.4592 -1.97337
0.4594 -1.95971
0.4596 -1.94326
0.4598 -1.92406
0.46 -1.90212
0.4602 -1.87747
0.4604 -1.85016
0.4606 -1.82021
0.4608 -1.78768
0.461 -1.75262
0.4612 -1.71505
0.4614 -1.67506
0.4616 -1.63268
0.4618 -1.58798
0.462 -1.54103
0.4622 -1.49189
0.4624 -1.44062
0.4626 -1.38731
0.4628 -1.33202
0.463 -1.27484
0.4632 -1.21586
0.4634 -1.15516
0.4636 -1.0928
0.4638 -1.02888
0.464 -0.963509
0.4642 -0.896765
0.4644 -0.828759
0.4646 -0.759562
0.4648 -0.689286
0.465 -0.618043
0.4652 -0.545909
0.4654 -0.473
0.4656 -0.399431
0.4658 -0.325282
0.466 -0.25067
0.4662 -0.175702
0.4664 -0.100484
0.4666 -0.0251374
0.4668 0.0502449
0.467 0.12557
0.4672 0.200716
0.4674 0.275578
0.4676 0.350047
0.4678 0.424006
0.468 0.497375
0.4682 0.570038
0.4684 0.64189
0.4686 0.712818
0.4688 0.782745
0.469 0.851547
0.4692 0.919152
0.4694 0.985451
0.4696 1.05035
0.4698 1.11375
0.47 1.17557
0.4702 1.23572
0.4704 1.2941
0.4706 1.35066
0.4708 1.4053
0.471 1.45794
0.4712 1.5085
0.4714 1.55692
0.4716 1.60313
0.4718 1.64707
0.472 1.68866
0.4722 1.72785
0.4724 1.76458
0.4726 1.79881
0.4728 1.83048
0.473 1.85955
0.4732 1.88598
0.4734 1.90973
0.4736 1.93076
0.4738 1.94905
0.474 1.96457
0.4742 1.9773
0.4744 1.98722
0.4746 1.99432
0.4748 1.99858
0.475 2
0.4752 1.99858
0.4754 1.99432
0.4756 1.98722
0.4758 1.97731
0.476 1.96458
0.4762 1.94906
0.4764 1.93076
0.4766 1.90973
0.4768 1.88598
0.477 1.85955
0.4772 1.83048
0.4774 1.79881
0.4776 1.76458
0.4778 1.72785
0.478 1.68866
0.4782 1.64707
0.4784 1.60314
0.4786 1.55692
0.4788 1.5085
0.479 1.45794
0.4792 1.40531
0.4794 1.35067
0.4796 1.29412
0.4798 1.23572
0.48 1.17557
0.4802 1.11376
0.4804 1.05035
0.4806 0.985455
0.4808 0.919169
0.481 0.851564
0.4812 0.782749
0.4814 0.712835
0.4816 0.641895
0.4818 0.570042
0.482 0.497379
0.4822 0.42401
0.4824 0.350052
0.4826 0.275596
0.4828 0.200735
0.483 0.125588
0.4832 0.0502635
0.4834 -0.0251329
0.4836 -0.100479
0.4838 -0.175697
0.484 -0.250665
0.4842 -0.325277
0.4844 -0.399413
0.4846 -0.472995
0.4848 -0.545892
0.485 -0.618026
0.4852 -0.689282
0.4854 -0.759558
0.4856 -0.828754
0.4858 -0.896761
0.486 -0.963505
0.4862 -1.02887
0.4864 -1.09278
0.4866 -1.15514
0.4868 -1.21586
0.487 -1.27484
0.4872 -1.33202
0.4874 -1.38731
0.4876 -1.44062
0.4878 -1.49189
0.488 -1.54102
0.4882 -1.58797
0.4884 -1.63267
0.4886 -1.67505
0.4888 -1.71505
0.489 -1.75261
0.4892 -1.78768
0.4894 -1.82021
0.4896 -1.85015
0.4898 -1.87746
0.49 -1.90211
0.4902 -1.92406
0.4904 -1.94326
0.4906 -1.95971
0.4908 -1.97337
0.491 -1.98423
0.4912 -1.99227
0.4914 -1.99747
0.4916 -1.99984
0.4918 -1.99937
0.492 -1.99605
0.4922 -1.9899
0.4924 -1.98092
0.4926 -1.96913
0.4928 -1.95454
0.493 -1.93717
0.4932 -1.91705
0.4934 -1.8942
0.4936 -1.86866
0.4938 -1.84047
0.494 -1.80966
0.4942 -1.77627
0.4944 -1.74037
0.4946 -1.70199
0.4948 -1.66119
0.495 -1.61804
0.4952 -1.57258
0.4954 -1.52489
0.4956 -1.47503
0.4958 -1.42307
0.496 -1.3691
0.4962 -1.31317
0.4964 -1.25538
0.4966 -1.19581
0.4968 -1.13454
0.497 -1.07166
0.4972 -1.00726
0.4974 -0.941415
0.4976 -0.874235
0.4978 -0.805813
0.498 -0.736245
0.4982 -0.665645
0.4984 -0.594098
0.4986 -0.521694
0.4988 -0.448549
0.499 -0.374766
0.4992 -0.300451
0.4994 -0.225722
0.4996 -0.150659
0.4998 -0.0753816
0.5 2.8088e-06
0.5002 0.0753732
0.5004 0.150651
0.5006 0.2257
0.5008 0.300456
0.501 0.374758
0.5012 0.448527
0.5014 0.521686
0.5016 0.594077
0.5018 0.665637
0.502 0.736237
0.5022 0.805818
0.5024 0.874228
0.5026 0.941408
0.5028 1.00724
0.503 1.07164
0.5032 1.13454
0.5034 1.1958
0.5036 1.25539
0.5038 1.31317
0.504 1.36909
0.5042 1.42306
0.5044 1.47503
0.5046 1.52488
0.5048 1.57257
0.505 1.61803
0.5052 1.66118
0.5054 1.70199
0.5056 1.74036
0.5058 1.77628
0.506 1.80965
0.5062 1.84046
0.5064 1.86866
0.5066 1.89419
0.5068 1.91704
0.507 1.93716
0.5072 1.95454
0.5074 1.96913
0.5076 1.98092
0.5078 1.9899
0.508 1.99605
0.5082 1.99937
0.5084 1.99984
0.5086 1.99747
0.5088 1.99227
0.509 1.98423
0.5092 1.97337
0.5094 1.95971
0.5096 1.94327
0.5098 1.92405
0.51 1.90211
0.5102 1.87747
0.5104 1.85015
0.5106 1.82021
0.5108 1.78768
0.511 1.75262
0.5112 1.71505
0.5114 1.67506
0.5116 1.63269
0.5118 1.58799
0.512 1.54104
0.5122 1.49188
0.5124 1.44063
0.5126 1.3873
0.5128 1.33203
0.513 1.27485
0.5132 1.21587
0.5134 1.15516
0.5136 1.09279
0.5138 1.02889
0.514 0.963513
0.5142 0.896781
0.5144 0.828749
0.5146 0.759566
0.5148 0.689276
0.515 0.618034
0.5152 0.545913
0.5154 0.473003
0.5156 0.399435
0.5158 0.325272
0.516 0.250674
0.5162 0.175706
0.5164 0.100502
0.5166 0.0251273
0.5168 -0.0502551
0.517 -0.125566
0.5172 -0.200726
0.5174 -0.275574
0.5176 -0.350043
0.5178 -0.424002
0.518 -0.497385
0.5182 -0.570034
0.5184 -0.641887
0.5186 -0.712814
0.5188 -0.782728
0.519 -0.851556
0.5192 -0.919149
0.5194 -0.98546
0.5196 -1.05035
0.5198 -1.11375
0.52 -1.17556
0.5202 -1.23573
0.5204 -1.29411
0.5206 -1.35066
0.5208 -1.40529
0.521 -1.45793
0.5212 -1.5085
0.5214 -1.55692
0.5216 -1.60314
0.5218 -1.64706
0.522 -1.68866
0.5222 -1.72784
0.5224 -1.76457
0.5226 -1.79881
0.5228 -1.83048
0.523 -1.85955
0.5232 -1.88598
0.5234 -1.90973
0.5236 -1.93076
0.5238 -1.94906
0.524 -1.96457
0.5242 -1.9773
0.5244 -1.98722
0.5246 -1.99432
0.5248 -1.99858
0.525 -2
0.5252 -1.99858
0.5254 -1.99432
0.5256 -1.98722
0.5258 -1.9773
0.526 -1.96458
0.5262 -1.94905
0.5264 -1.93076
0.5266 -1.90973
0.5268 -1.88598
0.527 -1.85955
0.5272 -1.83048
0.5274 -1.79882
0.5276 -1.76459
0.5278 -1.72786
0.528 -1.68866
0.5282 -1.64707
0.5284 -1.60313
0.5286 -1.55693
0.5288 -1.5085
0.529 -1.45794
0.5292 -1.40531
0.5294 -1.35067
0.5296 -1.29412
0.5298 -1.23572
0.53 -1.17558
0.5302 -1.11375
0.5304 -1.05036
0.5306 -0.985446
0.5308 -0.91916
0.531 -0.851568
0.5312 -0.782753
0.5314 -0.712839
0.5316 -0.641885
0.5318 -0.570046
0.532 -0.497383
0.5322 -0.424028
0.5324 -0.350042
0.5326 -0.275586
0.5328 -0.200739
0.533 -0.125578
0.5332 -0.0502674
0.5334 0.0251289
0.5336 0.100476
0.5338 0.175707
0.534 0.250662
0.5342 0.325274
0.5344 0.399409
0.5346 0.472978
0.5348 0.545901
0.535 0.618022
0.5352 0.689291
0.5354 0.759554
0.5356 0.828751
0.5358 0.896757
0.536 0.963514
0.5362 1.02888
0.5364 1.09278
0.5366 1.15514
0.5368 1.21585
0.537 1.27485
0.5372 1.33202
0.5374 1.38731
0.5376 1.44062
0.5378 1.49188
0.538 1.54102
0.5382 1.58797
0.5384 1.63268
0.5386 1.67505
0.5388 1.71505
0.539 1.75261
0.5392 1.78768
0.5394 1.82021
0.5396 1.85016
0.5398 1.87747
0.54 1.90211
0.5402 1.92405
0.5404 1.94326
0.5406 1.95971
0.5408 1.97337
0.541 1.98423
0.5412 1.99227
0.5414 1.99747
0.5416 1.99984
0.5418 1.99937
0.542 1.99605
0.5422 1.9899
0.5424 1.98092
0.5426 1.96913
0.5428 1.95453
0.543 1.93717
0.5432 1.91704
0.5434 1.8942
0.5436 1.86866
0.5438 1.84046
0.544 1.80966
0.5442 1.77627
0.5444 1.74037
0.5446 1.70199
0.5448 1.6612
0.545 1.61805
0.5452 1.57258
0.5454 1.52489
0.5456 1.47503
0.5458 1.42308
0.546 1.36909
0.5462 1.31318
0.5464 1.25538
0.5466 1.19581
0.5468 1.13455
0.547 1.07166
0.5472 1.00726
0.5474 0.941406
0.5476 0.874239
0.5478 0.805816
0.548 0.736262
0.5482 0.665635
0.5484 0.594089
0.5486 0.521698
0.5488 0.448539
0.549 0.37477
0.5492 0.300455
0.5494 0.225726
0.5496 0.150649
0.5498 0.0753856
0.55 1.12352e-06
0.5502 -0.0753693
0.5504 -0.150633
0.5506 -0.22571
0.5508 -0.300438
0.551 -0.374768
0.5512 -0.448537
0.5514 -0.521682
0.5516 -0.594073
0.5518 -0.665646
0.552 -0.736247
0.5522 -0.805802
0.5524 -0.874224
0.5526 -0.941392
0.5528 -1.00725
0.553 -1.07165
0.5532 -1.13454
0.5534 -1.19581
0.5536 -1.25538
0.5538 -1.31317
0.554 -1.36908
0.5542 -1.42307
0.5544 -1.47502
0.5546 -1.52488
0.5548 -1.57257
0.555 -1.61804
0.5552 -1.66119
0.5554 -1.70199
0.5556 -1.74037
0.5558 -1.77627
0.556 -1.80965
0.5562 -1.84046
0.5564 -1.86866
0.5566 -1.89419
0.5568 -1.91704
0.557 -1.93716
0.5572 -1.95454
0.5574 -1.96913
0.5576 -1.98092
0.5578 -1.9899
0.558 -1.99605
0.5582 -1.99937
0.5584 -1.99984
0.5586 -1.99747
0.5588 -1.99227
0.559 -1.98423
0.5592 -1.97337
0.5594 -1.95971
0.5596 -1.94326
0.5598 -1.92406
0.56 -1.90211
0.5602 -1.87747
0.5604 -1.85015
0.5606 -1.82022
0.5608 -1.78769
0.561 -1.75261
0.5612 -1.71506
0.5614 -1.67506
0.5616 -1.63269
0.5618 -1.58798
0.562 -1.54103
0.5622 -1.49188
0.5624 -1.44062
0.5626 -1.38731
0.5628 -1.33203
0.563 -1.27486
0.5632 -1.21586
0.5634 -1.15515
0.5636 -1.09279
0.5638 -1.02889
0.564 -0.963504
0.5642 -0.896772
0.5644 -0.828766
0.5646 -0.759556
0.5648 -0.689293
0.565 -0.618038
0.5652 -0.545917
0.5654 -0.472994
0.5656 -0.399425
0.5658 -0.325276
0.566 -0.250678
0.5662 -0.175724
0.5664 -0.100492
0.5666 -0.0251452
0.5668 0.0502652
0.567 0.125576
0.5672 0.200723
0.5674 0.27557
0.5676 0.350053
0.5678 0.424012
0.568 0.497368
0.5682 0.57003
0.5684 0.64187
0.5686 0.712823
0.5688 0.782738
0.569 0.851566
0.5692 0.919158
0.5694 0.985456
0.5696 1.05034
0.5698 1.11374
0.57 1.17557
0.5702 1.23571
0.5704 1.29411
0.5706 1.35065
0.5708 1.4053
0.571 1.45793
0.5712 1.50851
0.5714 1.55692
0.5716 1.60313
0.5718 1.64706
0.572 1.68865
0.5722 1.72785
0.5724 1.76458
0.5726 1.79881
0.5728 1.83048
0.573 1.85955
0.5732 1.88598
0.5734 1.90972
0.5736 1.93076
0.5738 1.94905
0.574 1.96457
0.5742 1.9773
0.5744 1.98722
0.5746 1.99432
0.5748 1.99858
0.575 2
0.5752 1.99858
0.5754 1.99432
0.5756 1.98722
0.5758 1.9773
0.576 1.96458
0.5762 1.94905
0.5764 1.93077
0.5766 1.90973
0.5768 1.88598
0.577 1.85956
0.5772 1.83049
0.5774 1.79882
0.5776 1.76458
0.5778 1.72785
0.578 1.68865
0.5782 1.64707
0.5784 1.60314
0.5786 1.55693
0.5788 1.50851
0.579 1.45794
0.5792 1.40531
0.5794 1.35067
0.5796 1.29412
0.5798 1.23572
0.58 1.17558
0.5802 1.11376
0.5804 1.05035
0.5806 0.985462
0.5808 0.919163
0.581 0.851571
0.5812 0.782744
0.5814 0.712829
0.5816 0.641889
0.5818 0.57005
0.582 0.497401
0.5822 0.424018
0.5824 0.350059
0.5826 0.275576
0.5828 0.200729
0.583 0.125582
0.5832 0.0502713
0.5834 -0.0251391
0.5836 -0.100486
0.5838 -0.17569
0.584 -0.250658
0.5842 -0.325256
0.5844 -0.399419
0.5846 -0.472988
0.5848 -0.545911
0.585 -0.618032
0.5852 -0.689287
0.5854 -0.75955
0.5856 -0.828735
0.5858 -0.896766
0.586 -0.963498
0.5862 -1.02887
0.5864 -1.09278
0.5866 -1.15515
0.5868 -1.21585
0.587 -1.27486
0.5872 -1.33202
0.5874 -1.3873
0.5876 -1.44061
0.5878 -1.49187
0.588 -1.54103
0.5882 -1.58798
0.5884 -1.63268
0.5886 -1.67505
0.5888 -1.71506
0.589 -1.75261
0.5892 -1.78768
0.5894 -1.82021
0.5896 -1.85015
0.5898 -1.87747
0.59 -1.90211
0.5902 -1.92406
0.5904 -1.94326
0.5906 -1.95971
0.5908 -1.97337
0.591 -1.98423
0.5912 -1.99227
0.5914 -1.99747
0.5916 -1.99984
0.5918 -1.99937
0.592 -1.99605
0.5922 -1.9899
0.5924 -1.98092
0.5926 -1.96913
0.5928 -1.95454
0.593 -1.93717
0.5932 -1.91705
0.5934 -1.8942
0.5936 -1.86866
0.5938 -1.84046
0.594 -1.80965
0.5942 -1.77628
0.5944 -1.74037
0.5946 -1.702
0.5948 -1.66119
0.595 -1.61804
0.5952 -1.57258
0.5954 -1.52489
0.5956 -1.47502
0.5958 -1.42308
0.596 -1.36911
0.5962 -1.31317
0.5964 -1.25539
0.5966 -1.19581
0.5968 -1.13455
0.597 -1.07165
0.5972 -1.00725
0.5974 -0.94141
0.5976 -0.874242
0.5978 -0.805833
0.598 -0.736253
0.5982 -0.665652
0.5984 -0.594079
0.5986 -0.521688
0.5988 -0.448543
0.599 -0.374774
0.5992 -0.300445
0.5994 -0.225716
0.5996 -0.150667
0.5998 -0.0753895
0.6 -4.45663e-05
0.6002 0.1757
0.6004 0.350021
0.6006 0.521699
0.6008 0.68928
0.601 0.851561
0.6012 1.00723
0.6014 1.15511
0.6016 1.29411
0.6018 1.42305
0.602 1.54102
0.6022 1.64704
0.6024 1.74037
0.6026 1.8202
0.6028 1.88599
0.603 1.93717
0.6032 1.97337
0.6034 1.99432
0.6036 1.99984
0.6038 1.9899
0.604 1.96458
0.6042 1.92406
0.6044 1.86867
0.6046 1.79881
0.6048 1.71506
0.605 1.61805
0.6052 1.5085
0.6054 1.38732
0.6056 1.25539
0.6058 1.11378
0.606 0.963497
0.6062 0.805823
0.6064 0.641889
0.6066 0.473022
0.6068 0.300499
0.607 0.125587
0.6072 -0.0502311
0.6074 -0.225726
0.6076 -0.39941
0.6078 -0.570038
0.608 -0.736227
0.6082 -0.896783
0.6084 -1.05035
0.6086 -1.19579
0.6088 -1.33201
0.609 -1.45791
0.6092 -1.57258
0.6094 -1.67504
0.6096 -1.76459
0.6098 -1.84046
0.61 -1.90211
0.6102 -1.94905
0.6104 -1.98092
0.6106 -1.99747
0.6108 -1.99858
0.611 -1.98423
0.6112 -1.95454
0.6114 -1.90973
0.6116 -1.85016
0.6118 -1.77629
0.612 -1.68865
0.6122 -1.58799
0.6124 -1.47503
0.6126 -1.35069
0.6128 -1.21585
0.613 -1.07167
0.6132 -0.919164
0.6134 -0.759585
0.6136 -0.594133
0.6138 -0.424023
0.614 -0.250699
0.6142 -0.0753708
0.6144 0.100475
0.6146 0.275577
0.6148 0.448515
0.615 0.618048
0.6152 0.78274
0.6154 0.94138
0.6156 1.09277
0.6158 1.23568
0.616 1.36909
0.6162 1.49186
0.6164 1.60314
0.6166 1.70199
0.6168 1.78768
0.617 1.85955
0.6172 1.91703
0.6174 1.95971
0.6176 1.98722
0.6178 1.99937
0.618 1.99606
0.6182 1.9773
0.6184 1.94327
0.6186 1.89419
0.6188 1.83048
0.619 1.75262
0.6192 1.6612
0.6194 1.55695
0.6196 1.44061
0.6198 1.31319
0.62 1.17558
0.6202 1.02891
0.6204 0.874222
0.6206 0.712836
0.6208 0.545939
0.621 0.374757
0.6212 0.200741
0.6214 0.0251398
0.6216 -0.150623
0.6218 -0.325286
0.622 -0.497368
0.6222 -0.665637
0.6224 -0.828728
0.6226 -0.985412
0.6228 -1.13453
0.623 -1.27482
0.6232 -1.40531
0.6234 -1.52488
0.6236 -1.63268
0.6238 -1.72783
0.624 -1.80966
0.6242 -1.87747
0.6244 -1.93076
0.6246 -1.96913
0.6248 -1.99226
0.625 -2
0.6252 -1.99227
0.6254 -1.96913
0.6256 -1.93076
0.6258 -1.87745
0.626 -1.80965
0.6262 -1.72785
0.6264 -1.6327
0.6266 -1.52492
0.6268 -1.40531
0.627 -1.27488
0.6272 -1.13453
0.6274 -0.985469
0.6276 -0.828788
0.6278 -0.665637
0.628 -0.4974
0.6282 -0.325253
0.6284 -0.150655
0.6286 0.025107
0.6288 0.200675
0.629 0.374757
0.6292 0.545876
0.6294 0.712775
0.6296 0.874222
0.6298 1.02885
0.63 1.17558
0.6302 1.31316
0.6304 1.44064
0.6306 1.55693
0.6308 1.66118
0.631 1.75259
0.6312 1.83046
0.6314 1.89419
0.6316 1.94325
0.6318 1.9773
0.632 1.99605
0.6322 1.99937
0.6324 1.98722
0.6326 1.9597
0.6328 1.91704
0.633 1.85956
0.6332 1.7877
0.6334 1.70202
0.6336 1.60314
0.6338 1.49191
0.634 1.36909
0.6342 1.23574
0.6344 1.09277
0.6346 0.941409
0.6348 0.78277
0.635 0.618017
0.6352 0.448547
0.6354 0.275609
0.6356 0.10054
0.6358 -0.0753708
0.636 -0.250634
0.6362 -0.424023
0.6364 -0.59407
0.6366 -0.759524
0.6368 -0.919164
0.637 -1.07164
0.6372 -1.21588
0.6374 -1.35067
0.6376 -1.47501
0.6378 -1.58795
0.638 -1.68865
0.6382 -1.77626
0.6384 -1.85014
0.6386 -1.90973
0.6388 -1.95453
0.639 -1.98423
0.6392 -1.99858
0.6394 -1.99747
0.6396 -1.98092
0.6398 -1.94906
0.64 -1.90213
0.6402 -1.84049
0.6404 -1.76459
0.6406 -1.67508
0.6408 -1.57258
0.641 -1.45795
0.6412 -1.33201
0.6414 -1.19581
0.6416 -1.05032
0.6418 -0.896754
0.642 -0.736257
0.6422 -0.570069
0.6424 -0.399474
0.6426 -0.225726
0.6428 -0.0502966
0.643 0.125587
0.6432 0.300434
0.6434 0.473022
0.6436 0.641889
0.6438 0.805793
0.644 0.963526
0.6442 1.11375
0.6444 1.25536
0.6446 1.38727
0.6448 1.5085
0.645 1.61802
0.6452 1.71503
0.6454 1.79881
0.6456 1.86865
0.6458 1.92406
0.646 1.96457
0.6462 1.9899
0.6464 1.99984
0.6466 1.99432
0.6468 1.97338
0.647 1.93718
0.6472 1.88599
0.6474 1.82023
0.6476 1.74037
0.6478 1.64708
0.648 1.54102
0.6482 1.42308
0.6484 1.29409
0.6486 1.15514
0.6488 1.00726
0.649 0.851591
0.6492 0.689341
0.6494 0.521699
0.6496 0.350086
0.6498 0.1757
0.65 2.09724e-05
0.6502 -0.175724
0.6504 -0.350044
0.6506 -0.521659
0.6508 -0.689302
0.651 -0.851553
0.6512 -1.00722
0.6514 -1.1551
0.6516 -1.2941
0.6518 -1.42305
0.652 -1.54103
0.6522 -1.64706
0.6524 -1.74035
0.6526 -1.82021
0.6528 -1.88597
0.653 -1.93717
0.6532 -1.97337
0.6534 -1.99432
0.6536 -1.99984
0.6538 -1.9899
0.654 -1.96458
0.6542 -1.92407
0.6544 -1.86866
0.6546 -1.79882
0.6548 -1.71505
0.655 -1.61804
0.6552 -1.50848
0.6554 -1.3873
0.6556 -1.2554
0.6558 -1.11378
0.656 -0.963562
0.6562 -0.805832
0.6564 -0.641929
0.6566 -0.472999
0.6568 -0.300475
0.657 -0.125563
0.6572 0.0502547
0.6574 0.225749
0.6576 0.399433
0.6578 0.570029
0.658 0.736219
0.6582 0.896716
0.6584 1.05034
0.6586 1.19578
0.6588 1.33203
0.659 1.45792
0.6592 1.57259
0.6594 1.67506
0.6596 1.76457
0.6598 1.84047
0.66 1.90211
0.6602 1.94905
0.6604 1.98092
0.6606 1.99747
0.6608 1.99858
0.661 1.98424
0.6612 1.95454
0.6614 1.90974
0.6616 1.85015
0.6618 1.77628
0.662 1.68864
0.6622 1.58798
0.6624 1.47504
0.6626 1.3507
0.6628 1.21591
0.663 1.07167
0.6632 0.919202
0.6634 0.759563
0.6636 0.59411
0.6638 0.424
0.664 0.250676
0.6642 0.0753472
0.6644 -0.100499
0.6646 -0.275567
0.6648 -0.448506
0.665 -0.617977
0.6652 -0.782731
0.6654 -0.941372
0.6656 -1.09279
0.6658 -1.2357
0.666 -1.36911
0.6662 -1.49188
0.6664 -1.60312
0.6666 -1.702
0.6668 -1.78768
0.667 -1.85954
0.6672 -1.91703
0.6674 -1.95971
0.6676 -1.98722
0.6678 -1.99937
0.668 -1.99605
0.6682 -1.97731
0.6684 -1.94326
0.6686 -1.8942
0.6688 -1.83047
0.669 -1.75261
0.6692 -1.6612
0.6694 -1.55695
0.6696 -1.44062
0.6698 -1.31319
0.67 -1.17561
0.6702 -1.02889
0.6704 -0.87426
0.6706 -0.712814
0.6708 -0.545916
0.671 -0.374734
0.6712 -0.200717
0.6714 -0.025149
0.6716 0.150614
0.6718 0.325212
0.672 0.497359
0.6722 0.665597
0.6724 0.828749
0.6726 0.985433
0.6728 1.13455
0.673 1.27484
0.6732 1.40533
0.6734 1.52489
0.6736 1.63267
0.6738 1.72783
0.674 1.80963
0.6742 1.87746
0.6744 1.93075
0.6746 1.96913
0.6748 1.99227
0.675 2
0.6752 1.99227
0.6754 1.96913
0.6756 1.93076
0.6758 1.87747
0.676 1.80967
0.6762 1.72787
0.6764 1.63268
0.6766 1.52491
0.6768 1.40529
0.677 1.27486
0.6772 1.13457
0.6774 0.985449
0.6776 0.828766
0.6778 0.665615
0.678 0.497377
0.6782 0.325295
0.6784 0.150697
0.6786 -0.0250651
0.6788 -0.200699
0.679 -0.374716
0.6792 -0.545898
0.6794 -0.712797
0.6796 -0.874244
0.6798 -1.02887
0.68 -1.1756
0.6802 -1.31318
0.6804 -1.44061
0.6806 -1.5569
0.6808 -1.66116
0.681 -1.7526
0.6812 -1.83047
0.6814 -1.8942
0.6816 -1.94326
0.6818 -1.97731
0.682 -1.99605
0.6822 -1.99937
0.6824 -1.98722
0.6826 -1.95971
0.6828 -1.91705
0.683 -1.85957
0.6832 -1.78769
0.6834 -1.70201
0.6836 -1.60313
0.6838 -1.49189
0.684 -1.36912
0.6842 -1.23572
0.6844 -1.09281
0.6846 -0.941388
0.6848 -0.782748
0.685 -0.618057
0.6852 -0.448588
0.6854 -0.275586
0.6856 -0.100517
0.6858 0.0753289
0.686 0.250657
0.6862 0.423983
0.6864 0.594093
0.6866 0.759546
0.6868 0.919185
0.687 1.07166
0.6872 1.21585
0.6874 1.35064
0.6876 1.47498
0.6878 1.58797
0.688 1.68863
0.6882 1.77627
0.6884 1.85014
0.6886 1.90973
0.6888 1.95453
0.689 1.98423
0.6892 1.99858
0.6894 1.99747
0.6896 1.98093
0.6898 1.94907
0.69 1.90212
0.6902 1.84048
0.6904 1.76458
0.6906 1.67507
0.6908 1.57256
0.691 1.45794
0.6912 1.33204
0.6914 1.19579
0.6916 1.05035
0.6918 0.896791
0.692 0.736296
0.6922 0.570047
0.6924 0.399451
0.6926 0.225702
0.6928 0.050273
0.693 -0.125545
0.6932 -0.300457
0.6934 -0.472981
0.6936 -0.641911
0.6938 -0.805815
0.694 -0.963489
0.6942 -1.11371
0.6944 -1.25533
0.6946 -1.38729
0.6948 -1.50847
0.695 -1.61803
0.6952 -1.71504
0.6954 -1.79882
0.6956 -1.86865
0.6958 -1.92406
0.696 -1.96458
0.6962 -1.9899
0.6964 -1.99984
0.6966 -1.99432
0.6968 -1.97337
0.697 -1.93718
0.6972 -1.88598
0.6974 -1.82022
0.6976 -1.74036
0.6978 -1.64707
0.698 -1.54104
0.6982 -1.42306
0.6984 -1.29412
0.6986 -1.15517
0.6988 -1.00729
0.699 -0.85157
0.6992 -0.689319
0.6994 -0.521676
0.6996 -0.350062
0.6998 -0.175742
0.7 2.62155e-06
0.7002 0.175682
0.7004 0.350067
0.7006 0.521681
0.7008 0.689263
0.701 0.851515
0.7012 1.00724
0.7014 1.15512
0.7016 1.29407
0.7018 1.42306
0.702 1.54101
0.7022 1.64707
0.7024 1.74036
0.7026 1.82022
0.7028 1.88598
0.703 1.93716
0.7032 1.97337
0.7034 1.99431
0.7036 1.99984
0.7038 1.98991
0.704 1.96458
0.7042 1.92406
0.7044 1.86865
0.7046 1.79881
0.7048 1.71504
0.705 1.61803
0.7052 1.50851
0.7054 1.38733
0.7056 1.25543
0.7058 1.11376
0.706 0.963542
0.7062 0.80581
0.7064 0.641906
0.7066 0.472976
0.7068 0.300452
0.707 0.125605
0.7072 -0.0502783
0.7074 -0.225708
0.7076 -0.399392
0.7078 -0.569989
0.708 -0.73624
0.7082 -0.896737
0.7084 -1.05036
0.7086 -1.1958
0.7088 -1.332
0.709 -1.45794
0.7092 -1.57257
0.7094 -1.67507
0.7096 -1.76458
0.7098 -1.84046
0.71 -1.9021
0.7102 -1.94905
0.7104 -1.98092
0.7106 -1.99747
0.7108 -1.99858
0.711 -1.98423
0.7112 -1.95453
0.7114 -1.90973
0.7116 -1.85014
0.7118 -1.77627
0.712 -1.68866
0.7122 -1.588
0.7124 -1.47507
0.7126 -1.35068
0.7128 -1.21589
0.713 -1.07165
0.7132 -0.919181
0.7134 -0.759541
0.7136 -0.594088
0.7138 -0.424041
0.714 -0.250652
0.7142 -0.0753891
0.7144 0.100457
0.7146 0.275526
0.7148 0.448529
0.715 0.618
0.7152 0.782753
0.7154 0.941393
0.7156 1.09275
0.7158 1.23572
0.716 1.36908
0.7162 1.4919
0.7164 1.60313
0.7166 1.70198
0.7168 1.78766
0.717 1.85955
0.7172 1.91704
0.7174 1.9597
0.7176 1.98722
0.7178 1.99937
0.718 1.99605
0.7182 1.97731
0.7184 1.94326
0.7186 1.8942
0.7188 1.83049
0.719 1.75263
0.7192 1.66123
0.7194 1.55694
0.7196 1.44065
0.7198 1.31317
0.72 1.17559
0.7202 1.02887
0.7204 0.874239
0.7206 0.712792
0.7208 0.545893
0.721 0.374775
0.7212 0.200759
0.7214 0.0251909
0.7216 -0.150637
0.7218 -0.325235
0.722 -0.497382
0.7222 -0.66562
0.7224 -0.828771
0.7226 -0.985453
0.7228 -1.13452
0.723 -1.27486
0.7232 -1.4053
0.7234 -1.52487
0.7236 -1.63265
0.7238 -1.72784
0.724 -1.80964
0.7242 -1.87747
0.7244 -1.93076
0.7246 -1.96912
0.7248 -1.99227
0.725 -2
0.7252 -1.99227
0.7254 -1.96913
0.7256 -1.93077
0.7258 -1.87748
0.726 -1.80966
0.7262 -1.72786
0.7264 -1.63271
0.7266 -1.52489
0.7268 -1.40532
0.727 -1.27484
0.7272 -1.13455
0.7274 -0.985428
0.7276 -0.828745
0.7278 -0.665654
0.728 -0.497418
0.7282 -0.325336
0.7284 -0.150674
0.7286 0.0250887
0.7288 0.200722
0.729 0.374739
0.7292 0.545921
0.7294 0.712819
0.7296 0.874206
0.7298 1.02889
0.73 1.17556
0.7302 1.31315
0.7304 1.44058
0.7306 1.55692
0.7308 1.66117
0.731 1.75262
0.7312 1.83048
0.7314 1.89418
0.7316 1.94326
0.7318 1.9773
0.732 1.99605
0.7322 1.99937
0.7324 1.98723
0.7326 1.95972
0.7328 1.91705
0.733 1.85956
0.7332 1.78771
0.7334 1.70199
0.7336 1.60315
0.7338 1.49188
0.734 1.36911
0.7342 1.2357
0.7344 1.09279
0.7346 0.941425
0.7348 0.782787
0.735 0.618097
0.7352 0.448565
0.7354 0.275627
0.7356 0.100493
0.7358 -0.0753525
0.736 -0.250681
0.7362 -0.424006
0.7364 -0.594115
0.7366 -0.759568
0.7368 -0.919148
0.737 -1.07162
0.7372 -1.21581
0.7374 -1.35065
0.7376 -1.475
0.7378 -1.58798
0.738 -1.68864
0.7382 -1.77628
0.7384 -1.85015
0.7386 -1.90972
0.7388 -1.95454
0.739 -1.98423
0.7392 -1.99858
0.7394 -1.99748
0.7396 -1.98092
0.7398 -1.94906
0.74 -1.90211
0.7402 -1.84047
0.7404 -1.7646
0.7406 -1.67505
0.7408 -1.57259
0.741 -1.45792
0.7412 -1.33202
0.7414 -1.19583
0.7416 -1.05039
0.7418 -0.89677
0.742 -0.736275
0.7422 -0.570087
0.7424 -0.399428
0.7426 -0.225744
0.7428 -0.0502494
0.743 0.125569
0.7432 0.300481
0.7434 0.473004
0.7436 0.641871
0.7438 0.805776
0.744 0.963452
0.7442 1.11373
0.7444 1.25535
0.7446 1.38731
0.7448 1.50849
0.745 1.61804
0.7452 1.71505
0.7454 1.7988
0.7456 1.86866
0.7458 1.92405
0.746 1.96457
0.7462 1.9899
0.7464 1.99984
0.7466 1.99432
0.7468 1.97337
0.747 1.93717
0.7472 1.88599
0.7474 1.82021
0.7476 1.74038
0.7478 1.64705
0.748 1.54103
0.7482 1.42309
0.7484 1.29415
0.7486 1.15515
0.7488 1.00727
0.749 0.851608
0.7492 0.689297
0.7494 0.521717
0.7496 0.350039
0.7498 0.175718
0.75 -2.62155e-05
0.7502 -0.175705
0.7504 -0.350026
0.7506 -0.521641
0.7508 -0.689223
0.751 -0.851536
0.7512 -1.00721
0.7514 -1.15514
0.7516 -1.29409
0.7518 -1.42308
0.752 -1.54102
0.7522 -1.64708
0.7524 -1.74037
0.7526 -1.82021
0.7528 -1.88597
0.753 -1.93715
0.7532 -1.97337
0.7534 -1.99431
0.7536 -1.99984
0.7538 -1.9899
0.754 -1.96457
0.7542 -1.92406
0.7544 -1.86867
0.7546 -1.7988
0.7548 -1.71506
0.755 -1.61805
0.7552 -1.50854
0.7554 -1.38731
0.7556 -1.25541
0.7558 -1.11374
0.756 -0.963521
0.7562 -0.805848
0.7564 -0.641884
0.7566 -0.473017
0.7568 -0.300429
0.757 -0.125582
0.7572 0.0502363
0.7574 0.225666
0.7576 0.399415
0.7578 0.570012
0.758 0.736201
0.7582 0.896758
0.7584 1.05032
0.7586 1.19582
0.7588 1.33201
0.759 1.45796
0.7592 1.57258
0.7594 1.67505
0.7596 1.76456
0.7598 1.84044
0.76 1.90211
0.7602 1.94904
0.7604 1.98092
0.7606 1.99747
0.7608 1.99858
0.761 1.98423
0.7612 1.95454
0.7614 1.90973
0.7616 1.85016
0.7618 1.77629
0.762 1.68869
0.7622 1.58799
0.7624 1.47505
0.7626 1.35066
0.7628 1.21588
0.763 1.07169
0.7632 0.91916
0.7634 0.75958
0.7636 0.594065
0.7638 0.424018
0.764 0.250694
0.7642 0.075431
0.7644 -0.10048
0.7646 -0.275549
0.7648 -0.448488
0.765 -0.618022
0.7652 -0.782714
0.7654 -0.941414
0.7656 -1.09277
0.7658 -1.23574
0.766 -1.3691
0.7662 -1.49187
0.7664 -1.60311
0.7666 -1.70195
0.7668 -1.78767
0.767 -1.85954
0.7672 -1.91704
0.7674 -1.9597
0.7676 -1.98722
0.7678 -1.99937
0.768 -1.99605
0.7682 -1.9773
0.7684 -1.94327
0.7686 -1.89421
0.7688 -1.83051
0.769 -1.75262
0.7692 -1.66122
0.7694 -1.55692
0.7696 -1.44063
0.7698 -1.31316
0.77 -1.17557
0.7702 -1.0289
0.7704 -0.874218
0.7706 -0.712831
0.7708 -0.545934
0.771 -0.374816
0.7712 -0.200735
0.7714 -0.0251673
0.7716 0.150661
0.7718 0.325258
0.772 0.497342
0.7722 0.665642
0.7724 0.828733
0.7726 0.985474
0.7728 1.13454
0.773 1.27483
0.7732 1.40527
0.7734 1.52488
0.7736 1.63266
0.7738 1.72782
0.774 1.80965
0.7742 1.87746
0.7744 1.93077
0.7746 1.96913
0.7748 1.99227
0.775 2
0.7752 1.99227
0.7754 1.96914
0.7756 1.93078
0.7758 1.87748
0.776 1.80967
0.7762 1.72785
0.7764 1.63269
0.7766 1.52487
0.7768 1.40531
0.777 1.27482
0.7772 1.13453
0.7774 0.985465
0.7776 0.828783
0.7778 0.665694
0.778 0.497395
0.7782 0.325313
0.7784 0.15065
0.7786 -0.0251123
0.7788 -0.200681
0.779 -0.374762
0.7792 -0.545881
0.7794 -0.712841
0.7796 -0.874227
0.7798 -1.02885
0.78 -1.17553
0.7802 -1.31316
0.7804 -1.4406
0.7806 -1.55689
0.7808 -1.66118
0.781 -1.7526
0.7812 -1.83048
0.7814 -1.89419
0.7816 -1.94327
0.7818 -1.9773
0.782 -1.99605
0.7822 -1.99937
0.7824 -1.98723
0.7826 -1.95972
0.7828 -1.91706
0.783 -1.85956
0.7832 -1.7877
0.7834 -1.70198
0.7836 -1.60314
0.7838 -1.49186
0.784 -1.36909
0.7842 -1.23573
0.7844 -1.09282
0.7846 -0.941462
0.7848 -0.782765
0.785 -0.618074
0.7852 -0.448542
0.7854 -0.275604
0.7856 -0.10047
0.7858 0.075376
0.786 0.250639
0.7862 0.424029
0.7864 0.594075
0.7866 0.759529
0.7868 0.919111
0.787 1.07164
0.7872 1.21583
0.7874 1.35067
0.7876 1.47501
0.7878 1.58796
0.788 1.68866
0.7882 1.77626
0.7884 1.85016
0.7886 1.90973
0.7888 1.95453
0.789 1.98422
0.7892 1.99858
0.7894 1.99748
0.7896 1.98093
0.7898 1.94906
0.79 1.90212
0.7902 1.84046
0.7904 1.76459
0.7906 1.67504
0.7908 1.57257
0.791 1.45795
0.7912 1.33205
0.7914 1.19586
0.7916 1.05037
0.7918 0.896808
0.792 0.736253
0.7922 0.570064
0.7924 0.399405
0.7926 0.225721
0.7928 0.0502259
0.793 -0.125592
0.7932 -0.300439
0.7934 -0.472964
0.7936 -0.641832
0.7938 -0.805798
0.794 -0.963473
0.7942 -1.11375
0.7944 -1.25537
0.7946 -1.38728
0.7948 -1.5085
0.795 -1.61802
0.7952 -1.71506
0.7954 -1.79881
0.7956 -1.86865
0.7958 -1.92404
0.796 -1.96457
0.7962 -1.9899
0.7964 -1.99984
0.7966 -1.99432
0.7968 -1.97338
0.797 -1.93717
0.7972 -1.88599
0.7974 -1.8202
0.7976 -1.74037
0.7978 -1.64708
0.798 -1.54106
0.7982 -1.42312
0.7984 -1.29413
0.7986 -1.15519
0.7988 -1.00725
0.799 -0.851586
0.7992 -0.689275
0.7994 -0.521694
0.7996 -0.350016
0.7998 -0.175695
0.8 -6.74113e-06
0.8002 0.0753637
0.8004 0.150627
0.8006 0.225704
0.8008 0.300433
0.801 0.374762
0.8012 0.448531
0.8014 0.521691
0.8016 0.594081
0.8018 0.665628
0.802 0.736255
0.8022 0.805809
0.8024 0.874219
0.8026 0.941387
0.8028 1.00724
0.803 1.07164
0.8032 1.13454
0.8034 1.1958
0.8036 1.25537
0.8038 1.31317
0.804 1.36909
0.8042 1.42308
0.8044 1.47503
0.8046 1.52488
0.8048 1.57256
0.805 1.61803
0.8052 1.66118
0.8054 1.70198
0.8056 1.74037
0.8058 1.77627
0.806 1.80966
0.8062 1.84046
0.8064 1.86866
0.8066 1.8942
0.8068 1.91704
0.807 1.93716
0.8072 1.95453
0.8074 1.96913
0.8076 1.98092
0.8078 1.9899
0.808 1.99605
0.8082 1.99937
0.8084 1.99984
0.8086 1.99747
0.8088 1.99227
0.809 1.98423
0.8092 1.97337
0.8094 1.95972
0.8096 1.94327
0.8098 1.92406
0.81 1.90211
0.8102 1.87747
0.8104 1.85015
0.8106 1.82021
0.8108 1.78769
0.811 1.75261
0.8112 1.71505
0.8114 1.67506
0.8116 1.63269
0.8118 1.58798
0.812 1.54104
0.8122 1.4919
0.8124 1.44062
0.8126 1.38732
0.8128 1.33202
0.813 1.27485
0.8132 1.21585
0.8134 1.15515
0.8136 1.0928
0.8138 1.0289
0.814 0.963533
0.8142 0.896777
0.8144 0.828771
0.8146 0.759561
0.8148 0.689298
0.815 0.618029
0.8152 0.545909
0.8154 0.472985
0.8156 0.399417
0.8158 0.325281
0.816 0.250683
0.8162 0.175729
0.8164 0.100497
0.8166 0.0251509
0.8168 -0.0502595
0.817 -0.12557
0.8172 -0.200731
0.8174 -0.275578
0.8176 -0.350034
0.8178 -0.42402
0.818 -0.497376
0.8182 -0.570025
0.8184 -0.641864
0.8186 -0.712818
0.8188 -0.782733
0.819 -0.851561
0.8192 -0.919153
0.8194 -0.985439
0.8196 -1.05035
0.8198 -1.11374
0.82 -1.17558
0.8202 -1.23572
0.8204 -1.2941
0.8206 -1.35065
0.8208 -1.4053
0.821 -1.45793
0.8212 -1.50849
0.8214 -1.55692
0.8216 -1.60312
0.8218 -1.64707
0.822 -1.68865
0.8222 -1.72785
0.8224 -1.76458
0.8226 -1.79881
0.8228 -1.83047
0.823 -1.85954
0.8232 -1.88598
0.8234 -1.90972
0.8236 -1.93076
0.8238 -1.94905
0.824 -1.96458
0.8242 -1.9773
0.8244 -1.98722
0.8246 -1.99432
0.8248 -1.99858
0.825 -2
0.8252 -1.99858
0.8254 -1.99432
0.8256 -1.98722
0.8258 -1.9773
0.826 -1.96458
0.8262 -1.94905
0.8264 -1.93076
0.8266 -1.90973
0.8268 -1.88598
0.827 -1.85955
0.8272 -1.83049
0.8274 -1.79882
0.8276 -1.76458
0.8278 -1.72785
0.828 -1.68867
0.8282 -1.64707
0.8284 -1.60314
0.8286 -1.55692
0.8288 -1.50851
0.829 -1.45793
0.8292 -1.4053
0.8294 -1.35067
0.8296 -1.29413
0.8298 -1.23574
0.83 -1.17558
0.8302 -1.11377
0.8304 -1.05035
0.8306 -0.985467
0.8308 -0.919156
0.831 -0.851564
0.8312 -0.782736
0.8314 -0.712821
0.8316 -0.641894
0.8318 -0.570055
0.832 -0.497406
0.8322 -0.424023
0.8324 -0.350065
0.8326 -0.275582
0.8328 -0.200734
0.833 -0.125574
0.8332 -0.0502629
0.8334 0.0251194
0.8336 0.100494
0.8338 0.175698
0.834 0.250652
0.8342 0.32525
0.8344 0.399414
0.8346 0.472982
0.8348 0.545906
0.835 0.618026
0.8352 0.689269
0.8354 0.759558
0.8356 0.828742
0.8358 0.896774
0.836 0.963506
0.8362 1.02887
0.8364 1.09277
0.8366 1.15514
0.8368 1.21585
0.837 1.27483
0.8372 1.33202
0.8374 1.3873
0.8376 1.44062
0.8378 1.49188
0.838 1.54103
0.8382 1.58798
0.8384 1.63267
0.8386 1.67505
0.8388 1.71504
0.839 1.75261
0.8392 1.78767
0.8394 1.82021
0.8396 1.85015
0.8398 1.87747
0.84 1.90211
0.8402 1.92406
0.8404 1.94326
0.8406 1.95971
0.8408 1.97337
0.841 1.98423
0.8412 1.99227
0.8414 1.99747
0.8416 1.99984
0.8418 1.99937
0.842 1.99605
0.8422 1.9899
0.8424 1.98092
0.8426 1.96913
0.8428 1.95454
0.843 1.93717
0.8432 1.91705
0.8434 1.8942
0.8436 1.86866
0.8438 1.84046
0.844 1.80966
0.8442 1.77628
0.8444 1.74037
0.8446 1.70199
0.8448 1.66119
0.845 1.61803
0.8452 1.57258
0.8454 1.5249
0.8456 1.47505
0.8458 1.42308
0.846 1.36911
0.8462 1.31317
0.8464 1.25539
0.8466 1.19581
0.8468 1.13454
0.847 1.07164
0.8472 1.00724
0.8474 0.941415
0.8476 0.874247
0.8478 0.805838
0.848 0.736258
0.8482 0.665657
0.8484 0.594084
0.8486 0.521694
0.8488 0.448535
0.849 0.374766
0.8492 0.300464
0.8494 0.225708
0.8496 0.150658
0.8498 0.0753951
0.85 2.47175e-05
0.8502 -0.0753738
0.8504 -0.150637
0.8506 -0.225714
0.8508 -0.300443
0.851 -0.374745
0.8512 -0.448541
0.8514 -0.521673
0.8516 -0.594091
0.8518 -0.665637
0.852 -0.736238
0.8522 -0.805793
0.8524 -0.874228
0.8526 -0.941396
0.8528 -1.00723
0.853 -1.07165
0.8532 -1.13453
0.8534 -1.19581
0.8536 -1.25538
0.8538 -1.31318
0.854 -1.36909
0.8542 -1.42306
0.8544 -1.47501
0.8546 -1.52487
0.8548 -1.57257
0.855 -1.61802
0.8552 -1.66119
0.8554 -1.70198
0.8556 -1.74037
0.8558 -1.77627
0.856 -1.80966
0.8562 -1.84047
0.8564 -1.86866
0.8566 -1.89419
0.8568 -1.91704
0.857 -1.93716
0.8572 -1.95453
0.8574 -1.96913
0.8576 -1.98092
0.8578 -1.9899
0.858 -1.99605
0.8582 -1.99937
0.8584 -1.99984
0.8586 -1.99747
0.8588 -1.99227
0.859 -1.98423
0.8592 -1.97337
0.8594 -1.95971
0.8596 -1.94326
0.8598 -1.92406
0.86 -1.90212
0.8602 -1.87747
0.8604 -1.85016
0.8606 -1.82021
0.8608 -1.78768
0.861 -1.75262
0.8612 -1.71506
0.8614 -1.67507
0.8616 -1.63269
0.8618 -1.58799
0.862 -1.54103
0.8622 -1.49189
0.8624 -1.44062
0.8626 -1.38731
0.8628 -1.33201
0.863 -1.27485
0.8632 -1.21587
0.8634 -1.15516
0.8636 -1.09281
0.8638 -1.02889
0.864 -0.963525
0.8642 -0.896768
0.8644 -0.828762
0.8646 -0.759552
0.8648 -0.689289
0.865 -0.618047
0.8652 -0.545899
0.8654 -0.473003
0.8656 -0.399435
0.8658 -0.325299
0.866 -0.250673
0.8662 -0.175719
0.8664 -0.100487
0.8666 -0.0251407
0.8668 0.0502416
0.867 0.125581
0.8672 0.200713
0.8674 0.275588
0.8676 0.350044
0.8678 0.424002
0.868 0.497358
0.8682 0.570035
0.8684 0.641874
0.8686 0.712801
0.8688 0.782742
0.869 0.851544
0.8692 0.919162
0.8694 0.985448
0.8696 1.05036
0.8698 1.11375
0.87 1.17556
0.8702 1.2357
0.8704 1.29409
0.8706 1.35066
0.8708 1.40528
0.871 1.45794
0.8712 1.50849
0.8714 1.55693
0.8716 1.60313
0.8718 1.64707
0.872 1.68866
0.8722 1.72784
0.8724 1.76457
0.8726 1.7988
0.8728 1.83048
0.873 1.85955
0.8732 1.88598
0.8734 1.90973
0.8736 1.93077
0.8738 1.94905
0.874 1.96457
0.8742 1.9773
0.8744 1.98722
0.8746 1.99432
0.8748 1.99858
0.875 2
0.8752 1.99858
0.8754 1.99432
0.8756 1.98722
0.8758 1.97731
0.876 1.96457
0.8762 1.94906
0.8764 1.93076
0.8766 1.90973
0.8768 1.88598
0.877 1.85956
0.8772 1.83048
0.8774 1.79882
0.8776 1.76459
0.8778 1.72785
0.878 1.68866
0.8782 1.64706
0.8784 1.60314
0.8786 1.55692
0.8788 1.5085
0.879 1.45794
0.8792 1.40531
0.8794 1.35069
0.8796 1.29412
0.8798 1.23573
0.88 1.17557
0.8802 1.11376
0.8804 1.05034
0.8806 0.985458
0.8808 0.919172
0.881 0.851554
0.8812 0.782752
0.8814 0.712838
0.8816 0.641911
0.8818 0.570045
0.882 0.497396
0.8822 0.424013
0.8824 0.350055
0.8826 0.275599
0.8828 0.200724
0.883 0.125592
0.8832 0.0502528
0.8834 -0.0251295
0.8836 -0.100476
0.8838 -0.17568
0.884 -0.250662
0.8842 -0.32526
0.8844 -0.399396
0.8846 -0.472992
0.8848 -0.545888
0.885 -0.618036
0.8852 -0.689278
0.8854 -0.759568
0.8856 -0.828751
0.8858 -0.896758
0.886 -0.96349
0.8862 -1.02885
0.8864 -1.09278
0.8866 -1.15513
0.8868 -1.21586
0.887 -1.27484
0.8872 -1.33203
0.8874 -1.3873
0.8876 -1.44063
0.8878 -1.49188
0.888 -1.54102
0.8882 -1.58797
0.8884 -1.63266
0.8886 -1.67505
0.8888 -1.71504
0.889 -1.75261
0.8892 -1.78768
0.8894 -1.82022
0.8896 -1.85015
0.8898 -1.87746
0.89 -1.90211
0.8902 -1.92405
0.8904 -1.94326
0.8906 -1.95971
0.8908 -1.97337
0.891 -1.98423
0.8912 -1.99227
0.8914 -1.99747
0.8916 -1.99984
0.8918 -1.99937
0.892 -1.99605
0.8922 -1.9899
0.8924 -1.98092
0.8926 -1.96913
0.8928 -1.95454
0.893 -1.93717
0.8932 -1.91705
0.8934 -1.8942
0.8936 -1.86866
0.8938 -1.84047
0.894 -1.80965
0.8942 -1.77628
0.8944 -1.74036
0.8946 -1.70199
0.8948 -1.6612
0.895 -1.61804
0.8952 -1.57259
0.8954 -1.52489
0.8956 -1.47504
0.8958 -1.42307
0.896 -1.3691
0.8962 -1.31317
0.8964 -1.25539
0.8966 -1.19582
0.8968 -1.13453
0.897 -1.07166
0.8972 -1.00726
0.8974 -0.94143
0.8976 -0.874238
0.8978 -0.805829
0.898 -0.736248
0.8982 -0.665648
0.8984 -0.594101
0.8986 -0.521684
0.8988 -0.448552
0.899 -0.374756
0.8992 -0.300454
0.8994 -0.225726
0.8996 -0.150676
0.8998 -0.075385
0.9 -3.40801e-05
0.9002 0.175645
0.9004 0.350031
0.9006 0.521646
0.9008 0.68929
0.901 0.851541
0.9012 1.00727
0.9014 1.15515
0.9016 1.29409
0.9018 1.42304
0.902 1.54098
0.9022 1.64705
0.9024 1.74034
0.9026 1.82021
0.9028 1.88597
0.903 1.93717
0.9032 1.97337
0.9034 1.99432
0.9036 1.99984
0.9038 1.9899
0.904 1.96458
0.9042 1.92407
0.9044 1.86867
0.9046 1.79883
0.9048 1.71505
0.905 1.61805
0.9052 1.50849
0.9054 1.38731
0.9056 1.25541
0.9058 1.11374
0.906 0.963516
0.9062 0.805844
0.9064 0.641941
0.9066 0.473012
0.9068 0.300488
0.907 0.125576
0.9072 -0.0502416
0.9074 -0.225671
0.9076 -0.39942
0.9078 -0.570017
0.908 -0.736267
0.9082 -0.896763
0.9084 -1.05033
0.9086 -1.19577
0.9088 -1.33202
0.909 -1.45792
0.9092 -1.57254
0.9094 -1.67505
0.9096 -1.76457
0.9098 -1.84047
0.91 -1.90211
0.9102 -1.94906
0.9104 -1.98092
0.9106 -1.99747
0.9108 -1.99858
0.911 -1.98424
0.9112 -1.95454
0.9114 -1.90974
0.9116 -1.85016
0.9118 -1.77629
0.912 -1.68865
0.9122 -1.58799
0.9124 -1.47505
0.9126 -1.35066
0.9128 -1.21587
0.913 -1.07168
0.9132 -0.919213
0.9134 -0.759575
0.9136 -0.594123
0.9138 -0.424013
0.914 -0.250689
0.9142 -0.0754258
0.9144 0.100485
0.9146 0.275554
0.9148 0.448557
0.915 0.618027
0.9152 0.782719
0.9154 0.94136
0.9156 1.09278
0.9158 1.23569
0.916 1.36905
0.9162 1.49187
0.9164 1.60311
0.9166 1.70199
0.9168 1.78767
0.917 1.85956
0.9172 1.91704
0.9174 1.95971
0.9176 1.98722
0.9178 1.99937
0.918 1.99606
0.9182 1.97731
0.9184 1.94327
0.9186 1.89421
0.9188 1.83048
0.919 1.75262
0.9192 1.66118
0.9194 1.55692
0.9196 1.44063
0.9198 1.3132
0.92 1.17562
0.9202 1.0289
0.9204 0.874272
0.9206 0.712826
0.9208 0.545929
0.921 0.374746
0.9212 0.20073
0.9214 0.0251621
0.9216 -0.150666
0.9218 -0.325264
0.922 -0.497347
0.9222 -0.665585
0.9224 -0.828737
0.9226 -0.985421
0.9228 -1.13454
0.923 -1.27483
0.9232 -1.40527
0.9234 -1.52488
0.9236 -1.63266
0.9238 -1.72786
0.924 -1.80965
0.9242 -1.87746
0.9244 -1.93075
0.9246 -1.96913
0.9248 -1.99226
0.925 -2
0.9252 -1.99227
0.9254 -1.96913
0.9256 -1.93076
0.9258 -1.87747
0.926 -1.80964
0.9262 -1.72785
0.9264 -1.63269
0.9266 -1.52491
0.9268 -1.40535
0.927 -1.27487
0.9272 -1.13458
0.9274 -0.98546
0.9276 -0.828778
0.9278 -0.665627
0.928 -0.49739
0.9282 -0.325307
0.9284 -0.150645
0.9286 0.0251175
0.9288 0.200686
0.929 0.374703
0.9292 0.545886
0.9294 0.712785
0.9296 0.874232
0.9298 1.02886
0.93 1.17553
0.9302 1.31317
0.9304 1.4406
0.9306 1.55693
0.9308 1.66119
0.931 1.7526
0.9312 1.83046
0.9314 1.89419
0.9316 1.94326
0.9318 1.97729
0.932 1.99605
0.9322 1.99937
0.9324 1.98722
0.9326 1.95971
0.9328 1.91704
0.933 1.85955
0.9332 1.78769
0.9334 1.70201
0.9336 1.60318
0.9338 1.4919
0.934 1.36913
0.9342 1.23573
0.9344 1.09282
0.9346 0.9414
0.9348 0.78276
0.935 0.618007
0.9352 0.448537
0.9354 0.275599
0.9356 0.10053
0.9358 -0.0753158
0.936 -0.250644
0.9362 -0.42397
0.9364 -0.59408
0.9366 -0.759534
0.9368 -0.919174
0.937 -1.07165
0.9372 -1.21584
0.9374 -1.35067
0.9376 -1.47502
0.9378 -1.58796
0.938 -1.68862
0.9382 -1.77627
0.9384 -1.85014
0.9386 -1.90973
0.9388 -1.95453
0.939 -1.98422
0.9392 -1.99858
0.9394 -1.99748
0.9396 -1.98092
0.9398 -1.94905
0.94 -1.90212
0.9402 -1.84048
0.9404 -1.76459
0.9406 -1.67507
0.9408 -1.57261
0.941 -1.45795
0.9412 -1.33205
0.9414 -1.19581
0.9416 -1.05036
0.9418 -0.896744
0.942 -0.736248
0.9422 -0.570059
0.9424 -0.399464
0.9426 -0.225781
0.9428 -0.0502861
0.943 0.125532
0.9432 0.300444
0.9434 0.472969
0.9436 0.641899
0.9438 0.805803
0.944 0.963535
0.9442 1.11376
0.9444 1.25537
0.9446 1.38728
0.9448 1.50846
0.945 1.61802
0.9452 1.71503
0.9454 1.79881
0.9456 1.86865
0.9458 1.92404
0.946 1.96457
0.9462 1.9899
0.9464 1.99984
0.9466 1.99432
0.9468 1.97338
0.947 1.93718
0.9472 1.88599
0.9474 1.82023
0.9476 1.7404
0.9478 1.64707
0.948 1.54105
0.9482 1.42307
0.9484 1.29413
0.9486 1.15513
0.9488 1.00725
0.949 0.851582
0.9492 0.689331
0.9494 0.521752
0.9496 0.350075
0.9498 0.175755
0.95 1.04862e-05
0.9502 -0.175669
0.9504 -0.350055
0.9506 -0.521669
0.9508 -0.689312
0.951 -0.851563
0.9512 -1.00723
0.9514 -1.15511
0.9516 -1.29406
0.9518 -1.42306
0.952 -1.541
0.9522 -1.64706
0.9524 -1.74035
0.9526 -1.82022
0.9528 -1.88598
0.953 -1.93716
0.9532 -1.97337
0.9534 -1.99432
0.9536 -1.99984
0.9538 -1.98991
0.954 -1.96458
0.9542 -1.92407
0.9544 -1.86866
0.9546 -1.79882
0.9548 -1.71508
0.955 -1.61803
0.9552 -1.50852
0.9554 -1.38729
0.9556 -1.25539
0.9558 -1.11378
0.956 -0.963553
0.9562 -0.805822
0.9564 -0.641919
0.9566 -0.473053
0.9568 -0.300465
0.957 -0.125618
0.9572 0.0502652
0.9574 0.225695
0.9576 0.399444
0.9578 0.570039
0.958 0.736228
0.9582 0.896726
0.9584 1.05029
0.9586 1.19579
0.9588 1.33199
0.959 1.45793
0.9592 1.57256
0.9594 1.67506
0.9596 1.76458
0.9598 1.84048
0.96 1.90212
0.9602 1.94905
0.9604 1.98092
0.9606 1.99747
0.9608 1.99858
0.961 1.98423
0.9612 1.95454
0.9614 1.90974
0.9616 1.85017
0.9618 1.77628
0.962 1.68867
0.9622 1.58797
0.9624 1.47503
0.9626 1.35069
0.9628 1.2159
0.963 1.07167
0.9632 0.919192
0.9634 0.759614
0.9636 0.5941
0.9638 0.424054
0.964 0.250665
0.9642 0.0754022
0.9644 -0.100509
0.9646 -0.275578
0.9648 -0.448516
0.965 -0.617987
0.9652 -0.782681
0.9654 -0.941381
0.9656 -1.09274
0.9658 -1.23571
0.966 -1.36907
0.9662 -1.49189
0.9664 -1.60312
0.9666 -1.702
0.9668 -1.78768
0.967 -1.85955
0.9672 -1.91703
0.9674 -1.9597
0.9676 -1.98722
0.9678 -1.99937
0.968 -1.99605
0.9682 -1.97731
0.9684 -1.94326
0.9686 -1.8942
0.9688 -1.8305
0.969 -1.75261
0.9692 -1.6612
0.9694 -1.55695
0.9696 -1.44066
0.9698 -1.31318
0.97 -1.1756
0.9702 -1.02888
0.9704 -0.874251
0.9706 -0.712865
0.9708 -0.545906
0.971 -0.374788
0.9712 -0.200707
0.9714 -0.0251385
0.9716 0.150624
0.9718 0.325222
0.972 0.49737
0.9722 0.665607
0.9724 0.828699
0.9726 0.985442
0.9728 1.13451
0.973 1.27485
0.9732 1.40529
0.9734 1.5249
0.9736 1.63268
0.9738 1.72784
0.974 1.80963
0.9742 1.87744
0.9744 1.93076
0.9746 1.96912
0.9748 1.99227
0.975 2
0.9752 1.99227
0.9754 1.96913
0.9756 1.93076
0.9758 1.87747
0.976 1.80966
0.9762 1.72787
0.9764 1.63271
0.9766 1.5249
0.9768 1.40533
0.977 1.27485
0.9772 1.13456
0.9774 0.98544
0.9776 0.828757
0.9778 0.665667
0.978 0.497367
0.9782 0.325284
0.9784 0.150687
0.9786 -0.0250756
0.9788 -0.200709
0.979 -0.374726
0.9792 -0.545846
0.9794 -0.712807
0.9796 -0.874194
0.9798 -1.02888
0.98 -1.17555
0.9802 -1.31319
0.9804 -1.44062
0.9806 -1.55691
0.9808 -1.66116
0.981 -1.75258
0.9812 -1.83047
0.9814 -1.89418
0.9816 -1.94326
0.9818 -1.9773
0.982 -1.99605
0.9822 -1.99937
0.9824 -1.98722
0.9826 -1.95971
0.9828 -1.91705
0.983 -1.85957
0.9832 -1.78771
0.9834 -1.702
0.9836 -1.60316
0.9838 -1.49189
0.984 -1.36911
0.9842 -1.23571
0.9844 -1.0928
0.9846 -0.941437
0.9848 -0.782739
0.985 -0.618047
0.9852 -0.448577
0.9854 -0.27564
0.9856 -0.100506
0.9858 0.0753394
0.986 0.250668
0.9862 0.423993
0.9864 0.59404
0.9866 0.759556
0.9868 0.919136
0.987 1.07167
0.9872 1.21586
0.9874 1.35064
0.9876 1.47499
0.9878 1.58797
0.988 1.68864
0.9882 1.77625
0.9884 1.85015
0.9886 1.90972
0.9888 1.95454
0.989 1.98423
0.9892 1.99858
0.9894 1.99747
0.9896 1.98093
0.9898 1.94906
0.99 1.90213
0.9902 1.84047
0.9904 1.76461
0.9906 1.67506
0.9908 1.5726
0.991 1.45793
0.9912 1.33203
0.9914 1.19579
0.9916 1.05034
0.9918 0.896782
0.992 0.736287
0.9922 0.5701
0.9924 0.399441
0.9926 0.225757
0.9928 0.0502625
0.993 -0.125556
0.9932 -0.300468
0.9934 -0.472992
0.9936 -0.641859
0.9938 -0.805824
0.994 -0.963498
0.9942 -1.11372
0.9944 -1.25534
0.9946 -1.3873
0.9948 -1.50848
0.995 -1.618
0.9952 -1.71504
0.9954 -1.79879
0.9956 -1.86866
0.9958 -1.92405
0.996 -1.96458
0.9962 -1.9899
0.9964 -1.99984
0.9966 -1.99432
0.9968 -1.97338
0.997 -1.93717
0.9972 -1.886
0.9974 -1.82022
0.9976 -1.74039
0.9978 -1.64706
0.998 -1.54104
0.9982 -1.42305
0.9984 -1.29411
0.9986 -1.15516
0.9988 -1.00728
0.999 -0.851619
0.9992 -0.689309
0.9994 -0.52173
0.9996 -0.350052
0.9998 -0.175731
