0 -3.63909
0.025 -5.61919
0.05 2.98421
0.075 0.817009
0.1 4.75147
0.125 5.77663
0.15 3.23284
0.175 9.29411
0.2 3.20026
0.225 5.7864
0.25 4.72289
0.275 0.787594
0.3 2.97312
0.325 -5.74532
0.35 -3.79561
0.375 -22.2342
0.4 -3.8484
0.425 -5.67908
0.45 2.98154
0.475 0.801575
0.5 4.73175
0.525 5.79774
0.55 3.23157
0.575 9.3049
0.6 3.22631
0.625 5.80117
0.65 4.74343
0.675 0.813526
0.7 2.99686
0.725 -5.70269
0.75 -3.75417
0.775 -23.5587
0.8 -3.77952
0.825 -5.63866
0.85 3.00261
0.875 0.833359
0.9 4.76282
0.925 5.82233
0.95 3.25461
0.975 9.3328
1 3.25821
1.025 5.83161
1.05 4.77488
1.075 0.849417
1.1 3.02645
1.125 -5.64163
1.15 -3.72043
1.175 -26.3627
1.2 -3.74984
1.225 -5.60043
1.25 3.04489
1.275 0.874346
1.3 4.80041
1.325 5.86352
1.35 3.2984
1.375 9.37382
1.4 3.29971
1.425 5.87566
1.45 4.81969
1.475 0.893593
1.5 3.07414
1.525 -5.58625
1.55 -3.68989
1.575 -24.5204
1.6 -3.7011
1.625 -5.57457
1.65 3.08616
1.675 0.934048
1.7 4.85252
1.725 5.91882
1.75 3.35082
1.775 9.4283
1.8 3.3454
1.825 5.93597
1.85 4.88119
1.875 0.995247
1.9 3.11755
1.925 -5.67667
1.95 -3.60518
1.975 -21.8834
2 -3.5741
2.025 -5.5551
2.05 3.16622
2.075 0.989439
2.1 4.92103
2.125 5.98877
2.15 3.41618
2.175 9.49762
2.2 3.41836
2.225 5.99451
2.25 4.95408
2.275 1.01448
2.3 3.21819
2.325 -5.45061
2.35 -3.51963
2.375 -16.6852
2.4 -3.36614
2.425 -5.18265
2.45 3.24161
2.475 1.06107
2.5 5.01006
2.525 6.07124
2.55 3.52775
2.575 9.59599
2.6 3.54106
2.625 6.10658
2.65 5.03613
2.675 1.11581
2.7 3.30172
2.725 -5.39285
2.75 -3.46307
2.775 -23.9195
2.8 -3.44648
2.825 -5.30931
2.85 3.33973
2.875 1.16338
2.9 5.1033
2.925 6.17144
2.95 3.61074
2.975 9.69193
3 3.62916
3.025 6.2038
3.05 5.14121
3.075 1.22025
3.1 3.40256
3.125 -5.23511
3.15 -3.34522
3.175 -25.5179
3.2 -3.31527
3.225 -5.14855
3.25 3.44333
3.275 1.27962
3.3 5.21857
3.325 6.28506
3.35 3.73104
3.375 9.80917
3.4 3.74489
3.425 6.31762
3.45 5.26509
3.475 1.34527
3.5 3.52647
3.525 -5.14055
3.55 -3.21202
3.575 -25.7023
3.6 -3.20637
3.625 -5.09264
3.65 3.58001
3.675 1.41083
3.7 5.35003
3.725 6.4178
3.75 3.86323
3.775 9.94277
3.8 3.88065
3.825 6.45446
3.85 5.4021
3.875 1.48353
3.9 3.66699
3.925 -4.9909
3.95 -3.07839
3.975 -26.492
4 -3.05379
4.025 -4.94814
4.05 3.72438
4.075 1.5607
4.1 5.49766
4.125 6.56823
4.15 4.01119
4.175 10.0935
4.2 4.03034
4.225 6.60852
4.25 5.55604
4.275 1.63711
4.3 3.82393
4.325 -4.86294
4.35 -2.91595
4.375 -25.1697
4.4 -2.88188
4.425 -4.77565
4.45 3.89121
4.475 1.72121
4.5 5.66592
4.525 6.73498
4.55 4.18087
4.575 10.2626
4.6 4.20069
4.625 6.78178
4.65 5.73145
4.675 1.8154
4.7 4.00429
4.725 -4.65724
4.75 -2.74156
4.775 -27.0862
4.8 -2.7065
4.825 -4.60583
4.85 4.06903
4.875 1.90751
4.9 5.84931
4.925 6.92373
4.95 4.36704
4.975 10.4512
5 4.38829
5.025 6.97359
5.05 5.92167
5.075 2.00599
5.1 4.19769
5.125 -4.4625
5.15 -2.54639
5.175 -30.0805
5.2 -2.51738
5.225 -4.41117
5.25 4.27815
5.275 2.11045
5.3 6.05563
5.325 7.13025
5.35 4.5747
5.375 10.6619
5.4 4.60169
5.425 7.1833
5.45 6.13749
5.475 2.22477
5.5 4.41189
5.525 -4.23244
5.55 -2.32257
5.575 -31.7926
5.6 -2.29996
5.625 -4.17958
5.65 4.50231
5.675 2.33406
5.7 6.2828
5.725 7.35878
5.75 4.80841
5.775 10.8948
5.8 4.83745
5.825 7.42143
5.85 6.37364
5.875 2.46243
5.9 4.65515
5.925 -4.00368
5.95 -2.08134
5.975 -24.2929
6 -2.04955
6.025 -3.93412
6.05 4.75016
6.075 2.57576
6.1 6.53481
6.125 7.61596
6.15 5.06311
6.175 11.1519
6.2 5.09393
6.225 7.68177
6.25 6.63344
6.275 2.74612
6.3 4.90679
6.325 -3.66043
6.35 -1.83518
6.375 -26.5996
6.4 -1.80407
6.425 -3.68995
6.45 5.02668
6.475 2.8795
6.5 6.8147
6.525 7.89186
6.55 5.34354
6.575 11.4367
6.6 5.38457
6.625 7.96792
6.65 6.92705
6.675 3.01811
6.7 5.21295
6.725 -3.41671
6.75 -1.50928
6.775 -26.7556
6.8 -1.4787
6.825 -3.36388
6.85 5.3311
6.875 3.17874
6.9 7.12104
6.925 8.20354
6.95 5.65996
6.975 11.7507
7 5.70022
7.025 8.28758
7.05 7.24783
7.075 3.3379
7.1 5.53961
7.125 -3.11394
7.15 -1.18451
7.175 -29.0775
7.2 -1.13859
7.225 -3.0214
7.25 5.66842
7.275 3.51397
7.3 7.46492
7.325 8.54763
7.35 6.0036
7.375 12.0995
7.4 6.04919
7.425 8.6416
7.45 7.60176
7.475 3.69982
7.5 5.89815
7.525 -2.74618
7.55 -0.824327
7.575 -25.5385
7.6 -0.782087
7.625 -2.65294
7.65 6.04442
7.675 3.89265
7.7 7.84498
7.725 8.93101
7.75 6.38984
7.775 12.4876
7.8 6.43971
7.825 9.03322
7.85 7.99857
7.875 4.0977
7.9 6.29963
7.925 -2.34213
7.95 -0.411774
7.975 -30.8469
8 -0.359392
8.025 -2.23405
8.05 6.46142
8.075 4.31476
8.1 8.26925
8.125 9.35839
8.15 6.82061
8.175 12.9213
8.2 6.87748
8.225 9.47418
8.25 8.44016
8.275 4.54365
8.3 6.74888
8.325 -1.88675
8.35 0.0446777
8.375 -35.0799
8.4 0.107328
8.425 -1.76468
8.45 6.93214
8.475 4.78602
8.5 8.74633
8.525 9.83886
8.55 7.30421
8.575 13.4091
8.6 7.36805
8.625 9.96955
8.65 8.94037
8.675 5.04603
8.7 7.25608
8.725 -1.36938
8.75 0.561756
8.775 -29.5001
8.8 0.61857
8.825 -1.24664
8.85 7.46493
8.875 5.32192
8.9 9.28758
8.925 10.3835
8.95 7.85357
8.975 13.9635
9 7.92773
9.025 10.5331
9.05 9.50946
9.075 5.62078
9.1 7.83475
9.125 -0.798731
9.15 1.14569
9.175 -28.9169
9.2 1.22355
9.225 -0.634077
9.25 8.07398
9.275 5.93861
9.3 9.90915
9.325 11.0109
9.35 8.48656
9.375 14.6019
9.4 8.57077
9.425 11.1837
9.45 10.1661
9.475 6.28414
9.5 8.50396
9.525 -0.118195
9.55 1.82783
9.575 -23.6212
9.6 1.9168
9.625 0.0628643
9.65 8.78123
9.675 6.65886
9.7 10.6324
9.725 11.7436
9.75 9.22819
9.775 15.3505
9.8 9.32927
9.825 11.9476
9.85 10.9394
9.875 7.068
9.9 9.29436
9.925 0.678797
9.95 2.63404
9.975 -27.2719
10 2.74483
10.025 0.902117
10.05 9.63093
10.075 7.514
10.1 11.5007
10.125 12.6226
10.15 10.117
10.175 16.2509
10.2 10.2406
10.225 12.8721
10.25 11.8746
10.275 8.01485
10.3 10.255
10.325 1.65882
10.35 3.62912
10.375 -30.4157
10.4 3.76144
10.425 1.9408
10.45 10.6751
10.475 8.57269
10.5 12.5769
10.525 13.7137
10.55 11.225
10.575 17.3776
10.6 11.3853
10.625 14.0348
10.65 13.0568
10.675 9.21441
10.7 11.4775
10.725 2.89167
10.75 4.88719
10.775 -26.0295
10.8 5.07556
10.825 3.26447
10.85 12.0367
10.875 9.9588
10.9 13.9898
10.925 15.1569
10.95 12.6977
10.975 18.8797
11 12.9203
11.025 15.6029
11.05 14.6598
11.075 10.8568
11.1 13.154
11.125 4.62196
11.15 6.65761
11.175 -18.548
11.2 6.92043
11.225 5.16451
11.25 13.9894
11.275 11.9682
11.3 16.0578
11.325 17.2842
11.35 14.8919
11.375 21.1449
11.4 15.2594
11.425 18.0231
11.45 17.1676
11.475 13.4547
11.5 15.8577
11.525 7.42309
11.55 9.58016
11.575 -26.6933
11.6 10.1283
11.625 8.53045
11.65 17.5249
11.675 15.699
11.7 20.0085
11.725 21.4868
11.75 19.3817
11.775 25.9689
11.8 20.479
11.825 23.7198
11.85 23.4537
11.875 20.4989
11.9 23.9285
11.925 17.0219
11.95 21.9395
11.975 30.5115
12 21.9453
12.025 17.0364
12.05 23.9502
12.075 20.5275
12.1 23.4906
12.125 23.7635
12.15 20.5318
12.175 26.0278
12.2 19.4468
12.225 21.561
12.25 20.0895
12.275 15.788
12.3 17.6212
12.325 8.63117
12.35 10.2399
12.375 -26.3393
12.4 9.70316
12.425 7.55614
12.45 15.9971
12.475 13.6012
12.5 17.322
12.525 18.185
12.55 15.4301
12.575 21.3216
12.6 15.0752
12.625 17.4769
12.65 16.256
12.675 12.1744
12.7 14.2037
12.725 5.38856
12.75 7.15481
12.775 -27.8666
12.8 6.89132
12.825 4.86188
12.85 13.4131
12.875 11.1182
12.9 14.932
12.925 15.8818
12.95 13.2073
12.975 19.1742
13 12.998
13.025 15.4659
13.05 14.3074
13.075 10.2838
13.1 12.3686
13.125 3.60596
13.15 5.42112
13.175 -28.5903
13.2 5.25133
13.225 3.26825
13.25 11.8533
13.275 9.59684
13.3 13.4477
13.325 14.4323
13.35 11.7916
13.375 17.7903
13.4 11.645
13.425 14.142
13.45 13.0124
13.475 9.01595
13.5 11.1268
13.525 2.39077
13.55 4.23295
13.575 -21.9159
13.6 4.10868
13.625 2.14558
13.65 10.7491
13.675 8.51592
13.7 12.3859
13.725 13.3875
13.75 10.7683
13.775 16.7832
13.8 10.6545
13.825 13.1678
13.85 12.0572
13.875 8.06673
13.9 10.2055
13.925 1.46056
13.95 3.33169
13.975 -24.5335
14 3.24028
14.025 1.31613
14.05 9.91403
14.075 7.67269
14.1 11.5624
14.125 12.5846
14.15 9.97187
14.175 16.0015
14.2 9.88767
14.225 12.4114
14.25 11.3045
14.275 7.34276
14.3 9.4701
14.325 0.771677
14.35 2.62384
14.375 -26.5103
14.4 2.542
14.425 0.603884
14.45 9.23803
14.475 7.02023
14.5 10.9127
14.525 11.9383
14.55 9.33678
14.575 15.3724
14.6 9.26437
14.625 11.7973
14.65 10.6998
14.675 6.73979
14.7 8.87943
14.725 0.174904
14.75 2.0408
14.775 -27.5611
14.8 1.97749
14.825 0.0441017
14.85 8.68797
14.875 6.47884
14.9 10.3766
14.925 11.4082
14.95 8.81125
14.975 14.8544
15 8.75289
15.025 11.2916
15.05 10.1982
15.075 6.24534
15.1 8.39214
15.125 -0.309528
15.15 1.56255
15.175 -25.4061
15.2 1.50435
15.225 -0.43626
15.25 8.22943
15.275 6.02705
15.3 9.92842
15.325 10.9666
15.35 8.37683
15.375 14.4209
15.4 8.32326
15.425 10.8666
15.45 9.78059
15.475 5.83054
15.5 7.98097
15.525 -0.70578
15.55 1.15225
15.575 -25.0449
15.6 1.1054
15.625 -0.81764
15.65 7.84632
15.675 5.64073
15.7 9.55026
15.725 10.5919
15.75 8.00284
15.775 14.0549
15.8 7.95845
15.825 10.511
15.85 9.42432
15.875 5.48018
15.9 7.63874
15.925 -1.0705
15.95 0.841633
15.975 -23.5129
16 0.790249
16.025 -1.12091
16.05 7.51865
16.075 5.32253
16.1 9.2316
16.125 10.2749
16.15 7.68987
16.175 13.745
16.2 7.65382
16.225 10.203
16.25 9.12328
16.275 5.17786
16.3 7.33527
16.325 -1.33143
16.35 0.547569
16.375 -21.2929
16.4 0.519657
16.425 -1.41577
16.45 7.24174
16.475 5.05138
16.5 8.96261
16.525 10.0061
16.55 7.4258
16.575 13.4832
16.6 7.39651
16.625 9.94649
16.65 8.87166
16.675 4.92664
16.7 7.08944
16.725 -1.59736
16.75 0.311913
16.775 -26.3869
16.8 0.267515
16.825 -1.64893
16.85 7.00618
16.875 4.81928
16.9 8.73307
16.925 9.78077
16.95 7.20178
16.975 13.2603
17 7.1734
17.025 9.73028
17.05 8.65572
17.075 4.71549
17.1 6.88083
17.125 -1.79864
17.15 0.0988121
17.175 -36.0825
17.2 0.0648918
17.225 -1.8492
17.25 6.81034
17.275 4.62272
17.3 8.53908
17.325 9.59016
17.35 7.01256
17.375 13.0742
17.4 6.9903
17.425 9.54809
17.45 8.47616
17.475 4.53747
17.5 6.70533
17.525 -1.98199
17.55 -0.0826912
17.575 -29.0829
17.6 -0.103115
17.625 -2.01826
17.65 6.64742
17.675 4.46113
17.7 8.37918
17.725 9.43325
17.75 6.85748
17.775 12.9206
17.8 6.83907
17.825 9.39808
17.85 8.32878
17.875 4.39192
17.9 6.56069
17.925 -2.1261
17.95 -0.223377
17.975 -31.7615
18 -0.23897
18.025 -2.153
18.05 6.51568
18.075 4.33043
18.1 8.24985
18.125 9.30652
18.15 6.72942
18.175 12.796
18.2 6.71533
18.225 9.27577
18.25 8.21031
18.275 4.26922
18.3 6.44685
18.325 -2.22758
18.35 -0.336651
18.375 -18.82
18.4 -0.399117
18.425 -2.29111
18.45 6.40932
18.475 4.22499
18.5 8.15145
18.525 9.2043
18.55 6.63842
18.575 12.703
18.6 6.62708
18.625 9.18911
18.65 8.11799
18.675 4.19024
18.7 6.35872
18.725 -2.33133
18.75 -0.422924
18.775 -29.1499
18.8 -0.429995
18.825 -2.34032
18.85 6.33178
18.875 4.15392
18.9 8.07453
18.925 9.13349
18.95 6.56467
18.975 12.6315
19 6.554
19.025 9.12206
19.05 8.0501
19.075 4.11754
19.1 6.29682
19.125 -2.36357
19.15 -0.465973
19.175 -28.5826
19.2 -0.510466
19.225 -2.4406
19.25 6.28549
19.275 4.09245
19.3 8.02562
19.325 9.0837
19.35 6.51657
19.375 12.5858
19.4 6.51086
19.425 9.0752
19.45 8.01516
19.475 4.08987
19.5 6.25745
19.525 -2.40965
19.55 -0.513773
19.575 -28.0816
19.6 -0.511705
19.625 -2.41885
19.65 6.24958
19.675 4.07629
19.7 8.00115
19.725 9.05908
19.75 6.49601
19.775 12.5653
19.8 6.49214
19.825 9.05884
19.85 7.99487
19.875 4.06432
19.9 6.24971
19.925 -2.44001
19.95 -0.521172
19.975 -26.897
20 -0.521582
20.025 -2.44113
20.05 6.24901
20.075 4.06511
20.1 7.99857
20.125 9.06073
20.15 6.49765
20.175 12.5683
20.2 6.4983
20.225 9.06487
20.25 8.00452
20.275 4.08032
20.3 6.25689
20.325 -2.42812
20.35 -0.509678
20.375 -28.4012
20.4 -0.503479
20.425 -2.40261
20.45 6.26658
20.475 4.08774
20.5 8.02011
20.525 9.08596
20.55 6.52143
20.575 12.5953
20.6 6.52308
20.625 9.09489
20.65 8.03597
20.675 4.11195
20.7 6.29565
20.725 -2.41843
20.75 -0.4753
20.775 -25.4361
20.8 -0.45842
20.825 -2.3721
20.85 6.31044
20.875 4.1361
20.9 8.0674
20.925 9.13092
20.95 6.57162
20.975 12.6466
21 6.57866
21.025 9.14804
21.05 8.09042
21.075 4.16628
21.1 6.34924
21.125 -2.32968
21.15 -0.411068
21.175 -28.3627
21.2 -0.401604
21.225 -2.29448
21.25 6.37741
21.275 4.20621
21.3 8.13846
21.325 9.20441
21.35 6.64498
21.375 12.7219
21.4 6.6544
21.425 9.22717
21.45 8.16984
21.475 4.24817
21.5 6.43172
21.525 -2.22346
21.55 -0.320168
21.575 -27.1909
21.6 -0.308483
21.625 -2.21826
21.65 6.47197
21.675 4.30025
21.7 8.23574
21.725 9.30231
21.75 6.74451
21.775 12.8232
21.8 6.75652
21.825 9.33168
21.85 8.27749
21.875 4.35751
21.9 6.54263
21.925 -2.12438
21.95 -0.213074
21.975 -30.9063
22 -0.197191
22.025 -2.09482
22.05 6.59054
22.075 4.42135
22.1 8.35874
22.125 9.42757
22.15 6.87086
22.175 12.9516
22.2 6.88773
22.225 9.46365
22.25 8.41243
22.275 4.49319
22.3 6.68098
22.325 -1.99431
22.35 -0.0681267
22.375 -30.0625
22.4 -0.0527592
22.425 -1.93484
22.45 6.7378
22.475 4.5704
22.5 8.50959
22.525 9.5824
22.55 7.02689
22.575 13.1097
22.6 7.04663
22.625 9.626
22.65 8.57598
22.675 4.66034
22.7 6.84831
22.725 -1.81952
22.75 0.111799
22.775 -23.8553
22.8 0.129223
22.825 -1.75785
22.85 6.91665
22.875 4.75181
22.9 8.69354
22.925 9.76742
22.95 7.21414
22.975 13.2995
23 7.2391
23.025 9.82056
23.05 8.77119
23.075 4.85684
23.1 7.04751
23.125 -1.60735
23.15 0.296028
23.175 -32.1607
23.2 0.334354
23.225 -1.55226
23.25 7.13169
23.275 4.97201
23.3 8.91298
23.325 9.98834
23.35 7.43896
23.375 13.5246
23.4 7.46497
23.425 10.0504
23.45 9.00477
23.475 5.09365
23.5 7.286
23.525 -1.37147
23.55 0.547373
23.575 -28.881
23.6 0.577814
23.625 -1.31274
23.65 7.38578
23.675 5.22541
23.7 9.17046
23.725 10.249
23.75 7.70166
23.775 13.7902
23.8 7.73601
23.825 10.3207
23.85 9.27715
23.875 5.3642
23.9 7.56561
23.925 -1.08992
23.95 0.84148
23.975 -24.7243
24 0.875998
24.025 -1.0102
24.05 7.684
24.075 5.51697
24.1 9.4701
24.125 10.554
24.15 8.00821
24.175 14.1014
24.2 8.04976
24.225 10.6383
24.25 9.59848
24.275 5.69688
24.3 7.89024
24.325 -0.752905
24.35 1.16634
24.375 -26.6908
24.4 1.21774
24.425 -0.666519
24.45 8.02807
24.475 5.87525
24.5 9.82732
24.525 10.9127
24.55 8.37145
24.575 14.4678
24.6 8.41927
24.625 11.0127
24.65 9.97606
24.675 6.07487
24.7 8.27639
24.725 -0.366562
24.75 1.56272
24.775 -29.3079
24.8 1.61961
24.825 -0.258408
24.85 8.4397
24.875 6.28924
24.9 10.2458
24.925 11.3367
24.95 8.79943
24.975 14.9007
25 8.85748
25.025 11.4551
25.05 10.423
25.075 6.52744
25.1 8.73362
25.125 0.0987606
25.15 2.03237
25.175 -29.4166
25.2 2.09533
25.225 0.222073
25.25 8.92715
25.275 6.78422
25.3 10.7462
25.325 11.8405
25.35 9.31052
25.375 15.4173
25.4 9.38052
25.425 11.9836
25.45 10.9578
25.475 7.06778
25.5 9.28173
25.525 0.637154
25.55 2.58322
25.575 -28.0886
25.6 2.67044
25.625 0.797586
25.65 9.51615
25.675 7.37809
25.7 11.3491
25.725 12.4515
25.75 9.92761
25.775 16.0434
25.8 10.0157
25.825 12.6245
25.85 11.608
25.875 7.71764
25.9 9.9525
25.925 1.34705
25.95 3.27079
25.975 -21.8557
26 3.36368
26.025 1.52068
26.05 10.2378
26.075 8.11574
26.1 12.0927
26.125 13.2069
26.15 10.695
26.175 16.8202
26.2 10.8014
26.225 13.426
26.25 12.4211
26.275 8.55135
26.3 10.7867
26.325 2.17086
26.35 4.13741
26.375 -27.0224
26.4 4.26075
26.425 2.42424
26.45 11.1602
26.475 9.05014
26.5 13.0449
26.525 14.1752
26.55 11.6796
26.575 17.8224
26.6 11.8215
26.625 14.4642
26.65 13.4783
26.675 9.62821
26.7 11.8839
26.725 3.29266
26.75 5.2771
26.775 -25.4734
26.8 5.44826
26.825 3.63369
26.85 12.3957
26.875 10.3113
26.9 14.3335
26.925 15.492
26.95 13.0257
26.975 19.1994
27 13.2304
27.025 15.9066
27.05 14.9557
27.075 11.143
27.1 13.4363
27.125 4.87482
27.15 6.90455
27.175 -25.5735
27.2 7.17814
27.225 5.40947
27.25 14.2227
27.275 12.1925
27.3 16.2742
27.325 17.4938
27.35 15.0935
27.375 21.3379
27.4 15.4446
27.425 18.2008
27.45 17.3366
27.475 13.6161
27.5 16.0103
27.525 7.56795
27.55 9.71613
27.575 -19.7451
27.6 10.2511
27.625 8.64431
27.65 17.6297
27.675 15.7959
27.7 20.0973
27.725 21.5675
27.75 19.4547
27.775 26.0336
27.8 20.5354
27.825 23.7684
27.85 23.4943
27.875 20.5311
27.9 23.9525
27.925 17.0366
27.95 21.9456
27.975 29.4201
28 21.9392
28.025 17.0219
28.05 23.9261
28.075 20.4952
28.1 23.4497
28.125 23.7146
28.15 20.4748
28.175 25.9626
28.2 19.3733
28.225 21.4794
28.25 19.9998
28.275 15.6899
28.3 17.5144
28.325 8.51572
28.35 10.1165
28.375 -21.9292
28.4 9.56679
28.425 7.4107
28.45 15.8417
28.475 13.4372
28.5 17.1496
28.525 18.0043
28.55 15.2412
28.575 21.1243
28.6 14.8688
28.625 17.2629
28.65 16.0341
28.675 11.9443
28.7 13.9645
28.725 5.14486
28.75 6.89881
28.775 -29.6471
28.8 6.62068
28.825 4.5857
28.85 13.124
28.875 10.8209
28.9 14.626
28.925 15.5673
28.95 12.8847
28.975 18.8428
29 12.6581
29.025 15.1177
29.05 13.9508
29.075 9.91957
29.1 11.9943
29.125 3.22432
29.15 5.02924
29.175 -27.1447
29.2 4.84373
29.225 2.85094
29.25 11.4283
29.275 9.16488
29.3 13.0051
29.325 13.9816
29.35 11.332
29.375 17.3223
29.4 11.1682
29.425 13.6568
29.45 12.5189
29.475 8.5149
29.5 10.6142
29.525 1.87515
29.55 3.70512
29.575 -25.2132
29.6 3.5609
29.625 1.58104
29.65 10.1867
29.675 7.9419
29.7 11.8019
29.725 12.799
29.75 10.1653
29.775 16.1751
29.8 10.0394
29.825 12.5445
29.85 11.4216
29.875 7.43103
29.9 9.55007
29.925 0.815155
29.95 2.66201
29.975 -23.1311
30 2.55451
30.025 0.603111
30.05 9.20256
30.075 6.97325
30.1 10.8447
30.125 11.8517
30.15 9.23149
30.175 15.2512
30.2 9.12333
30.225 11.6432
30.25 10.5283
30.275 6.54821
30.3 8.68109
30.325 -0.0455933
30.35 1.80139
30.375 -23.4012
30.4 1.71671
30.425 -0.232327
30.45 8.38923
30.475 6.16272
30.5 10.0477
30.525 11.0621
30.55 8.4499
30.575 14.4781
30.6 8.3596
30.625 10.8849
30.65 9.779
30.675 5.8082
30.7 7.94119
30.725 -0.778618
30.75 1.08307
30.775 -25.846
30.8 1.00171
30.825 -0.940666
30.85 7.69382
30.875 5.47248
30.9 9.3623
30.925 10.3845
30.95 7.77879
30.975 13.8118
31 7.70003
31.025 10.2286
31.05 9.13044
31.075 5.16343
31.1 7.30335
31.125 -1.40824
31.15 0.458981
31.175 -27.8482
31.2 0.383654
31.225 -1.5537
31.25 7.08334
31.275 4.87107
31.3 8.76364
31.325 9.78903
31.35 7.1869
31.375 13.2264
31.4 7.1194
31.425 9.65258
31.45 8.55839
31.475 4.59752
31.5 6.74095
31.525 -1.95688
31.55 -0.0994091
31.575 -29.924
31.6 -0.161917
31.625 -2.08902
31.65 6.54529
31.675 4.33163
31.7 8.23134
31.725 9.26039
31.75 6.66193
31.775 12.7049
31.8 6.60136
31.825 9.13792
31.85 8.04738
31.875 4.09088
31.9 6.23648
31.925 -2.47085
31.95 -0.599533
31.975 -28.7186
32 -0.65591
32.025 -2.59598
32.05 6.06029
32.075 3.85388
32.1 7.75344
32.125 8.78452
32.15 6.18765
32.175 12.2347
32.2 6.13169
32.225 8.6728
32.25 7.58557
32.275 3.62741
32.3 5.78313
32.325 -2.91384
32.35 -1.03997
32.375 -26.0825
32.4 -1.09147
32.425 -3.02589
32.45 5.61938
32.475 3.41792
32.5 7.31931
32.525 8.35335
32.55 5.76171
32.575 11.8081
32.6 5.70778
32.625 8.24669
32.65 7.16967
32.675 3.21132
32.7 5.36467
32.725 -3.33224
32.75 -1.47759
32.775 -18.5043
32.8 -1.43493
32.825 -3.36406
32.85 5.20974
32.875 3.03121
32.9 6.92318
32.925 7.96199
32.95 5.3734
32.975 11.4174
33 5.32143
33.025 7.87028
33.05 6.77761
33.075 2.82516
33.1 4.98715
33.125 -3.72526
33.15 -1.82431
33.175 -23.1241
33.2 -1.89168
33.225 -3.7851
33.25 4.84693
33.275 2.64751
33.3 6.55532
33.325 7.59607
33.35 5.00646
33.375 11.0561
33.4 4.96037
33.425 7.51043
33.45 6.42268
33.475 2.47199
33.5 4.63091
33.525 -4.04165
33.55 -2.16843
33.575 -25.5212
33.6 -2.22863
33.625 -4.13309
33.65 4.49816
33.675 2.31718
33.7 6.21397
33.725 7.25633
33.75 4.67211
33.775 10.7221
33.8 4.63148
33.825 7.17741
33.85 6.09538
33.875 2.15246
33.9 4.30552
33.925 -4.37665
33.95 -2.50275
33.975 -26.7133
34 -2.55006
34.025 -4.47316
34.05 4.18919
34.075 1.99413
34.1 5.9029
34.125 6.94442
34.15 4.3606
34.175 10.4124
34.2 4.32134
34.225 6.87063
34.25 5.7896
34.275 1.84686
34.3 4.00097
34.325 -4.68872
34.35 -2.80206
34.375 -25.7282
34.4 -2.84861
34.425 -4.75134
34.45 3.89368
34.475 1.70028
34.5 5.61085
34.525 6.65302
34.55 4.069
34.575 10.1232
34.6 4.03241
34.625 6.58395
34.65 5.50381
34.675 1.56056
34.7 3.71823
34.725 -4.98412
34.75 -3.09397
34.775 -27.9227
34.8 -3.12115
34.825 -5.02967
34.85 3.61604
34.875 1.42095
34.9 5.33538
34.925 6.37949
34.95 3.79774
34.975 9.85273
35 3.76279
35.025 6.31458
35.05 5.23714
35.075 1.29566
35.1 3.45402
35.125 -5.23837
35.15 -3.35872
35.175 -28.7481
35.2 -3.38252
35.225 -5.28991
35.25 3.35605
35.275 1.16826
35.3 5.07806
35.325 6.12589
35.35 3.54057
35.375 9.59872
35.4 3.50808
35.425 6.0634
35.45 4.98627
35.475 1.04305
35.5 3.20743
35.525 -5.49734
35.55 -3.59871
35.575 -31.7336
35.6 -3.62105
35.625 -5.52043
35.65 3.11527
35.675 0.922987
35.7 4.83612
35.725 5.8848
35.75 3.30002
35.775 9.36021
35.8 3.27137
35.825 5.82746
35.85 4.75296
35.875 0.818851
35.9 2.96872
35.925 -5.70769
35.95 -3.81979
35.975 -31.2589
36 -3.84423
36.025 -5.74716
36.05 2.88746
36.075 0.690014
36.1 4.60816
36.125 5.65971
36.15 3.07642
36.175 9.13668
36.2 3.04854
36.225 5.60486
36.25 4.52789
36.275 0.585434
36.3 2.74952
36.325 -5.91843
36.35 -4.06573
36.375 -25.5861
36.4 -4.06564
36.425 -6.00909
36.45 2.67537
36.475 0.473145
36.5 4.39106
36.525 5.4515
36.55 2.86438
36.575 8.92529
36.6 2.83913
36.625 5.39548
36.65 4.31917
36.675 0.395136
36.7 2.52574
36.725 -6.00026
36.75 -4.16973
36.775 -30.1016
36.8 -4.29448
36.825 -6.22084
36.85 2.47342
36.875 0.288401
36.9 4.20393
36.925 5.23967
36.95 2.67221
36.975 8.72532
37 2.6475
37.025 5.19413
37.05 4.12157
37.075 0.185678
37.1 2.34702
37.125 -6.30962
37.15 -4.42363
37.175 -26.3033
37.2 -4.46949
37.225 -6.38596
37.25 2.27923
37.275 0.0886879
37.3 4.00571
37.325 5.05216
37.35 2.47718
37.375 8.53726
37.4 2.4489
37.425 5.00996
37.45 3.93893
37.475 -0.00131989
37.5 2.16711
37.525 -6.52628
37.55 -4.63641
37.575 -30.6305
37.6 -4.64342
37.625 -6.57996
37.65 2.09557
37.675 -0.0848293
37.7 3.82594
37.725 4.87483
37.75 2.29927
37.775 8.35862
37.8 2.27188
37.825 4.83465
37.85 3.75937
37.875 -0.180325
37.9 1.98808
37.925 -6.68042
37.95 -4.7943
37.975 -26.5674
38 -4.82064
38.025 -6.71729
38.05 1.9288
38.075 -0.264292
38.1 3.65694
38.125 4.70598
38.15 2.12987
38.175 8.19123
38.2 2.10355
38.225 4.66621
38.25 3.59568
38.275 -0.336287
38.3 1.82668
38.325 -6.86459
38.35 -4.95003
38.375 -28.9653
38.4 -4.96783
38.425 -6.88506
38.45 1.76345
38.475 -0.421463
38.5 3.49648
38.525 4.54459
38.55 1.97214
38.575 8.03266
38.6 1.95193
38.625 4.50793
38.65 3.43229
38.675 -0.504332
38.7 1.67019
38.725 -6.99421
38.75 -5.12294
38.775 -29.7691
38.8 -5.13802
38.825 -7.0121
38.85 1.60764
38.875 -0.576649
38.9 3.34099
38.925 4.39434
38.95 1.81568
38.975 7.88044
39 1.80169
39.025 4.36057
39.05 3.28889
39.075 -0.649185
39.1 1.51762
39.125 -7.16111
39.15 -5.22846
39.175 -26.9975
39.2 -5.31437
39.225 -7.18757
39.25 1.47601
39.275 -0.71714
39.3 3.2006
39.325 4.25313
39.35 1.6708
39.375 7.73792
39.4 1.66184
39.425 4.22231
39.45 3.14867
39.475 -0.783012
39.5 1.37671
39.525 -7.304
39.55 -5.36475
39.575 -31.2831
39.6 -5.37943
39.625 -7.32001
39.65 1.32517
39.675 -0.850704
39.7 3.07179
39.725 4.11131
39.75 1.54129
39.775 7.6064
39.8 1.54153
39.825 4.07063
39.85 3.02346
39.875 -0.923233
39.9 1.22598
39.925 -7.38622
39.95 -5.59634
39.975 -24.0163
40 -5.59033
40.025 -7.51152
40.05 1.19642
40.075 -0.986259
40.1 2.93649
40.125 3.98902
40.15 1.4117
40.175 7.47753
40.2 1.40065
40.225 3.95676
40.25 2.89218
40.275 -1.03161
40.3 1.11134
40.325 -7.52435
40.35 -5.6779
40.375 -26.3744
40.4 -5.69924
40.425 -7.64252
40.45 1.07887
40.475 -1.11276
40.5 2.8153
40.525 3.8675
40.55 1.29449
40.575 7.35876
40.6 1.27916
40.625 3.83568
40.65 2.76827
40.675 -1.16378
40.7 0.997414
40.725 -7.5878
40.75 -5.76787
40.775 -32.7916
40.8 -5.76622
40.825 -7.6895
40.85 0.961313
40.875 -1.23246
40.9 2.70408
40.925 3.75018
40.95 1.17793
40.975 7.24656
41 1.1783
41.025 3.72242
41.05 2.66037
41.075 -1.28482
41.1 0.890188
41.125 -7.73624
41.15 -5.9021
41.175 -24.6814
41.2 -5.8876
41.225 -7.83783
41.25 0.865126
41.275 -1.34227
41.3 2.58776
41.325 3.65592
41.35 1.09723
41.375 7.14806
41.4 1.08989
41.425 3.62252
41.45 2.56155
41.475 -1.3872
41.5 0.778265
41.525 -7.44593
41.55 -5.7072
41.575 -16.7116
41.6 -5.9797
41.625 -7.98586
41.65 0.786236
41.675 -1.50709
41.7 2.51517
41.725 3.50211
41.75 0.921755
41.775 7.02604
41.8 0.951942
41.825 3.51424
41.85 2.48114
41.875 -1.37733
41.9 0.632982
41.925 -8.26974
41.95 -6.17801
41.975 -24.092
42 -6.10108
42.025 -7.93005
42.05 0.614758
42.075 -1.47497
42.1 2.38218
42.125 3.44429
42.15 0.881245
42.175 6.94124
42.2 0.861465
42.225 3.43635
42.25 2.35041
42.275 -1.54581
42.3 0.589787
42.325 -8.1455
42.35 -6.17875
42.375 -19.2464
42.4 -5.99489
42.425 -7.93764
42.45 0.551527
42.475 -1.59274
42.5 2.29093
42.525 3.36107
42.55 0.76288
42.575 6.84144
42.6 0.75639
42.625 3.32633
42.65 2.27007
42.675 -1.67044
42.7 0.503059
42.725 -8.13902
42.75 -6.25367
42.775 -31.2063
42.8 -6.26426
42.825 -8.16721
42.85 0.468149
42.875 -1.68819
42.9 2.21317
42.925 3.27413
42.95 0.694141
42.975 6.76313
43 0.679695
43.025 3.24921
43.05 2.1871
43.075 -1.74643
43.1 0.42104
43.125 -8.19613
43.15 -6.34422
43.175 -28.8977
43.2 -6.3125
43.225 -8.23788
43.25 0.392223
43.275 -1.77443
43.3 2.13831
43.325 3.19216
43.35 0.617952
43.375 6.68713
43.4 0.611221
43.425 3.17542
43.45 2.11118
43.475 -1.81485
43.5 0.347416
43.525 -8.29066
43.55 -6.40899
43.575 -26.4273
43.6 -6.37161
43.625 -8.30239
43.65 0.342766
43.675 -1.85534
43.7 2.06814
43.725 3.12109
43.75 0.541964
43.775 6.61138
43.8 0.529957
43.825 3.10059
43.85 2.0347
43.875 -1.89221
43.9 0.283474
43.925 -8.28582
43.95 -6.42519
43.975 -21.655
44 -6.30141
44.025 -8.36147
44.05 0.27002
44.075 -1.90367
44.1 2.04085
44.125 3.03531
44.15 0.505781
44.175 6.55328
44.2 0.435116
44.225 3.03669
44.25 1.94945
44.275 -2.00304
44.3 0.199938
44.325 -8.51865
44.35 -6.62837
44.375 -20.9739
44.4 -6.70269
44.425 -8.52163
44.45 0.196747
44.475 -1.99848
44.5 1.93951
44.525 2.97692
44.55 0.416012
44.575 6.48601
44.6 0.388798
44.625 2.96202
44.65 1.90317
44.675 -2.03527
44.7 0.144794
44.725 -8.61213
44.75 -6.69154
44.775 -25.3444
44.8 -6.69246
44.825 -8.58185
44.85 0.124378
44.875 -2.051
44.9 1.87403
44.925 2.92836
44.95 0.357239
44.975 6.42683
45 0.342113
45.025 2.91516
45.05 1.85216
45.075 -2.08168
45.1 0.0985889
45.125 -8.62922
45.15 -6.69138
45.175 -25.0277
45.2 -6.73762
45.225 -8.62569
45.25 0.0727196
45.275 -2.1176
45.3 1.82011
45.325 2.8769
45.35 0.307426
45.375 6.37636
45.4 0.28101
45.425 2.85253
45.45 1.807
45.475 -2.1414
45.5 0.0260963
45.525 -8.58669
45.55 -6.79842
45.575 -23.8373
45.6 -6.73514
45.625 -8.589
45.65 0.0126495
45.675 -2.15869
45.7 1.76521
45.725 2.82586
45.75 0.240915
45.775 6.32291
45.8 0.241047
45.825 2.81695
45.85 1.75173
45.875 -2.18148
45.9 -0.0135784
45.925 -8.6504
45.95 -6.77964
45.975 -28.1106
46 -6.80589
46.025 -8.73587
46.05 -0.0146675
46.075 -2.20149
46.1 1.72286
46.125 2.7868
46.15 0.230942
46.175 6.27946
46.2 0.181046
46.225 2.782
46.25 1.68993
46.275 -2.22688
46.3 -0.045927
46.325 -8.81105
46.35 -6.79847
46.375 -26.0851
46.4 -6.79996
46.425 -8.68237
46.45 -0.0686684
46.475 -2.22849
46.5 1.68503
46.525 2.73814
46.55 0.176407
46.575 6.24448
46.6 0.173635
46.625 2.7325
46.65 1.67017
46.675 -2.26473
46.7 -0.080265
46.725 -8.84552
46.75 -6.92149
46.775 -24.2316
46.8 -6.89096
46.825 -8.71927
46.85 -0.100346
46.875 -2.27524
46.9 1.64604
46.925 2.70937
46.95 0.136921
46.975 6.20777
47 0.125692
47.025 2.69529
47.05 1.63399
47.075 -2.29695
47.1 -0.11775
47.125 -8.81928
47.15 -6.92239
47.175 -30.344
47.2 -6.8801
47.225 -8.73469
47.25 -0.131514
47.275 -2.31149
47.3 1.61358
47.325 2.67877
47.35 0.103367
47.375 6.17944
47.4 0.105104
47.425 2.67027
47.45 1.60574
47.475 -2.32288
47.5 -0.151745
47.525 -8.8275
47.55 -6.93081
47.575 -28.6772
47.6 -6.92695
47.625 -8.81886
47.65 -0.159824
47.675 -2.33318
47.7 1.59161
47.725 2.65134
47.75 0.0800209
47.775 6.15338
47.8 0.0757313
47.825 2.64789
47.85 1.57953
47.875 -2.34066
47.9 -0.178474
47.925 -8.84484
47.95 -6.96736
47.975 -27.275
48 -6.9691
48.025 -8.85012
48.05 -0.185707
48.075 -2.35171
48.1 1.5699
48.125 2.62725
48.15 0.0526791
48.175 6.13163
48.2 0.0550804
48.225 2.62553
48.25 1.5599
48.275 -2.36821
48.3 -0.191315
48.325 -8.86735
48.35 -6.97289
48.375 -31.0483
48.4 -6.95666
48.425 -8.85409
48.45 -0.203663
48.475 -2.36691
48.5 1.55234
48.525 2.6109
48.55 0.03405
48.575 6.1151
48.6 0.0385628
48.625 2.61259
48.65 1.54296
48.675 -2.36962
48.7 -0.210257
48.725 -8.88306
48.75 -7.07345
48.775 -26.9972
48.8 -6.78096
48.825 -8.64883
48.85 -0.229046
48.875 -2.42172
48.9 1.53707
48.925 2.59406
48.95 0.031147
48.975 6.09789
49 0.0131969
49.025 2.58311
49.05 1.53852
49.075 -2.39742
49.1 -0.22039
49.125 -8.90209
49.15 -6.98088
49.175 -32.0271
49.2 -6.96912
49.225 -8.87271
49.25 -0.223658
49.275 -2.41565
49.3 1.53563
49.325 2.59003
49.35 0.021513
49.375 6.09225
49.4 0.00704193
49.425 2.57776
49.45 1.52475
49.475 -2.36028
49.5 -0.231533
49.525 -8.95661
49.55 -7.06314
49.575 -25.062
49.6 -7.08638
49.625 -8.65808
49.65 -0.268423
49.675 -2.36768
49.7 1.51601
49.725 2.58738
49.75 0.00283051
49.775 6.08716
49.8 0.0147343
49.825 2.59495
49.85 1.52043
49.875 -2.44175
49.9 -0.229248
49.925 -8.91806
49.95 -6.99228
49.975 -25.1769
50 -6.99228
50.025 -8.91806
50.05 -0.229248
50.075 -2.44175
50.1 1.52043
50.125 2.59495
50.15 0.0147343
50.175 6.08716
50.2 0.00283051
50.225 2.58738
50.25 1.51601
50.275 -2.36768
50.3 -0.268423
50.325 -8.65808
50.35 -7.08638
50.375 -25.062
50.4 -7.06314
50.425 -8.95661
50.45 -0.231533
50.475 -2.36028
50.5 1.52475
50.525 2.57776
50.55 0.00704193
50.575 6.09225
50.6 0.021513
50.625 2.59003
50.65 1.53563
50.675 -2.41565
50.7 -0.223658
50.725 -8.87271
50.75 -6.96912
50.775 -32.0271
50.8 -6.98088
50.825 -8.90209
50.85 -0.22039
50.875 -2.39742
50.9 1.53852
50.925 2.58311
50.95 0.0131969
50.975 6.09789
51 0.031147
51.025 2.59406
51.05 1.53707
51.075 -2.42172
51.1 -0.229046
51.125 -8.64883
51.15 -6.78096
51.175 -26.9972
51.2 -7.07345
51.225 -8.88306
51.25 -0.210257
51.275 -2.36962
51.3 1.54296
51.325 2.61259
51.35 0.0385628
51.375 6.1151
51.4 0.03405
51.425 2.6109
51.45 1.55234
51.475 -2.36691
51.5 -0.203663
51.525 -8.85409
51.55 -6.95666
51.575 -31.0483
51.6 -6.97289
51.625 -8.86735
51.65 -0.191315
51.675 -2.36821
51.7 1.5599
51.725 2.62553
51.75 0.0550804
51.775 6.13163
51.8 0.0526791
51.825 2.62725
51.85 1.5699
51.875 -2.35171
51.9 -0.185707
51.925 -8.85012
51.95 -6.9691
51.975 -27.275
52 -6.96736
52.025 -8.84484
52.05 -0.178474
52.075 -2.34066
52.1 1.57953
52.125 2.64789
52.15 0.0757313
52.175 6.15338
52.2 0.0800209
52.225 2.65134
52.25 1.59161
52.275 -2.33318
52.3 -0.159824
52.325 -8.81886
52.35 -6.92695
52.375 -28.6772
52.4 -6.93081
52.425 -8.8275
52.45 -0.151745
52.475 -2.32288
52.5 1.60574
52.525 2.67027
52.55 0.105104
52.575 6.17944
52.6 0.103367
52.625 2.67877
52.65 1.61358
52.675 -2.31149
52.7 -0.131514
52.725 -8.73469
52.75 -6.8801
52.775 -30.344
52.8 -6.92239
52.825 -8.81928
52.85 -0.11775
52.875 -2.29695
52.9 1.63399
52.925 2.69529
52.95 0.125694
52.975 6.20777
53 0.136921
53.025 2.70937
53.05 1.64604
53.075 -2.27524
53.1 -0.100346
53.125 -8.71927
53.15 -6.89096
53.175 -24.2316
53.2 -6.92149
53.225 -8.84552
53.25 -0.080265
53.275 -2.26473
53.3 1.67017
53.325 2.7325
53.35 0.173635
53.375 6.24448
53.4 0.176407
53.425 2.73814
53.45 1.68503
53.475 -2.22849
53.5 -0.0686684
53.525 -8.68237
53.55 -6.79996
53.575 -26.0851
53.6 -6.79847
53.625 -8.81105
53.65 -0.045927
53.675 -2.22688
53.7 1.68993
53.725 2.782
53.75 0.181046
53.775 6.27946
53.8 0.230942
53.825 2.7868
53.85 1.72286
53.875 -2.20149
53.9 -0.0146675
53.925 -8.73587
53.95 -6.80589
53.975 -28.1106
54 -6.77964
54.025 -8.6504
54.05 -0.0135784
54.075 -2.18148
54.1 1.75173
54.125 2.81695
54.15 0.241047
54.175 6.32291
54.2 0.240915
54.225 2.82586
54.25 1.76521
54.275 -2.15869
54.3 0.0126495
54.325 -8.589
54.35 -6.73514
54.375 -23.8373
54.4 -6.79842
54.425 -8.58669
54.45 0.0260963
54.475 -2.1414
54.5 1.807
54.525 2.85253
54.55 0.28101
54.575 6.37636
54.6 0.307426
54.625 2.8769
54.65 1.82011
54.675 -2.1176
54.7 0.0727196
54.725 -8.62569
54.75 -6.73762
54.775 -25.0277
54.8 -6.69138
54.825 -8.62922
54.85 0.0985889
54.875 -2.08168
54.9 1.85216
54.925 2.91516
54.95 0.342113
54.975 6.42683
55 0.357239
55.025 2.92836
55.05 1.87403
55.075 -2.051
55.1 0.124378
55.125 -8.58185
55.15 -6.69246
55.175 -25.3444
55.2 -6.69154
55.225 -8.61213
55.25 0.144794
55.275 -2.03527
55.3 1.90317
55.325 2.96202
55.35 0.388798
55.375 6.48601
55.4 0.416012
55.425 2.97692
55.45 1.93951
55.475 -1.99848
55.5 0.196747
55.525 -8.52163
55.55 -6.70269
55.575 -20.9739
55.6 -6.62837
55.625 -8.51865
55.65 0.199938
55.675 -2.00304
55.7 1.94945
55.725 3.03669
55.75 0.435116
55.775 6.55328
55.8 0.505781
55.825 3.03531
55.85 2.04085
55.875 -1.90367
55.9 0.27002
55.925 -8.36147
55.95 -6.30141
55.975 -21.655
56 -6.42519
56.025 -8.28582
56.05 0.283474
56.075 -1.89221
56.1 2.0347
56.125 3.10059
56.15 0.529957
56.175 6.61138
56.2 0.541964
56.225 3.12109
56.25 2.06814
56.275 -1.85534
56.3 0.342766
56.325 -8.30239
56.35 -6.37161
56.375 -26.4273
56.4 -6.40899
56.425 -8.29066
56.45 0.347416
56.475 -1.81485
56.5 2.11118
56.525 3.17542
56.55 0.611221
56.575 6.68713
56.6 0.617952
56.625 3.19216
56.65 2.13831
56.675 -1.77443
56.7 0.392223
56.725 -8.23788
56.75 -6.3125
56.775 -28.8977
56.8 -6.34422
56.825 -8.19613
56.85 0.42104
56.875 -1.74643
56.9 2.1871
56.925 3.24921
56.95 0.679695
56.975 6.76313
57 0.694141
57.025 3.27413
57.05 2.21317
57.075 -1.68819
57.1 0.468149
57.125 -8.16721
57.15 -6.26426
57.175 -31.2063
57.2 -6.25367
57.225 -8.13902
57.25 0.503059
57.275 -1.67044
57.3 2.27007
57.325 3.32633
57.35 0.75639
57.375 6.84144
57.4 0.76288
57.425 3.36107
57.45 2.29093
57.475 -1.59274
57.5 0.551527
57.525 -7.93764
57.55 -5.99489
57.575 -19.2464
57.6 -6.17875
57.625 -8.1455
57.65 0.589787
57.675 -1.54581
57.7 2.35041
57.725 3.43635
57.75 0.861465
57.775 6.94124
57.8 0.881245
57.825 3.44429
57.85 2.38218
57.875 -1.47497
57.9 0.614758
57.925 -7.93005
57.95 -6.10108
57.975 -24.092
58 -6.17801
58.025 -8.26974
58.05 0.632982
58.075 -1.37733
58.1 2.48114
58.125 3.51424
58.15 0.951942
58.175 7.02604
58.2 0.921755
58.225 3.50211
58.25 2.51517
58.275 -1.50709
58.3 0.786236
58.325 -7.98586
58.35 -5.9797
58.375 -16.7116
58.4 -5.7072
58.425 -7.44593
58.45 0.778265
58.475 -1.3872
58.5 2.56155
58.525 3.62252
58.55 1.08989
58.575 7.14806
58.6 1.09723
58.625 3.65592
58.65 2.58776
58.675 -1.34227
58.7 0.865126
58.725 -7.83783
58.75 -5.8876
58.775 -24.6814
58.8 -5.9021
58.825 -7.73624
58.85 0.890188
58.875 -1.28482
58.9 2.66037
58.925 3.72242
58.95 1.1783
58.975 7.24656
59 1.17793
59.025 3.75018
59.05 2.70408
59.075 -1.23246
59.1 0.961313
59.125 -7.6895
59.15 -5.76622
59.175 -32.7916
59.2 -5.76787
59.225 -7.5878
59.25 0.997414
59.275 -1.16378
59.3 2.76827
59.325 3.83568
59.35 1.27916
59.375 7.35876
59.4 1.29449
59.425 3.8675
59.45 2.8153
59.475 -1.11276
59.5 1.07887
59.525 -7.64252
59.55 -5.69924
59.575 -26.3744
59.6 -5.6779
59.625 -7.52435
59.65 1.11134
59.675 -1.03161
59.7 2.89218
59.725 3.95676
59.75 1.40065
59.775 7.47753
59.8 1.4117
59.825 3.98902
59.85 2.93649
59.875 -0.986259
59.9 1.19642
59.925 -7.51152
59.95 -5.59033
59.975 -24.0166
60 -5.59634
60.025 -7.38622
60.05 1.22598
60.075 -0.923233
60.1 3.02346
60.125 4.07063
60.15 1.54153
60.175 7.6064
60.2 1.54129
60.225 4.11131
60.25 3.07179
60.275 -0.850704
60.3 1.32517
60.325 -7.32001
60.35 -5.37943
60.375 -31.2834
60.4 -5.36475
60.425 -7.304
60.45 1.37671
60.475 -0.783012
60.5 3.14867
60.525 4.22231
60.55 1.66184
60.575 7.73792
60.6 1.6708
60.625 4.25313
60.65 3.2006
60.675 -0.71714
60.7 1.47601
60.725 -7.18757
60.75 -5.31437
60.775 -26.9974
60.8 -5.22846
60.825 -7.16111
60.85 1.51762
60.875 -0.649185
60.9 3.28889
60.925 4.36057
60.95 1.80169
60.975 7.88044
61 1.81568
61.025 4.39434
61.05 3.34099
61.075 -0.576649
61.1 1.60764
61.125 -7.0121
61.15 -5.13802
61.175 -29.7691
61.2 -5.12294
61.225 -6.99421
61.25 1.67019
61.275 -0.504332
61.3 3.43229
61.325 4.50793
61.35 1.95193
61.375 8.03266
61.4 1.97214
61.425 4.54459
61.45 3.49648
61.475 -0.421463
61.5 1.76345
61.525 -6.88506
61.55 -4.96783
61.575 -28.9653
61.6 -4.95003
61.625 -6.86459
61.65 1.82668
61.675 -0.336287
61.7 3.59568
61.725 4.66621
61.75 2.10355
61.775 8.19123
61.8 2.12987
61.825 4.70598
61.85 3.65694
61.875 -0.264292
61.9 1.9288
61.925 -6.71729
61.95 -4.82064
61.975 -26.5674
62 -4.7943
62.025 -6.68042
62.05 1.98808
62.075 -0.180325
62.1 3.75937
62.125 4.83465
62.15 2.27188
62.175 8.35862
62.2 2.29927
62.225 4.87483
62.25 3.82594
62.275 -0.0848293
62.3 2.09557
62.325 -6.57996
62.35 -4.64342
62.375 -30.6305
62.4 -4.63641
62.425 -6.52628
62.45 2.16711
62.475 -0.00131989
62.5 3.93893
62.525 5.00996
62.55 2.4489
62.575 8.53726
62.6 2.47718
62.625 5.05216
62.65 4.00571
62.675 0.0886879
62.7 2.27923
62.725 -6.38596
62.75 -4.46949
62.775 -26.3033
62.8 -4.42363
62.825 -6.30962
62.85 2.34702
62.875 0.185678
62.9 4.12157
62.925 5.19413
62.95 2.6475
62.975 8.72532
63 2.67221
63.025 5.23967
63.05 4.20393
63.075 0.288401
63.1 2.47342
63.125 -6.22084
63.15 -4.29448
63.175 -30.1016
63.2 -4.16973
63.225 -6.00026
63.25 2.52574
63.275 0.395136
63.3 4.31917
63.325 5.39548
63.35 2.83913
63.375 8.92529
63.4 2.86438
63.425 5.4515
63.45 4.39106
63.475 0.473145
63.5 2.67537
63.525 -6.00909
63.55 -4.06564
63.575 -25.5861
63.6 -4.06573
63.625 -5.91843
63.65 2.74952
63.675 0.585434
63.7 4.52789
63.725 5.60486
63.75 3.04854
63.775 9.13668
63.8 3.07642
63.825 5.65971
63.85 4.60816
63.875 0.690014
63.9 2.88746
63.925 -5.74716
63.95 -3.84423
63.975 -31.2589
64 -3.81979
64.025 -5.70769
64.05 2.96872
64.075 0.818851
64.1 4.75296
64.125 5.82746
64.15 3.27137
64.175 9.36021
64.2 3.30002
64.225 5.8848
64.25 4.83612
64.275 0.922987
64.3 3.11527
64.325 -5.52043
64.35 -3.62105
64.375 -31.7336
64.4 -3.59871
64.425 -5.49734
64.45 3.20743
64.475 1.04305
64.5 4.98627
64.525 6.0634
64.55 3.50808
64.575 9.59872
64.6 3.54057
64.625 6.12589
64.65 5.07806
64.675 1.16826
64.7 3.35605
64.725 -5.28991
64.75 -3.38252
64.775 -28.7481
64.8 -3.35872
64.825 -5.23837
64.85 3.45402
64.875 1.29566
64.9 5.23714
64.925 6.31458
64.95 3.76279
64.975 9.85273
65 3.79774
65.025 6.37949
65.05 5.33538
65.075 1.42095
65.1 3.61604
65.125 -5.02967
65.15 -3.12115
65.175 -27.9227
65.2 -3.09397
65.225 -4.98412
65.25 3.71823
65.275 1.56056
65.3 5.50381
65.325 6.58395
65.35 4.03241
65.375 10.1232
65.4 4.069
65.425 6.65302
65.45 5.61085
65.475 1.70028
65.5 3.89368
65.525 -4.75134
65.55 -2.84861
65.575 -25.7282
65.6 -2.80206
65.625 -4.68872
65.65 4.00097
65.675 1.84686
65.7 5.7896
65.725 6.87063
65.75 4.32134
65.775 10.4124
65.8 4.3606
65.825 6.94442
65.85 5.9029
65.875 1.99413
65.9 4.18919
65.925 -4.47316
65.95 -2.55006
65.975 -26.7133
66 -2.50275
66.025 -4.37665
66.05 4.30552
66.075 2.15246
66.1 6.09538
66.125 7.17741
66.15 4.63148
66.175 10.7221
66.2 4.67211
66.225 7.25633
66.25 6.21397
66.275 2.31718
66.3 4.49816
66.325 -4.13309
66.35 -2.22863
66.375 -25.5212
66.4 -2.16843
66.425 -4.04165
66.45 4.63091
66.475 2.47199
66.5 6.42268
66.525 7.51043
66.55 4.96037
66.575 11.0561
66.6 5.00646
66.625 7.59607
66.65 6.55532
66.675 2.64751
66.7 4.84693
66.725 -3.7851
66.75 -1.89168
66.775 -23.1241
66.8 -1.82431
66.825 -3.72526
66.85 4.98715
66.875 2.82516
66.9 6.77761
66.925 7.87028
66.95 5.32143
66.975 11.4174
67 5.3734
67.025 7.96199
67.05 6.92318
67.075 3.03121
67.1 5.20974
67.125 -3.36406
67.15 -1.43493
67.175 -18.5043
67.2 -1.47759
67.225 -3.33224
67.25 5.36467
67.275 3.21132
67.3 7.16967
67.325 8.24669
67.35 5.70778
67.375 11.8081
67.4 5.76171
67.425 8.35335
67.45 7.31931
67.475 3.41792
67.5 5.61938
67.525 -3.02589
67.55 -1.09147
67.575 -26.0825
67.6 -1.03997
67.625 -2.91384
67.65 5.78313
67.675 3.62741
67.7 7.58557
67.725 8.6728
67.75 6.13169
67.775 12.2347
67.8 6.18765
67.825 8.78452
67.85 7.75344
67.875 3.85388
67.9 6.06029
67.925 -2.59598
67.95 -0.65591
67.975 -28.7186
68 -0.599533
68.025 -2.47085
68.05 6.23648
68.075 4.09088
68.1 8.04738
68.125 9.13792
68.15 6.60136
68.175 12.7049
68.2 6.66193
68.225 9.26039
68.25 8.23134
68.275 4.33163
68.3 6.54529
68.325 -2.08902
68.35 -0.161917
68.375 -29.924
68.4 -0.0994091
68.425 -1.95688
68.45 6.74095
68.475 4.59752
68.5 8.55839
68.525 9.65258
68.55 7.1194
68.575 13.2264
68.6 7.1869
68.625 9.78903
68.65 8.76364
68.675 4.87107
68.7 7.08334
68.725 -1.5537
68.75 0.383654
68.775 -27.8482
68.8 0.458981
68.825 -1.40824
68.85 7.30335
68.875 5.16343
68.9 9.13044
68.925 10.2286
68.95 7.70003
68.975 13.8118
69 7.77879
69.025 10.3845
69.05 9.3623
69.075 5.47248
69.1 7.69382
69.125 -0.940666
69.15 1.00171
69.175 -25.846
69.2 1.08307
69.225 -0.778618
69.25 7.94119
69.275 5.8082
69.3 9.779
69.325 10.8849
69.35 8.3596
69.375 14.4781
69.4 8.4499
69.425 11.0621
69.45 10.0477
69.475 6.16272
69.5 8.38923
69.525 -0.232327
69.55 1.71671
69.575 -23.4012
69.6 1.80139
69.625 -0.0455933
69.65 8.68109
69.675 6.54821
69.7 10.5283
69.725 11.6432
69.75 9.12333
69.775 15.2512
69.8 9.23149
69.825 11.8517
69.85 10.8447
69.875 6.97325
69.9 9.20256
69.925 0.603111
69.95 2.55451
69.975 -23.1311
70 2.66201
70.025 0.815155
70.05 9.55007
70.075 7.43103
70.1 11.4216
70.125 12.5445
70.15 10.0394
70.175 16.1751
70.2 10.1653
70.225 12.799
70.25 11.8019
70.275 7.9419
70.3 10.1867
70.325 1.58104
70.35 3.5609
70.375 -25.2132
70.4 3.70512
70.425 1.87515
70.45 10.6142
70.475 8.5149
70.5 12.5189
70.525 13.6568
70.55 11.1682
70.575 17.3223
70.6 11.332
70.625 13.9816
70.65 13.0051
70.675 9.16488
70.7 11.4283
70.725 2.85094
70.75 4.84373
70.775 -27.1447
70.8 5.02924
70.825 3.22432
70.85 11.9943
70.875 9.91957
70.9 13.9508
70.925 15.1177
70.95 12.6581
70.975 18.8428
71 12.8847
71.025 15.5673
71.05 14.626
71.075 10.8209
71.1 13.124
71.125 4.5857
71.15 6.62068
71.175 -29.6471
71.2 6.89881
71.225 5.14486
71.25 13.9645
71.275 11.9443
71.3 16.0341
71.325 17.2629
71.35 14.8688
71.375 21.1243
71.4 15.2412
71.425 18.0043
71.45 17.1496
71.475 13.4372
71.5 15.8417
71.525 7.4107
71.55 9.56679
71.575 -21.9292
71.6 10.1165
71.625 8.51572
71.65 17.5144
71.675 15.6899
71.7 19.9998
71.725 21.4794
71.75 19.3733
71.775 25.9626
71.8 20.4748
71.825 23.7146
71.85 23.4497
71.875 20.4952
71.9 23.9261
71.925 17.0219
71.95 21.9392
71.975 29.4201
72 21.9456
72.025 17.0366
72.05 23.9525
72.075 20.5311
72.1 23.4943
72.125 23.7684
72.15 20.5354
72.175 26.0336
72.2 19.4547
72.225 21.5675
72.25 20.0973
72.275 15.7959
72.3 17.6297
72.325 8.64431
72.35 10.2511
72.375 -19.7451
72.4 9.71613
72.425 7.56795
72.45 16.0103
72.475 13.6161
72.5 17.3366
72.525 18.2008
72.55 15.4446
72.575 21.3379
72.6 15.0935
72.625 17.4938
72.65 16.2742
72.675 12.1925
72.7 14.2227
72.725 5.40947
72.75 7.17814
72.775 -25.5735
72.8 6.90455
72.825 4.87482
72.85 13.4363
72.875 11.143
72.9 14.9557
72.925 15.9066
72.95 13.2304
72.975 19.1994
73 13.0257
73.025 15.492
73.05 14.3335
73.075 10.3113
73.1 12.3957
73.125 3.63369
73.15 5.44826
73.175 -25.4734
73.2 5.2771
73.225 3.29266
73.25 11.8839
73.275 9.62821
73.3 13.4783
73.325 14.4642
73.35 11.8215
73.375 17.8224
73.4 11.6796
73.425 14.1752
73.45 13.0449
73.475 9.05014
73.5 11.1602
73.525 2.42424
73.55 4.26075
73.575 -27.0224
73.6 4.13741
73.625 2.17086
73.65 10.7867
73.675 8.55135
73.7 12.4211
73.725 13.426
73.75 10.8014
73.775 16.8202
73.8 10.695
73.825 13.2069
73.85 12.0927
73.875 8.11574
73.9 10.2378
73.925 1.52068
73.95 3.36368
73.975 -21.8557
74 3.27079
74.025 1.34705
74.05 9.9525
74.075 7.71764
74.1 11.608
74.125 12.6245
74.15 10.0157
74.175 16.0434
74.2 9.92761
74.225 12.4515
74.25 11.3491
74.275 7.37809
74.3 9.51615
74.325 0.797586
74.35 2.67044
74.375 -28.0886
74.4 2.58322
74.425 0.637154
74.45 9.28173
74.475 7.06778
74.5 10.9578
74.525 11.9836
74.55 9.38052
74.575 15.4173
74.6 9.31052
74.625 11.8405
74.65 10.7462
74.675 6.78422
74.7 8.92715
74.725 0.222073
74.75 2.09533
74.775 -29.4166
74.8 2.03237
74.825 0.0987606
74.85 8.73362
74.875 6.52744
74.9 10.423
74.925 11.4551
74.95 8.85748
74.975 14.9007
75 8.79943
75.025 11.3367
75.05 10.2458
75.075 6.28924
75.1 8.4397
75.125 -0.258408
75.15 1.61961
75.175 -29.3079
75.2 1.56272
75.225 -0.366562
75.25 8.27639
75.275 6.07487
75.3 9.97606
75.325 11.0127
75.35 8.41927
75.375 14.4678
75.4 8.37145
75.425 10.9127
75.45 9.82732
75.475 5.87525
75.5 8.02807
75.525 -0.666519
75.55 1.21774
75.575 -26.6908
75.6 1.16634
75.625 -0.752905
75.65 7.89024
75.675 5.69688
75.7 9.59848
75.725 10.6383
75.75 8.04976
75.775 14.1014
75.8 8.00821
75.825 10.554
75.85 9.4701
75.875 5.51697
75.9 7.684
75.925 -1.0102
75.95 0.875998
75.975 -24.7243
76 0.84148
76.025 -1.08992
76.05 7.56561
76.075 5.3642
76.1 9.27715
76.125 10.3207
76.15 7.73601
76.175 13.7902
76.2 7.70166
76.225 10.249
76.25 9.17046
76.275 5.22541
76.3 7.38578
76.325 -1.31274
76.35 0.577814
76.375 -28.881
76.4 0.547373
76.425 -1.37147
76.45 7.286
76.475 5.09365
76.5 9.00477
76.525 10.0504
76.55 7.46497
76.575 13.5246
76.6 7.43896
76.625 9.98834
76.65 8.91298
76.675 4.97201
76.7 7.13169
76.725 -1.55226
76.75 0.334354
76.775 -32.1607
76.8 0.296028
76.825 -1.60735
76.85 7.04751
76.875 4.85684
76.9 8.77119
76.925 9.82056
76.95 7.2391
76.975 13.2995
77 7.21414
77.025 9.76742
77.05 8.69354
77.075 4.75181
77.1 6.91665
77.125 -1.75785
77.15 0.129223
77.175 -23.8553
77.2 0.111799
77.225 -1.81952
77.25 6.84831
77.275 4.66034
77.3 8.57598
77.325 9.626
77.35 7.04663
77.375 13.1097
77.4 7.02689
77.425 9.5824
77.45 8.50959
77.475 4.5704
77.5 6.7378
77.525 -1.93484
77.55 -0.0527592
77.575 -30.0625
77.6 -0.0681267
77.625 -1.99431
77.65 6.68098
77.675 4.49319
77.7 8.41243
77.725 9.46365
77.75 6.88773
77.775 12.9516
77.8 6.87086
77.825 9.42757
77.85 8.35874
77.875 4.42135
77.9 6.59054
77.925 -2.09482
77.95 -0.197191
77.975 -30.9063
78 -0.213074
78.025 -2.12438
78.05 6.54263
78.075 4.35751
78.1 8.27749
78.125 9.33168
78.15 6.75652
78.175 12.8232
78.2 6.74451
78.225 9.30231
78.25 8.23574
78.275 4.30025
78.3 6.47197
78.325 -2.21826
78.35 -0.308483
78.375 -27.1909
78.4 -0.320168
78.425 -2.22346
78.45 6.43172
78.475 4.24817
78.5 8.16984
78.525 9.22717
78.55 6.6544
78.575 12.7219
78.6 6.64498
78.625 9.20441
78.65 8.13846
78.675 4.20621
78.7 6.37741
78.725 -2.29448
78.75 -0.401604
78.775 -28.3627
78.8 -0.411068
78.825 -2.32968
78.85 6.34924
78.875 4.16628
78.9 8.09042
78.925 9.14804
78.95 6.57866
78.975 12.6466
79 6.57162
79.025 9.13092
79.05 8.0674
79.075 4.1361
79.1 6.31044
79.125 -2.3721
79.15 -0.45842
79.175 -25.4361
79.2 -0.4753
79.225 -2.41843
79.25 6.29565
79.275 4.11195
79.3 8.03597
79.325 9.09489
79.35 6.52308
79.375 12.5953
79.4 6.52143
79.425 9.08596
79.45 8.02011
79.475 4.08774
79.5 6.26658
79.525 -2.40261
79.55 -0.503479
79.575 -28.4012
79.6 -0.509678
79.625 -2.42812
79.65 6.25689
79.675 4.08032
79.7 8.00452
79.725 9.06487
79.75 6.4983
79.775 12.5683
79.8 6.49765
79.825 9.06073
79.85 7.99857
79.875 4.06511
79.9 6.24901
79.925 -2.44113
79.95 -0.521582
79.975 -26.897
80 -0.521172
80.025 -2.44001
80.05 6.24971
80.075 4.06432
80.1 7.99487
80.125 9.05884
80.15 6.49214
80.175 12.5653
80.2 6.49601
80.225 9.05908
80.25 8.00115
80.275 4.07629
80.3 6.24958
80.325 -2.41885
80.35 -0.511705
80.375 -28.0816
80.4 -0.513773
80.425 -2.40965
80.45 6.25745
80.475 4.08987
80.5 8.01516
80.525 9.0752
80.55 6.51086
80.575 12.5858
80.6 6.51657
80.625 9.0837
80.65 8.02562
80.675 4.09245
80.7 6.28549
80.725 -2.4406
80.75 -0.510466
80.775 -28.5826
80.8 -0.465973
80.825 -2.36357
80.85 6.29682
80.875 4.11754
80.9 8.0501
80.925 9.12206
80.95 6.554
80.975 12.6315
81 6.56467
81.025 9.13349
81.05 8.07453
81.075 4.15392
81.1 6.33178
81.125 -2.34032
81.15 -0.429995
81.175 -29.1499
81.2 -0.422924
81.225 -2.33133
81.25 6.35872
81.275 4.19024
81.3 8.11799
81.325 9.18911
81.35 6.62708
81.375 12.703
81.4 6.63842
81.425 9.2043
81.45 8.15145
81.475 4.22499
81.5 6.40932
81.525 -2.29111
81.55 -0.399117
81.575 -18.82
81.6 -0.336651
81.625 -2.22758
81.65 6.44685
81.675 4.26922
81.7 8.21031
81.725 9.27577
81.75 6.71533
81.775 12.796
81.8 6.72942
81.825 9.30652
81.85 8.24985
81.875 4.33043
81.9 6.51568
81.925 -2.153
81.95 -0.23897
81.975 -31.7615
82 -0.223377
82.025 -2.1261
82.05 6.56069
82.075 4.39192
82.1 8.32878
82.125 9.39808
82.15 6.83907
82.175 12.9206
82.2 6.85748
82.225 9.43325
82.25 8.37918
82.275 4.46113
82.3 6.64742
82.325 -2.01826
82.35 -0.103115
82.375 -29.0829
82.4 -0.0826912
82.425 -1.98199
82.45 6.70533
82.475 4.53747
82.5 8.47616
82.525 9.54809
82.55 6.9903
82.575 13.0742
82.6 7.01256
82.625 9.59016
82.65 8.53908
82.675 4.62272
82.7 6.81034
82.725 -1.8492
82.75 0.0648918
82.775 -36.0825
82.8 0.0988121
82.825 -1.79864
82.85 6.88083
82.875 4.71549
82.9 8.65572
82.925 9.73028
82.95 7.1734
82.975 13.2603
83 7.20178
83.025 9.78077
83.05 8.73307
83.075 4.81928
83.1 7.00618
83.125 -1.64893
83.15 0.267515
83.175 -26.3869
83.2 0.311913
83.225 -1.59736
83.25 7.08944
83.275 4.92664
83.3 8.87166
83.325 9.94649
83.35 7.39651
83.375 13.4832
83.4 7.4258
83.425 10.0061
83.45 8.96261
83.475 5.05138
83.5 7.24174
83.525 -1.41577
83.55 0.519657
83.575 -21.2929
83.6 0.547569
83.625 -1.33143
83.65 7.33527
83.675 5.17786
83.7 9.12328
83.725 10.203
83.75 7.65382
83.775 13.745
83.8 7.68987
83.825 10.2749
83.85 9.2316
83.875 5.32253
83.9 7.51865
83.925 -1.12091
83.95 0.790249
83.975 -23.5129
84 0.841633
84.025 -1.0705
84.05 7.63874
84.075 5.48018
84.1 9.42432
84.125 10.511
84.15 7.95845
84.175 14.0549
84.2 8.00284
84.225 10.5919
84.25 9.55026
84.275 5.64073
84.3 7.84632
84.325 -0.81764
84.35 1.1054
84.375 -25.0449
84.4 1.15225
84.425 -0.70578
84.45 7.98097
84.475 5.83054
84.5 9.78059
84.525 10.8666
84.55 8.32326
84.575 14.4209
84.6 8.37683
84.625 10.9666
84.65 9.92842
84.675 6.02705
84.7 8.22943
84.725 -0.43626
84.75 1.50435
84.775 -25.4061
84.8 1.56255
84.825 -0.309528
84.85 8.39214
84.875 6.24534
84.9 10.1982
84.925 11.2916
84.95 8.75289
84.975 14.8544
85 8.81125
85.025 11.4082
85.05 10.3766
85.075 6.47884
85.1 8.68797
85.125 0.0441017
85.15 1.97749
85.175 -27.5611
85.2 2.0408
85.225 0.174904
85.25 8.87943
85.275 6.73979
85.3 10.6998
85.325 11.7973
85.35 9.26437
85.375 15.3724
85.4 9.33678
85.425 11.9383
85.45 10.9127
85.475 7.02023
85.5 9.23803
85.525 0.603884
85.55 2.542
85.575 -26.5103
85.6 2.62384
85.625 0.771677
85.65 9.4701
85.675 7.34276
85.7 11.3045
85.725 12.4114
85.75 9.88767
85.775 16.0015
85.8 9.97187
85.825 12.5846
85.85 11.5624
85.875 7.67269
85.9 9.91403
85.925 1.31613
85.95 3.24028
85.975 -24.5335
86 3.33169
86.025 1.46056
86.05 10.2055
86.075 8.06673
86.1 12.0572
86.125 13.1678
86.15 10.6545
86.175 16.7832
86.2 10.7683
86.225 13.3875
86.25 12.3859
86.275 8.51592
86.3 10.7491
86.325 2.14558
86.35 4.10868
86.375 -21.9159
86.4 4.23295
86.425 2.39077
86.45 11.1268
86.475 9.01595
86.5 13.0124
86.525 14.142
86.55 11.645
86.575 17.7903
86.6 11.7916
86.625 14.4323
86.65 13.4477
86.675 9.59684
86.7 11.8533
86.725 3.26825
86.75 5.25133
86.775 -28.5903
86.8 5.42112
86.825 3.60596
86.85 12.3686
86.875 10.2838
86.9 14.3074
86.925 15.4659
86.95 12.998
86.975 19.1742
87 13.2073
87.025 15.8818
87.05 14.932
87.075 11.1182
87.1 13.4131
87.125 4.86188
87.15 6.89132
87.175 -27.8666
87.2 7.15481
87.225 5.38856
87.25 14.2037
87.275 12.1744
87.3 16.256
87.325 17.4769
87.35 15.0752
87.375 21.3216
87.4 15.4301
87.425 18.185
87.45 17.322
87.475 13.6012
87.5 15.9971
87.525 7.55614
87.55 9.70316
87.575 -26.3393
87.6 10.2399
87.625 8.63117
87.65 17.6212
87.675 15.788
87.7 20.0895
87.725 21.561
87.75 19.4468
87.775 26.0278
87.8 20.5318
87.825 23.7635
87.85 23.4906
87.875 20.5275
87.9 23.9502
87.925 17.0364
87.95 21.9453
87.975 30.5115
88 21.9395
88.025 17.0219
88.05 23.9285
88.075 20.4989
88.1 23.4537
88.125 23.7198
88.15 20.479
88.175 25.9689
88.2 19.3817
88.225 21.4868
88.25 20.0085
88.275 15.699
88.3 17.5249
88.325 8.53045
88.35 10.1283
88.375 -26.6933
88.4 9.58016
88.425 7.42309
88.45 15.8577
88.475 13.4547
88.5 17.1676
88.525 18.0231
88.55 15.2594
88.575 21.1449
88.6 14.8919
88.625 17.2842
88.65 16.0578
88.675 11.9682
88.7 13.9894
88.725 5.16451
88.75 6.92043
88.775 -18.548
88.8 6.65761
88.825 4.62196
88.85 13.154
88.875 10.8568
88.9 14.6598
88.925 15.6029
88.95 12.9203
88.975 18.8797
89 12.6977
89.025 15.1569
89.05 13.9898
89.075 9.9588
89.1 12.0367
89.125 3.26447
89.15 5.07556
89.175 -26.0295
89.2 4.88719
89.225 2.89167
89.25 11.4775
89.275 9.21441
89.3 13.0568
89.325 14.0348
89.35 11.3853
89.375 17.3776
89.4 11.225
89.425 13.7137
89.45 12.5769
89.475 8.57269
89.5 10.6751
89.525 1.9408
89.55 3.76144
89.575 -30.4157
89.6 3.62912
89.625 1.65882
89.65 10.255
89.675 8.01485
89.7 11.8746
89.725 12.8721
89.75 10.2406
89.775 16.2509
89.8 10.117
89.825 12.6226
89.85 11.5007
89.875 7.514
89.9 9.63093
89.925 0.902117
89.95 2.74483
89.975 -27.2719
90 2.63404
90.025 0.678797
90.05 9.29436
90.075 7.068
90.1 10.9394
90.125 11.9476
90.15 9.32927
90.175 15.3505
90.2 9.22819
90.225 11.7436
90.25 10.6324
90.275 6.65886
90.3 8.78123
90.325 0.0628643
90.35 1.9168
90.375 -23.6212
90.4 1.82783
90.425 -0.118195
90.45 8.50396
90.475 6.28414
90.5 10.1661
90.525 11.1837
90.55 8.57077
90.575 14.6019
90.6 8.48656
90.625 11.0109
90.65 9.90915
90.675 5.93861
90.7 8.07398
90.725 -0.634077
90.75 1.22355
90.775 -28.9169
90.8 1.14569
90.825 -0.798731
90.85 7.83475
90.875 5.62078
90.9 9.50946
90.925 10.5331
90.95 7.92773
90.975 13.9635
91 7.85357
91.025 10.3835
91.05 9.28758
91.075 5.32192
91.1 7.46493
91.125 -1.24664
91.15 0.61857
91.175 -29.5001
91.2 0.561756
91.225 -1.36938
91.25 7.25608
91.275 5.04603
91.3 8.94037
91.325 9.96955
91.35 7.36805
91.375 13.4091
91.4 7.30421
91.425 9.83886
91.45 8.74633
91.475 4.78602
91.5 6.93214
91.525 -1.76468
91.55 0.107328
91.575 -35.0799
91.6 0.0446777
91.625 -1.88675
91.65 6.74888
91.675 4.54365
91.7 8.44016
91.725 9.47418
91.75 6.87748
91.775 12.9213
91.8 6.82061
91.825 9.35839
91.85 8.26925
91.875 4.31476
91.9 6.46142
91.925 -2.23405
91.95 -0.359392
91.975 -30.8469
92 -0.411774
92.025 -2.34213
92.05 6.29963
92.075 4.0977
92.1 7.99857
92.125 9.03322
92.15 6.43971
92.175 12.4876
92.2 6.38984
92.225 8.93101
92.25 7.84498
92.275 3.89265
92.3 6.04442
92.325 -2.65294
92.35 -0.782087
92.375 -25.5385
92.4 -0.824327
92.425 -2.74618
92.45 5.89815
92.475 3.69982
92.5 7.60176
92.525 8.6416
92.55 6.04919
92.575 12.0995
92.6 6.0036
92.625 8.54763
92.65 7.46492
92.675 3.51397
92.7 5.66842
92.725 -3.0214
92.75 -1.13859
92.775 -29.0775
92.8 -1.18451
92.825 -3.11394
92.85 5.53961
92.875 3.3379
92.9 7.24783
92.925 8.28758
92.95 5.70022
92.975 11.7507
93 5.65996
93.025 8.20354
93.05 7.12104
93.075 3.17874
93.1 5.3311
93.125 -3.36388
93.15 -1.4787
93.175 -26.7556
93.2 -1.50928
93.225 -3.41671
93.25 5.21295
93.275 3.01811
93.3 6.92705
93.325 7.96792
93.35 5.38457
93.375 11.4367
93.4 5.34354
93.425 7.89186
93.45 6.8147
93.475 2.8795
93.5 5.02668
93.525 -3.68995
93.55 -1.80407
93.575 -26.5996
93.6 -1.83518
93.625 -3.66043
93.65 4.90679
93.675 2.74612
93.7 6.63344
93.725 7.68177
93.75 5.09393
93.775 11.1519
93.8 5.06311
93.825 7.61596
93.85 6.53481
93.875 2.57576
93.9 4.75016
93.925 -3.93412
93.95 -2.04955
93.975 -24.2929
94 -2.08134
94.025 -4.00368
94.05 4.65515
94.075 2.46243
94.1 6.37364
94.125 7.42143
94.15 4.83745
94.175 10.8948
94.2 4.80841
94.225 7.35878
94.25 6.2828
94.275 2.33406
94.3 4.50231
94.325 -4.17958
94.35 -2.29996
94.375 -31.7926
94.4 -2.32257
94.425 -4.23244
94.45 4.41189
94.475 2.22477
94.5 6.13749
94.525 7.1833
94.55 4.60169
94.575 10.6619
94.6 4.5747
94.625 7.13025
94.65 6.05563
94.675 2.11045
94.7 4.27815
94.725 -4.41117
94.75 -2.51738
94.775 -30.0805
94.8 -2.54639
94.825 -4.4625
94.85 4.19769
94.875 2.00599
94.9 5.92167
94.925 6.97359
94.95 4.38829
94.975 10.4512
95 4.36704
95.025 6.92373
95.05 5.84931
95.075 1.90751
95.1 4.06903
95.125 -4.60583
95.15 -2.7065
95.175 -27.0862
95.2 -2.74156
95.225 -4.65724
95.25 4.00429
95.275 1.8154
95.3 5.73145
95.325 6.78178
95.35 4.20069
95.375 10.2626
95.4 4.18087
95.425 6.73498
95.45 5.66592
95.475 1.72121
95.5 3.89121
95.525 -4.77565
95.55 -2.88188
95.575 -25.1697
95.6 -2.91595
95.625 -4.86294
95.65 3.82393
95.675 1.63711
95.7 5.55604
95.725 6.60852
95.75 4.03034
95.775 10.0935
95.8 4.01119
95.825 6.56823
95.85 5.49766
95.875 1.5607
95.9 3.72438
95.925 -4.94814
95.95 -3.05379
95.975 -26.492
96 -3.07839
96.025 -4.9909
96.05 3.66699
96.075 1.48353
96.1 5.4021
96.125 6.45446
96.15 3.88065
96.175 9.94277
96.2 3.86323
96.225 6.4178
96.25 5.35003
96.275 1.41083
96.3 3.58001
96.325 -5.09264
96.35 -3.20637
96.375 -25.7023
96.4 -3.21202
96.425 -5.14055
96.45 3.52647
96.475 1.34527
96.5 5.26509
96.525 6.31762
96.55 3.74489
96.575 9.80917
96.6 3.73104
96.625 6.28506
96.65 5.21857
96.675 1.27962
96.7 3.44333
96.725 -5.14855
96.75 -3.31527
96.775 -25.5179
96.8 -3.34522
96.825 -5.23511
96.85 3.40256
96.875 1.22025
96.9 5.14121
96.925 6.2038
96.95 3.62916
96.975 9.69193
97 3.61074
97.025 6.17144
97.05 5.1033
97.075 1.16338
97.1 3.33973
97.125 -5.30931
97.15 -3.44648
97.175 -23.9195
97.2 -3.46307
97.225 -5.39285
97.25 3.30172
97.275 1.11581
97.3 5.03613
97.325 6.10658
97.35 3.54106
97.375 9.59599
97.4 3.52775
97.425 6.07124
97.45 5.01006
97.475 1.06107
97.5 3.24161
97.525 -5.18265
97.55 -3.36614
97.575 -16.6852
97.6 -3.51963
97.625 -5.45061
97.65 3.21819
97.675 1.01448
97.7 4.95408
97.725 5.99451
97.75 3.41836
97.775 9.49762
97.8 3.41618
97.825 5.98877
97.85 4.92103
97.875 0.989439
97.9 3.16622
97.925 -5.5551
97.95 -3.5741
97.975 -21.8834
98 -3.60518
98.025 -5.67667
98.05 3.11755
98.075 0.995247
98.1 4.88119
98.125 5.93597
98.15 3.3454
98.175 9.4283
98.2 3.35082
98.225 5.91882
98.25 4.85252
98.275 0.934048
98.3 3.08616
98.325 -5.57457
98.35 -3.7011
98.375 -24.5204
98.4 -3.68989
98.425 -5.58625
98.45 3.07414
98.475 0.893593
98.5 4.81969
98.525 5.87566
98.55 3.29971
98.575 9.37382
98.6 3.2984
98.625 5.86352
98.65 4.80041
98.675 0.874346
98.7 3.04489
98.725 -5.60043
98.75 -3.74984
98.775 -26.3627
98.8 -3.72043
98.825 -5.64163
98.85 3.02645
98.875 0.849417
98.9 4.77488
98.925 5.83161
98.95 3.25821
98.975 9.3328
99 3.25461
99.025 5.82233
99.05 4.76282
99.075 0.833359
99.1 3.00261
99.125 -5.63866
99.15 -3.77952
99.175 -23.5586
99.2 -3.75417
99.225 -5.70269
99.25 2.99686
99.275 0.813526
99.3 4.74343
99.325 5.80117
99.35 3.22631
99.375 9.3049
99.4 3.23157
99.425 5.79774
99.45 4.73175
99.475 0.801575
99.5 2.98154
99.525 -5.67908
99.55 -3.8484
99.575 -22.2342
99.6 -3.79561
99.625 -5.74532
99.65 2.97312
99.675 0.787594
99.7 4.72289
99.725 5.7864
99.75 3.20026
99.775 9.29411
99.8 3.23284
99.825 5.77663
99.85 4.75147
99.875 0.817009
99.9 2.98421
99.925 -5.61919
99.95 -3.63909
99.975 -19.8493
