0 5.8998
0.025 3.99736
0.05 12.6685
0.075 10.4926
0.1 14.4222
0.125 15.4853
0.15 12.9206
0.175 18.9959
0.2 12.9261
0.225 15.4963
0.25 14.4387
0.275 10.5149
0.3 12.6959
0.325 4.02943
0.35 5.9372
0.375 -34.1529
0.4 5.9483
0.425 4.05174
0.45 12.729
0.475 10.5589
0.5 14.4939
0.525 15.5625
0.55 13.0034
0.575 19.0843
0.6 13.0201
0.625 15.596
0.65 14.5441
0.675 10.626
0.7 12.8128
0.725 4.15208
0.75 6.06616
0.775 -43.5437
0.8 6.08836
0.825 4.19773
0.85 12.881
0.875 10.7169
0.9 14.6579
0.925 15.7326
0.95 13.1796
0.975 19.2667
1 13.2087
1.025 15.7908
1.05 14.7452
1.075 10.8333
1.1 13.0266
1.125 4.37275
1.15 6.29281
1.175 -35.5927
1.2 6.32904
1.225 4.44517
1.25 13.1347
1.275 10.9774
1.3 14.9254
1.325 16.0069
1.35 13.4612
1.375 19.5553
1.4 13.5045
1.425 16.0941
1.45 15.0558
1.475 11.1517
1.5 13.3524
1.525 4.70524
1.55 6.63346
1.575 -31.9745
1.6 6.68588
1.625 4.80943
1.65 13.5082
1.675 11.3594
1.7 15.3159
1.725 16.4062
1.75 13.8692
1.775 19.9723
1.8 13.9306
1.825 16.5294
1.85 15.5006
1.875 11.6059
1.9 13.8164
1.925 5.17961
1.95 7.11777
1.975 -33.918
2 7.19056
2.025 5.32535
2.05 14.0345
2.075 11.8968
2.1 15.8646
2.125 16.9665
2.15 14.4413
2.175 20.5565
2.2 14.5271
2.225 17.1385
2.25 16.1226
2.275 12.241
2.3 14.4652
2.325 5.84236
2.35 7.79489
2.375 -36.1623
2.4 7.89697
2.425 6.04653
2.45 14.7718
2.475 12.6502
2.5 16.6346
2.525 17.7536
2.55 15.2459
2.575 21.3791
2.6 15.3683
2.625 17.9989
2.65 17.0028
2.675 13.1417
2.7 15.3868
2.725 6.78562
2.75 8.76066
2.775 -36.6398
2.8 8.91008
2.825 7.08468
2.85 15.8357
2.875 13.7409
2.9 17.7532
2.925 18.901
2.95 16.4236
2.975 22.5881
3 16.6099
3.025 19.2746
3.05 18.3141
3.075 14.4901
3.1 16.7742
3.125 8.21389
3.15 10.2318
3.175 -35.9268
3.2 10.4735
3.225 8.69818
3.25 17.5018
3.275 15.4627
3.3 19.5339
3.325 20.7444
3.35 18.3335
3.375 24.5689
3.4 18.6665
3.425 21.4123
3.45 20.5388
3.475 16.8086
3.5 19.1939
3.525 10.7436
3.55 12.8807
3.575 -36.1189
3.6 13.3961
3.625 11.779
3.65 20.7578
3.675 18.9148
3.7 23.2068
3.725 24.6681
3.75 22.5452
3.775 29.1156
3.8 23.609
3.825 26.8321
3.85 26.5491
3.875 23.5769
3.9 26.9896
3.925 20.066
3.95 24.966
3.975 23.9794
4 24.9394
4.025 20.0131
4.05 26.9099
4.075 23.4705
4.1 26.4162
4.125 26.6725
4.15 23.4233
4.175 28.903
4.2 22.3057
4.225 24.4024
4.25 22.9144
4.275 18.5959
4.3 20.4123
4.325 11.4066
4.35 12.9974
4.375 -37.8286
4.4 12.4285
4.425 10.2649
4.45 18.6885
4.475 16.2763
4.5 19.98
4.525 20.8267
4.55 18.0546
4.575 23.93
4.6 17.6675
4.625 20.0522
4.65 18.8148
4.675 14.717
4.7 16.7292
4.725 7.89843
4.75 9.64751
4.775 -29.8321
4.8 9.3517
4.825 7.30677
4.85 15.8404
4.875 13.5295
4.9 17.3266
4.925 18.2599
4.95 15.5687
4.975 21.5196
5 15.3278
5.025 17.7786
5.05 16.6036
5.075 12.5643
5.1 14.632
5.125 5.85422
5.15 7.65204
5.175 -33.6074
5.2 7.4482
5.225 5.44646
5.25 14.0198
5.275 11.7473
5.3 15.5813
5.325 16.5498
5.35 13.8923
5.375 19.8754
5.4 13.7145
5.425 16.195
5.45 15.0485
5.475 11.0366
5.5 13.1306
5.525 4.37814
5.55 6.20049
5.575 -39.1109
5.6 6.04291
5.625 4.06307
5.65 12.6576
5.675 10.4057
5.7 14.2595
5.725 15.2472
5.75 12.6083
5.775 18.6094
5.8 12.4659
5.825 14.9635
5.85 13.8334
5.875 9.83748
5.9 11.9469
5.925 3.20978
5.95 5.04651
5.975 -38.1157
6 4.91714
6.025 2.95077
6.05 11.5584
6.075 9.31912
6.1 13.1855
6.125 14.1854
6.15 11.5583
6.175 17.5711
6.2 11.4388
6.225 13.9474
6.25 12.8281
6.275 8.84273
6.3 10.9625
6.325 2.23598
6.35 4.0822
6.375 -32.9598
6.4 3.97216
6.425 2.01511
6.45 10.6309
6.475 8.4003
6.5 12.2755
6.525 13.2839
6.55 10.6652
6.575 16.6859
6.6 10.5616
6.625 13.078
6.65 11.966
6.675 7.98822
6.7 10.1154
6.725 1.39369
6.75 3.24855
6.775 -38.1221
6.8 3.15136
6.825 1.20115
6.85 9.82534
6.875 7.60143
6.9 11.4826
6.925 12.4972
6.95 9.88457
6.975 15.9113
7 9.793
7.025 12.3151
7.05 11.209
7.075 7.23673
7.1 9.36962
7.125 0.654736
7.15 2.51328
7.175 -35.8352
7.2 2.42575
7.225 0.482843
7.25 9.11087
7.275 6.89213
7.3 10.778
7.325 11.7975
7.35 9.18952
7.375 15.2209
7.4 9.107
7.425 11.634
7.45 10.5325
7.475 6.56516
7.5 8.70127
7.525 -0.00920868
7.55 1.85456
7.575 -35.1315
7.6 1.77637
7.625 -0.166294
7.65 8.46756
7.675 6.2521
7.7 10.1427
7.725 11.1657
7.75 8.56139
7.775 14.5968
7.8 8.48668
7.825 11.0172
7.85 9.91927
7.875 5.95536
7.9 8.09523
7.925 -0.612562
7.95 1.25497
7.975 -34.9735
8 1.18256
8.025 -0.75633
8.05 7.88167
8.075 5.66993
8.1 9.56314
8.125 10.5895
8.15 7.98827
8.175 14.0266
8.2 7.91948
8.225 10.4528
8.25 9.3579
8.275 5.39643
8.3 7.53976
8.325 -1.16388
8.35 0.707123
8.375 -32.6438
8.4 0.640636
8.425 -1.29713
8.45 7.34272
8.475 5.13349
8.5 9.02985
8.525 10.0585
8.55 7.46022
8.575 13.5011
8.6 7.39648
8.625 9.93233
8.65 8.83997
8.675 4.88068
8.7 7.02691
8.725 -1.67109
8.75 0.198412
8.775 -31.7183
8.8 0.139488
8.825 -1.79747
8.85 6.84432
8.875 4.63667
8.9 8.5355
8.925 9.56644
8.95 6.97009
8.975 13.0133
9 6.91103
9.025 9.44916
9.05 8.35876
9.075 4.40193
9.1 6.55021
9.125 -2.15044
9.15 -0.27338
9.175 -34.7307
9.2 -0.331715
9.225 -2.26657
9.25 6.37927
9.275 4.17295
9.3 8.07428
9.325 9.10734
9.35 6.51268
9.375 12.5582
9.4 6.45789
9.425 8.99754
9.45 7.90928
9.475 3.9543
9.5 6.10357
9.525 -2.59621
9.55 -0.717154
9.575 -31.0341
9.6 -0.769363
9.625 -2.70543
9.65 5.94524
9.675 3.73665
9.7 7.64321
9.725 8.67631
9.75 6.08254
9.775 12.1313
9.8 6.03436
9.825 8.5726
9.85 7.48814
9.875 3.52957
9.9 5.68577
9.925 -3.00126
9.95 -1.13715
9.975 -26.8887
10 -1.19052
10.025 -3.10423
10.05 5.53096
10.075 3.33675
10.1 7.23439
10.125 8.27281
10.15 5.68183
10.175 11.7288
10.2 5.63042
10.225 8.17507
10.25 7.08895
10.275 3.13776
10.3 5.28984
10.325 -3.40649
10.35 -1.52673
10.375 -32.7672
10.4 -1.57707
10.425 -3.49561
10.45 5.14625
10.475 2.94832
10.5 6.85111
10.525 7.88942
10.55 5.29983
10.575 11.3487
10.6 5.25208
10.625 7.7972
10.65 6.71271
10.675 2.76258
10.7 4.91589
10.725 -3.7768
10.75 -1.89714
10.775 -37.4689
10.8 -1.94378
10.825 -3.86568
10.85 4.78006
10.875 2.5825
10.9 6.48724
10.925 7.52673
10.95 4.93809
10.975 10.9882
11 4.89264
11.025 7.43908
11.05 6.35578
11.075 2.40666
11.1 4.5613
11.125 -4.12806
11.15 -2.25097
11.175 -36.0804
11.2 -2.29462
11.225 -4.21474
11.25 4.43184
11.275 2.23525
11.3 6.14114
11.325 7.182
11.35 4.59413
11.375 10.6455
11.4 4.55078
11.425 7.09851
11.45 6.01619
11.475 2.06822
11.5 4.22392
11.525 -4.46791
11.55 -2.58583
11.575 -36.0355
11.6 -2.62731
11.625 -4.54609
11.65 4.10076
11.675 1.90386
11.7 5.81184
11.725 6.85325
11.75 4.2668
11.775 10.3189
11.8 4.22512
11.825 6.77379
11.85 5.69243
11.875 1.74579
11.9 3.90174
11.925 -4.78525
11.95 -2.90389
11.975 -36.1066
12 -2.94618
12.025 -4.86644
12.05 3.78452
12.075 1.58813
12.1 5.49704
12.125 6.53983
12.15 3.95374
12.175 10.0069
12.2 3.91389
12.225 6.46429
12.25 5.38264
12.275 1.43711
12.3 3.59442
12.325 -5.08281
12.35 -3.2102
12.375 -31.1605
12.4 -3.24987
12.425 -5.17476
12.45 3.4826
12.475 1.28542
12.5 5.19539
12.525 6.24031
12.55 3.65445
12.575 9.70902
12.6 3.6158
12.625 6.16627
12.65 5.08722
12.675 1.14305
12.7 3.30009
12.725 -5.40221
12.75 -3.50084
12.775 -29.7572
12.8 -3.54109
12.825 -5.47416
12.85 3.19311
12.875 1.00193
12.9 4.91022
12.925 5.95026
12.95 3.36874
12.975 9.42298
13 3.33254
13.025 5.88172
13.05 4.80342
13.075 0.857737
13.1 3.01696
13.125 -5.6721
13.15 -3.78527
13.175 -34.1064
13.2 -3.82016
13.225 -5.74237
13.25 2.91466
13.275 0.720264
13.3 4.63221
13.325 5.67536
13.35 3.09319
13.375 9.14835
13.4 3.05711
13.425 5.6088
13.45 4.53044
13.475 0.586689
13.5 2.74611
13.525 -5.93781
13.55 -4.05822
13.575 -36.4833
13.6 -4.0825
13.625 -5.9986
13.65 2.64677
13.675 0.456665
13.7 4.36604
13.725 5.41069
13.75 2.8273
13.775 8.88419
13.8 2.79501
13.825 5.34628
13.85 4.26919
13.875 0.326101
13.9 2.48496
13.925 -6.1973
13.95 -4.31514
13.975 -37.6495
14 -4.34682
14.025 -6.26154
14.05 2.39006
14.075 0.199213
14.1 4.11023
14.125 5.15529
14.15 2.5728
14.175 8.63015
14.2 2.54133
14.225 5.09344
14.25 4.01699
14.275 0.0735073
14.3 2.23507
14.325 -6.45083
14.35 -4.5651
14.375 -38.881
14.4 -4.59668
14.425 -6.5075
14.45 2.14219
14.475 -0.0476933
14.5 3.86396
14.525 4.90936
14.55 2.32845
14.575 8.38557
14.6 2.29733
14.625 4.84964
14.65 3.77375
14.675 -0.168972
14.7 1.99288
14.725 -6.69136
14.75 -4.8061
14.775 -37.086
14.8 -4.83687
14.825 -6.75334
14.85 1.90377
14.875 -0.285484
14.9 3.62663
14.925 4.67181
14.95 2.09179
14.975 8.14939
15 2.06174
15.025 4.61445
15.05 3.53831
15.075 -0.40255
15.1 1.7594
15.125 -6.92663
15.15 -5.04627
15.175 -33.8256
15.2 -5.07072
15.225 -6.9693
15.25 1.67457
15.275 -0.515528
15.3 3.3966
15.325 4.44441
15.35 1.86313
15.375 7.92112
15.4 1.83368
15.425 4.3886
15.45 3.31353
15.475 -0.62429
15.5 1.53285
15.525 -7.14907
15.55 -5.26283
15.575 -36.1277
15.6 -5.28516
15.625 -7.21071
15.65 1.45094
15.675 -0.740118
15.7 3.17561
15.725 4.22253
15.75 1.64153
15.775 7.70139
15.8 1.61481
15.825 4.16889
15.85 3.09443
15.875 -0.845097
15.9 1.31481
15.925 -7.36507
15.95 -5.47982
15.975 -36.9293
16 -5.50593
16.025 -7.42192
16.05 1.23647
16.075 -0.954992
16.1 2.96116
16.125 4.00848
16.15 1.42849
16.175 7.48825
16.2 1.40176
16.225 3.95616
16.25 2.88282
16.275 -1.05653
16.3 1.10514
16.325 -7.57526
16.35 -5.68955
16.375 -38.5396
16.4 -5.71645
16.425 -7.63532
16.45 1.02679
16.475 -1.1614
16.5 2.75424
16.525 3.80133
16.55 1.22232
16.575 7.28229
16.6 1.19565
16.625 3.75055
16.65 2.67735
16.675 -1.26132
16.7 0.900404
16.725 -7.77287
16.75 -5.89201
16.775 -33.0406
16.8 -5.90813
16.825 -7.83698
16.85 0.826839
16.875 -1.36351
16.9 2.5529
16.925 3.60133
16.95 1.02145
16.975 7.08231
17 0.997219
17.025 3.55188
17.05 2.47882
17.075 -1.45919
17.1 0.703491
17.125 -7.9799
17.15 -6.08886
17.175 -33.341
17.2 -6.10562
17.225 -8.03484
17.25 0.631889
17.275 -1.56051
17.3 2.35847
17.325 3.40611
17.35 0.827272
17.375 6.8894
17.4 0.805075
17.425 3.35819
17.45 2.28793
17.475 -1.64359
17.5 0.509823
17.525 -8.19528
17.55 -6.29191
17.575 -27.4201
17.6 -6.30099
17.625 -8.21004
17.65 0.448837
17.675 -1.75851
17.7 2.17419
17.725 3.21721
17.75 0.632383
17.775 6.70234
17.8 0.62413
17.825 3.17116
17.85 2.10383
17.875 -1.86109
17.9 0.328938
17.925 -8.32363
17.95 -6.47736
17.975 -25.8894
18 -6.50771
18.025 -8.36973
18.05 0.246763
18.075 -1.91406
18.1 1.982
18.125 3.03918
18.15 0.460873
18.175 6.51894
18.2 0.431278
18.225 2.99322
18.25 1.91906
18.275 -2.02154
18.3 0.145771
18.325 -8.53514
18.35 -6.64837
18.375 -33.0456
18.4 -6.6744
18.425 -8.57052
18.45 0.0753136
18.475 -2.10158
18.5 1.80663
18.525 2.85938
18.55 0.280991
18.575 6.34249
18.6 0.257061
18.625 2.8168
18.65 1.74422
18.675 -2.1961
18.7 -0.0286484
18.725 -8.70718
18.75 -6.81263
18.775 -35.3427
18.8 -6.84573
18.825 -8.75386
18.85 -0.0955372
18.875 -2.27901
18.9 1.63638
18.925 2.6877
18.95 0.110159
18.975 6.17133
19 0.0851746
19.025 2.64577
19.05 1.57241
19.075 -2.3663
19.1 -0.199471
19.125 -8.87097
19.15 -6.98496
19.175 -33.7876
19.2 -7.01694
19.225 -8.91941
19.25 -0.264227
19.275 -2.4454
19.3 1.46809
19.325 2.52025
19.35 -0.0573444
19.375 6.00462
19.4 -0.0804348
19.425 2.47913
19.45 1.40697
19.475 -2.53136
19.5 -0.364864
19.525 -9.04061
19.55 -7.14877
19.575 -34.8119
19.6 -7.17494
19.625 -9.08328
19.65 -0.427439
19.675 -2.60994
19.7 1.30542
19.725 2.35771
19.75 -0.21903
19.775 5.84263
19.8 -0.242081
19.825 2.31804
19.85 1.24614
19.875 -2.69087
19.9 -0.525005
19.925 -9.19199
19.95 -7.31313
19.975 -34.0931
20 -7.3381
20.025 -9.24707
20.05 -0.584976
20.075 -2.77036
20.1 1.14744
20.125 2.19951
20.15 -0.3759
20.175 5.68514
20.2 -0.399542
20.225 2.1621
20.25 1.08847
20.275 -2.8464
20.3 -0.680195
20.325 -9.33552
20.35 -7.46685
20.375 -30.6802
20.4 -7.48934
20.425 -9.41664
20.45 -0.74028
20.475 -2.92452
20.5 0.992926
20.525 2.04437
20.55 -0.531582
20.575 5.53293
20.6 -0.553047
20.625 2.00576
20.65 0.937401
20.675 -3.00251
20.7 -0.834551
20.725 -9.53061
20.75 -7.62385
20.775 -36.5775
20.8 -7.63983
20.825 -9.55899
20.85 -0.889851
20.875 -3.07183
20.9 0.844021
20.925 1.89594
20.95 -0.679298
20.975 5.38373
21 -0.701139
21.025 1.85957
21.05 0.788145
21.075 -3.15115
21.1 -0.983089
21.125 -9.66559
21.15 -7.77345
21.175 -35.1583
21.2 -7.78578
21.225 -9.69917
21.25 -1.03495
21.275 -3.22537
21.3 0.698805
21.325 1.75059
21.35 -0.821821
21.375 5.23925
21.4 -0.845528
21.425 1.71371
21.45 0.644608
21.475 -3.2902
21.5 -1.12567
21.525 -9.79849
21.55 -7.91984
21.575 -36.5285
21.6 -7.91415
21.625 -9.81324
21.65 -1.17974
21.675 -3.35857
21.7 0.554533
21.725 1.61055
21.75 -0.96904
21.775 5.09737
21.8 -0.982929
21.825 1.5735
21.85 0.506161
21.875 -3.43034
21.9 -1.26617
21.925 -9.94028
21.95 -8.04804
21.975 -36.4691
22 -8.06485
22.025 -9.98388
22.05 -1.31825
22.075 -3.50065
22.1 0.417515
22.125 1.47166
22.15 -1.10439
22.175 4.96032
22.2 -1.12107
22.225 1.43689
22.25 0.369036
22.275 -3.56958
22.3 -1.40319
22.325 -10.0819
22.35 -8.20044
22.375 -31.1731
22.4 -8.21767
22.425 -10.1124
22.45 -1.45173
22.475 -3.63334
22.5 0.28405
22.525 1.33815
22.55 -1.23833
22.575 4.82631
22.6 -1.25607
22.625 1.30334
22.65 0.236839
22.675 -3.70086
22.7 -1.53352
22.725 -10.2014
22.75 -8.33634
22.775 -32.485
22.8 -8.34393
22.825 -10.2613
22.85 -1.58314
22.875 -3.76376
22.9 0.153685
22.925 1.2068
22.95 -1.36865
22.975 4.69632
23 -1.38698
23.025 1.17493
23.05 0.105124
23.075 -3.82707
23.1 -1.6641
23.125 -10.3395
23.15 -8.47898
23.175 -31.1256
23.2 -8.47466
23.225 -10.3736
23.25 -1.71013
23.275 -3.897
23.3 0.0228653
23.325 1.08091
23.35 -1.49621
23.375 4.56949
23.4 -1.51304
23.425 1.04774
23.45 -0.0206642
23.475 -3.95496
23.5 -1.7924
23.525 -10.4614
23.55 -8.63649
23.575 -28.6376
23.6 -8.6239
23.625 -10.5561
23.65 -1.83449
23.675 -4.03248
23.7 -0.106644
23.725 0.95866
23.75 -1.62882
23.775 4.44669
23.8 -1.63844
23.825 0.930807
23.85 -0.136322
23.875 -4.06754
23.9 -1.89571
23.925 -10.6087
23.95 -8.59101
23.975 -27.6205
24 -8.66337
24.025 -10.5527
24.05 -1.9549
24.075 -4.1296
24.1 -0.215666
24.125 0.83522
24.15 -1.73831
24.175 4.32537
24.2 -1.75714
24.225 0.803894
24.25 -0.260818
24.275 -4.19719
24.3 -2.02541
24.325 -10.7103
24.35 -8.78048
24.375 -32.8537
24.4 -8.81805
24.425 -10.7113
24.45 -2.07475
24.475 -4.24994
24.5 -0.335613
24.525 0.718042
24.55 -1.85711
24.575 4.20832
24.6 -1.87448
24.625 0.686867
24.65 -0.377441
24.675 -4.31055
24.7 -2.14397
24.725 -10.8199
24.75 -8.91214
24.775 -34.501
24.8 -8.937
24.825 -10.8361
24.85 -2.18977
24.875 -4.36818
24.9 -0.450823
24.925 0.603323
24.95 -1.97118
24.975 4.09388
25 -1.98959
25.025 0.572357
25.05 -0.492332
25.075 -4.42251
25.1 -2.25849
25.125 -10.9348
25.15 -9.02853
25.175 -33.4618
25.2 -9.04124
25.225 -10.94
25.25 -2.30157
25.275 -4.47914
25.3 -0.563681
25.325 0.492073
25.35 -2.08282
25.375 3.98238
25.4 -2.10052
25.425 0.458496
25.45 -0.602154
25.475 -4.52299
25.5 -2.37108
25.525 -11.071
25.55 -9.16603
25.575 -28.1989
25.6 -9.16714
25.625 -11.0202
25.65 -2.40653
25.675 -4.5873
25.7 -0.670692
25.725 0.386467
25.75 -2.19822
25.775 3.87339
25.8 -2.21197
25.825 0.356537
25.85 -0.710464
25.875 -4.66382
25.9 -2.47571
25.925 -11.1665
25.95 -9.24721
25.975 -37.259
26 -9.26022
26.025 -11.1711
26.05 -2.5162
26.075 -4.69125
26.1 -0.78138
26.125 0.281311
26.15 -2.30872
26.175 3.76248
26.2 -2.32952
26.225 0.236038
26.25 -0.811562
26.275 -4.7816
26.3 -2.57465
26.325 -11.2229
26.35 -9.35992
26.375 -28.9118
26.4 -9.41475
26.425 -11.2303
26.45 -2.62561
26.475 -4.81068
26.5 -0.876663
26.525 0.169704
26.55 -2.38292
26.575 3.67445
26.6 -2.39654
26.625 0.162821
26.65 -0.920774
26.675 -4.84637
26.7 -2.68195
26.725 -11.3683
26.75 -9.45305
26.775 -40.7931
26.8 -9.47907
26.825 -11.3828
26.85 -2.72042
26.875 -4.90854
26.9 -0.978621
26.925 0.0718594
26.95 -2.49555
26.975 3.56866
27 -2.50955
27.025 0.0535622
27.05 -1.02069
27.075 -4.95313
27.1 -2.78301
27.125 -11.4567
27.15 -9.54868
27.175 -37.035
27.2 -9.57473
27.225 -11.4728
27.25 -2.82144
27.275 -5.00039
27.3 -1.07839
27.325 -0.0259781
27.35 -2.59622
27.375 3.46968
27.4 -2.60907
27.425 -0.0456257
27.45 -1.11709
27.475 -5.04902
27.5 -2.88
27.525 -11.5544
27.55 -9.65211
27.575 -35.85
27.6 -9.67429
27.625 -11.5773
27.65 -2.91908
27.675 -5.0979
27.7 -1.17531
27.725 -0.120708
27.75 -2.69087
27.775 3.37485
27.8 -2.70422
27.825 -0.142071
27.85 -1.2116
27.875 -5.1431
27.9 -2.97526
27.925 -11.6446
27.95 -9.75387
27.975 -39.3388
28 -9.76456
28.025 -11.6798
28.05 -3.0113
28.075 -5.18835
28.1 -1.26826
28.125 -0.213024
28.15 -2.78376
28.175 3.28123
28.2 -2.79902
28.225 -0.234379
28.25 -1.30426
28.275 -5.23641
28.3 -3.06644
28.325 -11.7488
28.35 -9.84428
28.375 -42.683
28.4 -9.84653
28.425 -11.7579
28.45 -3.10358
28.475 -5.28217
28.5 -1.35986
28.525 -0.302801
28.55 -2.8769
28.575 3.19063
28.6 -2.89054
28.625 -0.324348
28.65 -1.39308
28.675 -5.32683
28.7 -3.15561
28.725 -11.8419
28.75 -9.93427
28.775 -37.5517
28.8 -9.93722
28.825 -11.8544
28.85 -3.19305
28.875 -5.36745
28.9 -1.44991
28.925 -0.390499
28.95 -2.9626
28.975 3.1027
29 -2.97862
29.025 -0.412748
29.05 -1.48628
29.075 -5.42368
29.1 -3.24667
29.125 -11.9163
29.15 -10.0327
29.175 -37.2696
29.2 -10.0401
29.225 -11.9174
29.25 -3.27404
29.275 -5.45683
29.3 -1.5344
29.325 -0.479774
29.35 -3.04762
29.375 3.01724
29.4 -3.05778
29.425 -0.501356
29.45 -1.56649
29.475 -5.49695
29.5 -3.32974
29.525 -11.998
29.55 -10.1056
29.575 -37.7667
29.6 -10.1191
29.625 -12.0187
29.65 -3.35989
29.675 -5.53793
29.7 -1.62022
29.725 -0.56052
29.75 -3.13496
29.775 2.93362
29.8 -3.14088
29.825 -0.583805
29.85 -1.64841
29.875 -5.58364
29.9 -3.41212
29.925 -12.0875
29.95 -10.1787
29.975 -37.3843
30 -10.1963
30.025 -12.1217
30.05 -3.44563
30.075 -5.63023
30.1 -1.70189
30.125 -0.644209
30.15 -3.21837
30.175 2.85167
30.2 -3.22525
30.225 -0.664936
30.25 -1.73019
30.275 -5.66311
30.3 -3.49858
30.325 -12.1587
30.35 -10.2868
30.375 -30.8604
30.4 -10.3189
30.425 -12.2107
30.45 -3.52242
30.475 -5.70042
30.5 -1.77943
30.525 -0.721437
30.55 -3.29716
30.575 2.77212
30.6 -3.30807
30.625 -0.743275
30.65 -1.8073
30.675 -5.73983
30.7 -3.57017
30.725 -12.2283
30.75 -10.3555
30.775 -34.7861
30.8 -10.3515
30.825 -12.3024
30.85 -3.60276
30.875 -5.7799
30.9 -1.8603
30.925 -0.799694
30.95 -3.37395
30.975 2.69534
31 -3.38204
31.025 -0.816921
31.05 -1.8832
31.075 -5.82001
31.1 -3.64625
31.125 -12.3137
31.15 -10.4598
31.175 -31.6048
31.2 -10.4469
31.225 -12.3497
31.25 -3.6759
31.275 -5.86124
31.3 -1.93469
31.325 -0.875374
31.35 -3.44924
31.375 2.62006
31.4 -3.46175
31.425 -0.892994
31.45 -1.96084
31.475 -5.89093
31.5 -3.72689
31.525 -12.3871
31.55 -10.5889
31.575 -28.881
31.6 -10.56
31.625 -12.5066
31.65 -3.74889
31.675 -5.9539
31.7 -2.01879
31.725 -0.943951
31.75 -3.53381
31.775 2.5488
31.8 -3.53452
31.825 -0.957806
31.85 -2.02113
31.875 -5.94994
31.9 -3.76656
31.925 -12.5007
31.95 -10.3957
31.975 -27.1221
32 -10.5007
32.025 -12.3931
32.05 -3.81777
32.075 -5.98552
32.1 -2.07265
32.125 -1.01943
32.15 -3.5884
32.175 2.47656
32.2 -3.60137
32.225 -1.03795
32.25 -2.10139
32.275 -6.03305
32.3 -3.8571
32.325 -12.5388
32.35 -10.5913
32.375 -31.2923
32.4 -10.6131
32.425 -12.5217
32.45 -3.8878
32.475 -6.06475
32.5 -2.14444
32.525 -1.08724
32.55 -3.65953
32.575 2.40789
32.6 -3.67105
32.625 -1.10583
32.65 -2.16907
32.675 -6.10009
32.7 -3.9295
32.725 -12.6054
32.75 -10.6793
32.775 -40.4874
32.8 -10.7135
32.825 -12.5963
32.85 -3.95916
32.875 -6.13275
32.9 -2.21271
32.925 -1.15595
32.95 -3.7288
32.975 2.34056
33 -3.74033
33.025 -1.1727
33.05 -2.23671
33.075 -6.16665
33.1 -3.9963
33.125 -12.679
33.15 -10.7508
33.175 -37.9265
33.2 -10.773
33.225 -12.6631
33.25 -4.02297
33.275 -6.19513
33.3 -2.27825
33.325 -1.21898
33.35 -3.7934
33.375 2.27497
33.4 -3.80714
33.425 -1.24064
33.45 -2.30031
33.475 -6.23201
33.5 -4.0616
33.525 -12.7368
33.55 -10.8176
33.575 -38.3554
33.6 -10.838
33.625 -12.7403
33.65 -4.08748
33.675 -6.25725
33.7 -2.34392
33.725 -1.28099
33.75 -3.85887
33.775 2.21081
33.8 -3.87264
33.825 -1.30642
33.85 -2.36205
33.875 -6.29684
33.9 -4.12357
33.925 -12.8245
33.95 -10.8992
33.975 -37.6846
34 -10.9097
34.025 -12.8036
34.05 -4.14904
34.075 -6.31607
34.1 -2.40994
34.125 -1.33857
34.15 -3.93001
34.175 2.14299
34.2 -3.9489
34.225 -1.38382
34.25 -2.41858
34.275 -6.38875
34.3 -4.1769
34.325 -12.8177
34.35 -10.9409
34.375 -28.5831
34.4 -11.0278
34.425 -12.7844
34.45 -4.21299
34.475 -6.40035
34.5 -2.45665
34.525 -1.40619
34.55 -3.94589
34.575 2.1051
34.6 -3.96004
34.625 -1.39955
34.65 -2.48976
34.675 -6.39847
34.7 -4.24406
34.725 -12.9389
34.75 -11.0138
34.775 -38.1374
34.8 -11.0241
34.825 -12.9094
34.85 -4.26571
34.875 -6.44875
34.9 -2.52477
34.925 -1.45328
34.95 -4.01748
34.975 2.0419
35 -4.03012
35.025 -1.46236
35.05 -2.54237
35.075 -6.4263
35.1 -4.29956
35.125 -13.0952
35.15 -11.1442
35.175 -27.8623
35.2 -11.0405
35.225 -12.9828
35.25 -4.32194
35.275 -6.50579
35.3 -2.5639
35.325 -1.53473
35.35 -4.09133
35.375 1.97997
35.4 -4.09317
35.425 -1.53032
35.45 -2.59958
35.475 -6.53363
35.5 -4.35485
35.525 -13.0273
35.55 -11.1291
35.575 -34.4021
35.6 -11.134
35.625 -13.0429
35.65 -4.38206
35.675 -6.55401
35.7 -2.62646
35.725 -1.57973
35.75 -4.14323
35.775 1.92662
35.8 -4.14712
35.825 -1.58439
35.85 -2.65242
35.875 -6.58292
35.9 -4.40944
35.925 -13.0834
35.95 -11.1798
35.975 -41.4699
36 -11.1817
36.025 -13.0837
36.05 -4.43246
36.075 -6.6025
36.1 -2.67962
36.125 -1.63022
36.15 -4.19386
36.175 1.87372
36.2 -4.2021
36.225 -1.63721
36.25 -2.70499
36.275 -6.63516
36.3 -4.46122
36.325 -13.125
36.35 -11.2315
36.375 -38.135
36.4 -11.2397
36.425 -13.14
36.45 -4.48544
36.475 -6.65603
36.5 -2.73359
36.525 -1.67746
36.55 -4.247
36.575 1.82277
36.6 -4.25421
36.625 -1.68695
36.65 -2.75397
36.675 -6.68598
36.7 -4.51101
36.725 -13.2111
36.75 -11.288
36.775 -34.225
36.8 -11.2792
36.825 -13.1721
36.85 -4.53481
36.875 -6.70195
36.9 -2.78256
36.925 -1.7259
36.95 -4.29047
36.975 1.77439
37 -4.29962
37.025 -1.73729
37.05 -2.8073
37.075 -6.74385
37.1 -4.55902
37.125 -13.2455
37.15 -11.3497
37.175 -37.1353
37.2 -11.3576
37.225 -13.2133
37.25 -4.57595
37.275 -6.75487
37.3 -2.83057
37.325 -1.77659
37.35 -4.34146
37.375 1.72645
37.4 -4.34463
37.425 -1.7838
37.45 -2.85187
37.475 -6.79696
37.5 -4.59922
37.525 -13.3141
37.55 -11.4246
37.575 -28.0709
37.6 -11.4328
37.625 -13.2252
37.65 -4.62062
37.675 -6.80432
37.7 -2.86963
37.725 -1.82485
37.75 -4.37818
37.775 1.6804
37.8 -4.40602
37.825 -1.83284
37.85 -2.89874
37.875 -6.80228
37.9 -4.66541
37.925 -13.2579
37.95 -11.3734
37.975 -29.9394
38 -11.4159
38.025 -13.359
38.05 -4.6726
38.075 -6.84703
38.1 -2.92212
38.125 -1.86514
38.15 -4.43507
38.175 1.63562
38.2 -4.44035
38.225 -1.87391
38.25 -2.94038
38.275 -6.85614
38.3 -4.70312
38.325 -13.3498
38.35 -11.4523
38.375 -36.5379
38.4 -11.4785
38.425 -13.397
38.45 -4.71194
38.475 -6.88514
38.5 -2.96331
38.525 -1.90518
38.55 -4.47704
38.575 1.59373
38.6 -4.4845
38.625 -1.9159
38.65 -2.98115
38.675 -6.9026
38.7 -4.73891
38.725 -13.3876
38.75 -11.4753
38.775 -30.3338
38.8 -11.4939
38.825 -13.4512
38.85 -4.75957
38.875 -6.92368
38.9 -3.00563
38.925 -1.94846
38.95 -4.51674
38.975 1.55284
39 -4.52024
39.025 -1.95458
39.05 -3.01659
39.075 -6.94862
39.1 -4.77497
39.125 -13.4289
39.15 -11.5513
39.175 -33.5914
39.2 -11.5169
39.225 -13.4088
39.25 -4.78905
39.275 -6.97235
39.3 -3.0385
39.325 -1.98677
39.35 -4.55627
39.375 1.51442
39.4 -4.5687
39.425 -1.9943
39.45 -3.06441
39.475 -6.99261
39.5 -4.82114
39.525 -13.524
39.55 -11.5536
39.575 -32.4758
39.6 -11.5672
39.625 -13.4979
39.65 -4.83387
39.675 -7.00122
39.7 -3.08077
39.725 -2.02242
39.75 -4.58998
39.775 1.47736
39.8 -4.5999
39.825 -2.0316
39.85 -3.09785
39.875 -7.02144
39.9 -4.85664
39.925 -13.5158
39.95 -11.5964
39.975 -32.7299
40 -11.61
40.025 -13.5342
40.05 -4.87058
40.075 -7.02999
40.1 -3.11336
40.125 -2.0579
40.15 -4.61823
40.175 1.44212
40.2 -4.62932
40.225 -2.06804
40.25 -3.13217
40.275 -7.04914
40.3 -4.89706
40.325 -13.6196
40.35 -11.6731
40.375 -29.0896
40.4 -11.6515
40.425 -13.5402
40.45 -4.89918
40.475 -7.10497
40.5 -3.16325
40.525 -2.10004
40.55 -4.66983
40.575 1.40463
40.6 -4.67219
40.625 -2.10227
40.65 -3.17117
40.675 -7.09048
40.7 -4.92758
40.725 -13.606
40.75 -11.702
40.775 -37.2996
40.8 -11.7068
40.825 -13.6088
40.85 -4.93788
40.875 -7.11607
40.9 -3.19205
40.925 -2.13146
40.95 -4.70049
40.975 1.37243
41 -4.70208
41.025 -2.1364
41.05 -3.20184
41.075 -7.1253
41.1 -4.95927
41.125 -13.6261
41.15 -11.7178
41.175 -35.8252
41.2 -11.7249
41.225 -13.6441
41.25 -4.96918
41.275 -7.14594
41.3 -3.2213
41.325 -2.16146
41.35 -4.73121
41.375 1.34136
41.4 -4.73601
41.425 -2.16839
41.45 -3.23197
41.475 -7.15598
41.5 -4.98647
41.525 -13.6452
41.55 -11.7481
41.575 -40.3131
41.6 -11.7671
41.625 -13.6664
41.65 -5.0018
41.675 -7.17284
41.7 -3.25163
41.725 -2.18912
41.75 -4.75771
41.775 1.31181
41.8 -4.76638
41.825 -2.19773
41.85 -3.26279
41.875 -7.1844
41.9 -5.01873
41.925 -13.6981
41.95 -11.793
41.975 -37.598
42 -11.7895
42.025 -13.6945
42.05 -5.03135
42.075 -7.20341
42.1 -3.28247
42.125 -2.21769
42.15 -4.78553
42.175 1.28259
42.2 -4.79406
42.225 -2.22703
42.25 -3.2906
42.275 -7.21393
42.3 -5.04817
42.325 -13.7087
42.35 -11.8045
42.375 -34.1509
42.4 -11.812
42.425 -13.7181
42.45 -5.05529
42.475 -7.23309
42.5 -3.31122
42.525 -2.24273
42.55 -4.8141
42.575 1.25603
42.6 -4.82164
42.625 -2.25256
42.65 -3.31821
42.675 -7.24765
42.7 -5.07041
42.725 -13.737
42.75 -11.8235
42.775 -36.3504
42.8 -11.8418
42.825 -13.7585
42.85 -5.08015
42.875 -7.25644
42.9 -3.34258
42.925 -2.25692
42.95 -4.83538
42.975 1.23283
43 -4.84053
43.025 -2.26978
43.05 -3.33826
43.075 -7.21652
43.1 -5.09802
43.125 -13.9169
43.15 -11.9614
43.175 -27.9001
43.2 -11.8213
43.225 -13.7879
43.25 -5.10091
43.275 -7.29391
43.3 -3.34312
43.325 -2.31546
43.35 -4.87176
43.375 1.2046
43.4 -4.86612
43.425 -2.30676
43.45 -3.36647
43.475 -7.31029
43.5 -5.12241
43.525 -13.7674
43.55 -11.8803
43.575 -37.7434
43.6 -11.8881
43.625 -13.8158
43.65 -5.12723
43.675 -7.32053
43.7 -3.3778
43.725 -2.32385
43.75 -4.88981
43.775 1.18358
43.8 -4.88793
43.825 -2.32893
43.85 -3.38781
43.875 -7.32735
43.9 -5.14401
43.925 -13.8048
43.95 -11.9077
43.975 -35.6752
44 -11.918
44.025 -13.765
44.05 -5.15766
44.075 -7.31042
44.1 -3.39763
44.125 -2.34614
44.15 -4.91396
44.175 1.16156
44.2 -4.91438
44.225 -2.34602
44.25 -3.40914
44.275 -7.33982
44.3 -5.16525
44.325 -13.7908
44.35 -11.9167
44.375 -39.129
44.4 -11.9388
44.425 -13.8179
44.45 -5.17538
44.475 -7.33815
44.5 -3.41927
44.525 -2.36309
44.55 -4.93207
44.575 1.14155
44.6 -4.93304
44.625 -2.36499
44.65 -3.42846
44.675 -7.35846
44.7 -5.18195
44.725 -13.8616
44.75 -11.9626
44.775 -37.5373
44.8 -11.9545
44.825 -13.8364
44.85 -5.1933
44.875 -7.35634
44.9 -3.43651
44.925 -2.38208
44.95 -4.9472
44.975 1.12391
45 -4.94892
45.025 -2.38334
45.05 -3.44589
45.075 -7.37682
45.1 -5.19791
45.125 -13.877
45.15 -11.9843
45.175 -35.7751
45.2 -11.9649
45.225 -13.8689
45.25 -5.20704
45.275 -7.37774
45.3 -3.45265
45.325 -2.39953
45.35 -4.96661
45.375 1.10709
45.4 -4.96064
45.425 -2.40013
45.45 -3.46156
45.475 -7.40961
45.5 -5.20984
45.525 -13.9441
45.55 -12.0551
45.575 -27.1968
45.6 -12.0373
45.625 -13.7623
45.65 -5.22232
45.675 -7.40508
45.7 -3.46447
45.725 -2.41742
45.75 -4.96998
45.775 1.09036
45.8 -4.99928
45.825 -2.41846
45.85 -3.48138
45.875 -7.37612
45.9 -5.24888
45.925 -13.817
45.95 -11.9475
45.975 -29.4686
46 -11.9819
46.025 -13.9232
46.05 -5.2402
46.075 -7.40656
46.1 -3.48683
46.125 -2.42761
46.15 -4.99503
46.175 1.07726
46.2 -4.99731
46.225 -2.42854
46.25 -3.49408
46.275 -7.40865
46.3 -5.25421
46.325 -13.8475
46.35 -12.0033
46.375 -33.4353
46.4 -12.0098
46.425 -13.9329
46.45 -5.25261
46.475 -7.42099
46.5 -3.4978
46.525 -2.43922
46.55 -5.00466
46.575 1.06484
46.6 -5.01026
46.625 -2.44377
46.65 -3.50209
46.675 -7.42157
46.7 -5.26103
46.725 -13.9195
46.75 -12.0082
46.775 -36.2115
46.8 -12.0216
46.825 -13.9394
46.85 -5.26373
46.875 -7.42572
46.9 -3.50686
46.925 -2.45147
46.95 -5.01779
46.975 1.05384
47 -5.02022
47.025 -2.45393
47.05 -3.51267
47.075 -7.43455
47.1 -5.27104
47.125 -13.9062
47.15 -12.0393
47.175 -33.4919
47.2 -12.0133
47.225 -13.9055
47.25 -5.26811
47.275 -7.44622
47.3 -3.51349
47.325 -2.45882
47.35 -5.02846
47.375 1.04489
47.4 -5.0351
47.425 -2.4636
47.45 -3.52802
47.475 -7.45408
47.5 -5.28582
47.525 -13.9678
47.55 -12.0082
47.575 -31.897
47.6 -12.0087
47.625 -13.927
47.65 -5.2847
47.675 -7.44381
47.7 -3.52527
47.725 -2.46681
47.75 -5.03571
47.775 1.0356
47.8 -5.04476
47.825 -2.47012
47.85 -3.53413
47.875 -7.43977
47.9 -5.29836
47.925 -13.9115
47.95 -12.0393
47.975 -30.5285
48 -12.0399
48.025 -13.956
48.05 -5.29571
48.075 -7.45351
48.1 -3.5291
48.125 -2.47679
48.15 -5.02987
48.175 1.0319
48.2 -5.03756
48.225 -2.4749
48.25 -3.54004
48.275 -7.47067
48.3 -5.29662
48.325 -14.0493
48.35 -12.0682
48.375 -29.8572
48.4 -12.0498
48.425 -13.9146
48.45 -5.29576
48.475 -7.4958
48.5 -3.55186
48.525 -2.48833
48.55 -5.05486
48.575 1.0218
48.6 -5.05244
48.625 -2.48606
48.65 -3.54683
48.675 -7.47396
48.7 -5.29704
48.725 -13.9706
48.75 -12.059
48.775 -32.991
48.8 -12.0622
48.825 -13.9812
48.85 -5.30239
48.875 -7.47595
48.9 -3.54938
48.925 -2.49089
48.95 -5.05701
48.975 1.01754
49 -5.05921
49.025 -2.48796
49.05 -3.55209
49.075 -7.47188
49.1 -5.3022
49.125 -13.9847
49.15 -12.0521
49.175 -31.7061
49.2 -12.0452
49.225 -13.9716
49.25 -5.30251
49.275 -7.48454
49.3 -3.55278
49.325 -2.49296
49.35 -5.06047
49.375 1.01657
49.4 -5.05799
49.425 -2.49236
49.45 -3.55415
49.475 -7.48152
49.5 -5.30356
49.525 -13.9665
49.55 -12.0518
49.575 -32.7898
49.6 -12.0647
49.625 -13.9606
49.65 -5.30626
49.675 -7.47918
49.7 -3.55359
49.725 -2.49177
49.75 -5.06303
49.775 1.01477
49.8 -5.05998
49.825 -2.49277
49.85 -3.55287
49.875 -7.47992
49.9 -5.30642
49.925 -13.9658
49.95 -12.0535
49.975 -33.1444
50 -12.0535
50.025 -13.9658
50.05 -5.30642
50.075 -7.47992
50.1 -3.55287
50.125 -2.49277
50.15 -5.05998
50.175 1.01477
50.2 -5.06303
50.225 -2.49177
50.25 -3.55359
50.275 -7.47918
50.3 -5.30626
50.325 -13.9606
50.35 -12.0647
50.375 -32.7898
50.4 -12.0518
50.425 -13.9665
50.45 -5.30356
50.475 -7.48152
50.5 -3.55415
50.525 -2.49236
50.55 -5.05799
50.575 1.01657
50.6 -5.06047
50.625 -2.49296
50.65 -3.55278
50.675 -7.48454
50.7 -5.30251
50.725 -13.9716
50.75 -12.0452
50.775 -31.7061
50.8 -12.0521
50.825 -13.9847
50.85 -5.3022
50.875 -7.47188
50.9 -3.55209
50.925 -2.48796
50.95 -5.05921
50.975 1.01754
51 -5.05701
51.025 -2.49089
51.05 -3.54938
51.075 -7.47595
51.1 -5.30239
51.125 -13.9812
51.15 -12.0622
51.175 -32.991
51.2 -12.059
51.225 -13.9706
51.25 -5.29704
51.275 -7.47396
51.3 -3.54683
51.325 -2.48606
51.35 -5.05244
51.375 1.0218
51.4 -5.05486
51.425 -2.48833
51.45 -3.55186
51.475 -7.4958
51.5 -5.29576
51.525 -13.9146
51.55 -12.0498
51.575 -29.8572
51.6 -12.0682
51.625 -14.0493
51.65 -5.29662
51.675 -7.47067
51.7 -3.54004
51.725 -2.4749
51.75 -5.03756
51.775 1.0319
51.8 -5.02987
51.825 -2.47679
51.85 -3.5291
51.875 -7.45351
51.9 -5.29571
51.925 -13.956
51.95 -12.0399
51.975 -30.5288
52 -12.0393
52.025 -13.9115
52.05 -5.29836
52.075 -7.43977
52.1 -3.53413
52.125 -2.47012
52.15 -5.04476
52.175 1.0356
52.2 -5.03571
52.225 -2.46681
52.25 -3.52527
52.275 -7.44381
52.3 -5.2847
52.325 -13.927
52.35 -12.0087
52.375 -31.897
52.4 -12.0082
52.425 -13.9678
52.45 -5.28582
52.475 -7.45408
52.5 -3.52802
52.525 -2.4636
52.55 -5.0351
52.575 1.04489
52.6 -5.02846
52.625 -2.45882
52.65 -3.51349
52.675 -7.44622
52.7 -5.26811
52.725 -13.9055
52.75 -12.0133
52.775 -33.4919
52.8 -12.0393
52.825 -13.9062
52.85 -5.27104
52.875 -7.43455
52.9 -3.51267
52.925 -2.45393
52.95 -5.02022
52.975 1.05384
53 -5.01779
53.025 -2.45147
53.05 -3.50686
53.075 -7.42572
53.1 -5.26373
53.125 -13.9394
53.15 -12.0216
53.175 -36.2115
53.2 -12.0082
53.225 -13.9195
53.25 -5.26103
53.275 -7.42157
53.3 -3.50209
53.325 -2.44377
53.35 -5.01026
53.375 1.06484
53.4 -5.00466
53.425 -2.43922
53.45 -3.4978
53.475 -7.42099
53.5 -5.25261
53.525 -13.9329
53.55 -12.0098
53.575 -33.4353
53.6 -12.0033
53.625 -13.8475
53.65 -5.25421
53.675 -7.40865
53.7 -3.49408
53.725 -2.42854
53.75 -4.99731
53.775 1.07726
53.8 -4.99503
53.825 -2.42761
53.85 -3.48683
53.875 -7.40656
53.9 -5.2402
53.925 -13.9232
53.95 -11.9819
53.975 -29.4686
54 -11.9475
54.025 -13.817
54.05 -5.24888
54.075 -7.37612
54.1 -3.48138
54.125 -2.41846
54.15 -4.99928
54.175 1.09036
54.2 -4.96998
54.225 -2.41742
54.25 -3.46447
54.275 -7.40508
54.3 -5.22232
54.325 -13.7623
54.35 -12.0373
54.375 -27.1968
54.4 -12.0551
54.425 -13.9441
54.45 -5.20984
54.475 -7.40961
54.5 -3.46156
54.525 -2.40013
54.55 -4.96064
54.575 1.10709
54.6 -4.96661
54.625 -2.39953
54.65 -3.45265
54.675 -7.37774
54.7 -5.20704
54.725 -13.8689
54.75 -11.9649
54.775 -35.7751
54.8 -11.9843
54.825 -13.877
54.85 -5.19791
54.875 -7.37682
54.9 -3.44589
54.925 -2.38334
54.95 -4.94892
54.975 1.12391
55 -4.9472
55.025 -2.38208
55.05 -3.43651
55.075 -7.35634
55.1 -5.1933
55.125 -13.8364
55.15 -11.9545
55.175 -37.5373
55.2 -11.9626
55.225 -13.8616
55.25 -5.18195
55.275 -7.35846
55.3 -3.42846
55.325 -2.36499
55.35 -4.93304
55.375 1.14155
55.4 -4.93207
55.425 -2.36309
55.45 -3.41927
55.475 -7.33815
55.5 -5.17538
55.525 -13.8179
55.55 -11.9388
55.575 -39.1268
55.6 -11.9167
55.625 -13.7908
55.65 -5.16525
55.675 -7.33982
55.7 -3.40914
55.725 -2.34602
55.75 -4.91438
55.775 1.16156
55.8 -4.91396
55.825 -2.34614
55.85 -3.39763
55.875 -7.31042
55.9 -5.15766
55.925 -13.765
55.95 -11.918
55.975 -35.6752
56 -11.9077
56.025 -13.8048
56.05 -5.14401
56.075 -7.32735
56.1 -3.38781
56.125 -2.32893
56.15 -4.88793
56.175 1.18358
56.2 -4.88981
56.225 -2.32385
56.25 -3.3778
56.275 -7.32053
56.3 -5.12723
56.325 -13.8158
56.35 -11.8881
56.375 -37.7434
56.4 -11.8803
56.425 -13.7674
56.45 -5.12241
56.475 -7.31029
56.5 -3.36647
56.525 -2.30676
56.55 -4.86612
56.575 1.2046
56.6 -4.87176
56.625 -2.31546
56.65 -3.34312
56.675 -7.29391
56.7 -5.10091
56.725 -13.7879
56.75 -11.8213
56.775 -27.9001
56.8 -11.9614
56.825 -13.9169
56.85 -5.09802
56.875 -7.21652
56.9 -3.33826
56.925 -2.26978
56.95 -4.84053
56.975 1.23283
57 -4.83538
57.025 -2.25692
57.05 -3.34258
57.075 -7.25644
57.1 -5.08015
57.125 -13.7585
57.15 -11.8418
57.175 -36.3504
57.2 -11.8235
57.225 -13.737
57.25 -5.07041
57.275 -7.24765
57.3 -3.31821
57.325 -2.25256
57.35 -4.82164
57.375 1.25603
57.4 -4.8141
57.425 -2.24273
57.45 -3.31122
57.475 -7.23309
57.5 -5.05529
57.525 -13.7181
57.55 -11.812
57.575 -34.1509
57.6 -11.8045
57.625 -13.7087
57.65 -5.04817
57.675 -7.21393
57.7 -3.2906
57.725 -2.22703
57.75 -4.79406
57.775 1.28259
57.8 -4.78553
57.825 -2.21769
57.85 -3.28247
57.875 -7.20341
57.9 -5.03135
57.925 -13.6945
57.95 -11.7895
57.975 -37.598
58 -11.793
58.025 -13.6981
58.05 -5.01873
58.075 -7.1844
58.1 -3.26279
58.125 -2.19773
58.15 -4.76638
58.175 1.31181
58.2 -4.75771
58.225 -2.18912
58.25 -3.25163
58.275 -7.17284
58.3 -5.0018
58.325 -13.6664
58.35 -11.7671
58.375 -40.3131
58.4 -11.7481
58.425 -13.6452
58.45 -4.98647
58.475 -7.15598
58.5 -3.23197
58.525 -2.16839
58.55 -4.73601
58.575 1.34136
58.6 -4.73121
58.625 -2.16146
58.65 -3.2213
58.675 -7.14594
58.7 -4.96918
58.725 -13.6441
58.75 -11.7249
58.775 -35.8252
58.8 -11.7178
58.825 -13.6261
58.85 -4.95927
58.875 -7.1253
58.9 -3.20184
58.925 -2.1364
58.95 -4.70208
58.975 1.37243
59 -4.70049
59.025 -2.13146
59.05 -3.19205
59.075 -7.11607
59.1 -4.93788
59.125 -13.6088
59.15 -11.7068
59.175 -37.2996
59.2 -11.702
59.225 -13.606
59.25 -4.92758
59.275 -7.09048
59.3 -3.17117
59.325 -2.10227
59.35 -4.67219
59.375 1.40463
59.4 -4.66983
59.425 -2.10004
59.45 -3.16325
59.475 -7.10497
59.5 -4.89918
59.525 -13.5402
59.55 -11.6515
59.575 -29.0896
59.6 -11.6731
59.625 -13.6196
59.65 -4.89706
59.675 -7.04914
59.7 -3.13217
59.725 -2.06804
59.75 -4.62932
59.775 1.44212
59.8 -4.61823
59.825 -2.0579
59.85 -3.11336
59.875 -7.02999
59.9 -4.87058
59.925 -13.5342
59.95 -11.61
59.975 -32.7299
60 -11.5964
60.025 -13.5158
60.05 -4.85664
60.075 -7.02144
60.1 -3.09785
60.125 -2.0316
60.15 -4.5999
60.175 1.47736
60.2 -4.58998
60.225 -2.02242
60.25 -3.08077
60.275 -7.00122
60.3 -4.83387
60.325 -13.4979
60.35 -11.5672
60.375 -32.4758
60.4 -11.5536
60.425 -13.524
60.45 -4.82114
60.475 -6.99261
60.5 -3.06441
60.525 -1.9943
60.55 -4.5687
60.575 1.51442
60.6 -4.55627
60.625 -1.98677
60.65 -3.0385
60.675 -6.97235
60.7 -4.78905
60.725 -13.4088
60.75 -11.5169
60.775 -33.5914
60.8 -11.5513
60.825 -13.4289
60.85 -4.77497
60.875 -6.94862
60.9 -3.01659
60.925 -1.95458
60.95 -4.52024
60.975 1.55284
61 -4.51674
61.025 -1.94846
61.05 -3.00563
61.075 -6.92368
61.1 -4.75957
61.125 -13.4512
61.15 -11.4939
61.175 -30.3338
61.2 -11.4753
61.225 -13.3876
61.25 -4.73891
61.275 -6.9026
61.3 -2.98115
61.325 -1.9159
61.35 -4.4845
61.375 1.59373
61.4 -4.47704
61.425 -1.90518
61.45 -2.96331
61.475 -6.88514
61.5 -4.71194
61.525 -13.397
61.55 -11.4785
61.575 -36.5379
61.6 -11.4523
61.625 -13.3498
61.65 -4.70312
61.675 -6.85614
61.7 -2.94038
61.725 -1.87391
61.75 -4.44035
61.775 1.63562
61.8 -4.43507
61.825 -1.86514
61.85 -2.92212
61.875 -6.84703
61.9 -4.6726
61.925 -13.359
61.95 -11.4159
61.975 -29.9394
62 -11.3734
62.025 -13.2579
62.05 -4.66541
62.075 -6.80228
62.1 -2.89874
62.125 -1.83284
62.15 -4.40602
62.175 1.6804
62.2 -4.37818
62.225 -1.82485
62.25 -2.86963
62.275 -6.80432
62.3 -4.62062
62.325 -13.2252
62.35 -11.4328
62.375 -28.0709
62.4 -11.4246
62.425 -13.3141
62.45 -4.59922
62.475 -6.79696
62.5 -2.85187
62.525 -1.7838
62.55 -4.34463
62.575 1.72645
62.6 -4.34146
62.625 -1.77659
62.65 -2.83057
62.675 -6.75487
62.7 -4.57595
62.725 -13.2133
62.75 -11.3576
62.775 -37.1353
62.8 -11.3497
62.825 -13.2455
62.85 -4.55902
62.875 -6.74385
62.9 -2.8073
62.925 -1.73729
62.95 -4.29962
62.975 1.77439
63 -4.29047
63.025 -1.7259
63.05 -2.78256
63.075 -6.70195
63.1 -4.53481
63.125 -13.1721
63.15 -11.2792
63.175 -34.225
63.2 -11.288
63.225 -13.2111
63.25 -4.51101
63.275 -6.68598
63.3 -2.75397
63.325 -1.68695
63.35 -4.25421
63.375 1.82277
63.4 -4.247
63.425 -1.67746
63.45 -2.73359
63.475 -6.65603
63.5 -4.48544
63.525 -13.14
63.55 -11.2397
63.575 -38.135
63.6 -11.2315
63.625 -13.125
63.65 -4.46122
63.675 -6.63516
63.7 -2.70499
63.725 -1.63721
63.75 -4.2021
63.775 1.87372
63.8 -4.19386
63.825 -1.63022
63.85 -2.67962
63.875 -6.6025
63.9 -4.43246
63.925 -13.0837
63.95 -11.1817
63.975 -41.4699
64 -11.1798
64.025 -13.0834
64.05 -4.40944
64.075 -6.58292
64.1 -2.65242
64.125 -1.58439
64.15 -4.14712
64.175 1.92662
64.2 -4.14323
64.225 -1.57973
64.25 -2.62646
64.275 -6.55401
64.3 -4.38206
64.325 -13.0429
64.35 -11.134
64.375 -34.4021
64.4 -11.1291
64.425 -13.0273
64.45 -4.35485
64.475 -6.53363
64.5 -2.59958
64.525 -1.53032
64.55 -4.09317
64.575 1.97997
64.6 -4.09133
64.625 -1.53473
64.65 -2.5639
64.675 -6.50579
64.7 -4.32194
64.725 -12.9828
64.75 -11.0405
64.775 -27.8623
64.8 -11.1442
64.825 -13.0952
64.85 -4.29956
64.875 -6.4263
64.9 -2.54237
64.925 -1.46236
64.95 -4.03012
64.975 2.0419
65 -4.01748
65.025 -1.45328
65.05 -2.52477
65.075 -6.44875
65.1 -4.26571
65.125 -12.9094
65.15 -11.0241
65.175 -38.1374
65.2 -11.0138
65.225 -12.9389
65.25 -4.24406
65.275 -6.39847
65.3 -2.48976
65.325 -1.39955
65.35 -3.96004
65.375 2.1051
65.4 -3.94589
65.425 -1.40619
65.45 -2.45665
65.475 -6.40035
65.5 -4.21299
65.525 -12.7844
65.55 -11.0278
65.575 -28.5831
65.6 -10.9409
65.625 -12.8177
65.65 -4.1769
65.675 -6.38875
65.7 -2.41858
65.725 -1.38382
65.75 -3.9489
65.775 2.14299
65.8 -3.93001
65.825 -1.33857
65.85 -2.40994
65.875 -6.31607
65.9 -4.14904
65.925 -12.8036
65.95 -10.9097
65.975 -37.6846
66 -10.8992
66.025 -12.8245
66.05 -4.12357
66.075 -6.29684
66.1 -2.36205
66.125 -1.30642
66.15 -3.87264
66.175 2.21081
66.2 -3.85887
66.225 -1.28099
66.25 -2.34392
66.275 -6.25725
66.3 -4.08748
66.325 -12.7403
66.35 -10.838
66.375 -38.3554
66.4 -10.8176
66.425 -12.7368
66.45 -4.0616
66.475 -6.23201
66.5 -2.30031
66.525 -1.24064
66.55 -3.80714
66.575 2.27497
66.6 -3.7934
66.625 -1.21898
66.65 -2.27825
66.675 -6.19513
66.7 -4.02297
66.725 -12.6631
66.75 -10.773
66.775 -37.9265
66.8 -10.7508
66.825 -12.679
66.85 -3.9963
66.875 -6.16665
66.9 -2.23671
66.925 -1.1727
66.95 -3.74033
66.975 2.34056
67 -3.7288
67.025 -1.15595
67.05 -2.21271
67.075 -6.13275
67.1 -3.95916
67.125 -12.5963
67.15 -10.7135
67.175 -40.4874
67.2 -10.6793
67.225 -12.6054
67.25 -3.9295
67.275 -6.10009
67.3 -2.16907
67.325 -1.10583
67.35 -3.67105
67.375 2.40789
67.4 -3.65953
67.425 -1.08724
67.45 -2.14444
67.475 -6.06475
67.5 -3.8878
67.525 -12.5217
67.55 -10.6131
67.575 -31.2923
67.6 -10.5913
67.625 -12.5388
67.65 -3.8571
67.675 -6.03305
67.7 -2.10139
67.725 -1.03795
67.75 -3.60137
67.775 2.47656
67.8 -3.5884
67.825 -1.01943
67.85 -2.07265
67.875 -5.98552
67.9 -3.81777
67.925 -12.3931
67.95 -10.5007
67.975 -27.1221
68 -10.3957
68.025 -12.5007
68.05 -3.76656
68.075 -5.94994
68.1 -2.02113
68.125 -0.957806
68.15 -3.53452
68.175 2.5488
68.2 -3.53381
68.225 -0.943951
68.25 -2.01879
68.275 -5.9539
68.3 -3.74889
68.325 -12.5066
68.35 -10.56
68.375 -28.881
68.4 -10.5889
68.425 -12.3871
68.45 -3.72689
68.475 -5.89093
68.5 -1.96084
68.525 -0.892994
68.55 -3.46175
68.575 2.62006
68.6 -3.44924
68.625 -0.875374
68.65 -1.93469
68.675 -5.86124
68.7 -3.6759
68.725 -12.3497
68.75 -10.4469
68.775 -31.6048
68.8 -10.4598
68.825 -12.3137
68.85 -3.64625
68.875 -5.82001
68.9 -1.8832
68.925 -0.816921
68.95 -3.38204
68.975 2.69534
69 -3.37395
69.025 -0.799694
69.05 -1.8603
69.075 -5.7799
69.1 -3.60276
69.125 -12.3024
69.15 -10.3515
69.175 -34.7861
69.2 -10.3555
69.225 -12.2283
69.25 -3.57017
69.275 -5.73983
69.3 -1.8073
69.325 -0.743275
69.35 -3.30807
69.375 2.77212
69.4 -3.29716
69.425 -0.721437
69.45 -1.77943
69.475 -5.70042
69.5 -3.52242
69.525 -12.2107
69.55 -10.3189
69.575 -30.8604
69.6 -10.2868
69.625 -12.1587
69.65 -3.49858
69.675 -5.66311
69.7 -1.73019
69.725 -0.664936
69.75 -3.22525
69.775 2.85167
69.8 -3.21837
69.825 -0.644209
69.85 -1.70189
69.875 -5.63023
69.9 -3.44563
69.925 -12.1217
69.95 -10.1963
69.975 -37.3843
70 -10.1787
70.025 -12.0875
70.05 -3.41212
70.075 -5.58364
70.1 -1.64841
70.125 -0.583805
70.15 -3.14088
70.175 2.93362
70.2 -3.13496
70.225 -0.56052
70.25 -1.62022
70.275 -5.53793
70.3 -3.35989
70.325 -12.0187
70.35 -10.1191
70.375 -37.7667
70.4 -10.1056
70.425 -11.998
70.45 -3.32974
70.475 -5.49695
70.5 -1.56649
70.525 -0.501356
70.55 -3.05778
70.575 3.01724
70.6 -3.04762
70.625 -0.479774
70.65 -1.5344
70.675 -5.45683
70.7 -3.27404
70.725 -11.9174
70.75 -10.0401
70.775 -37.2696
70.8 -10.0327
70.825 -11.9163
70.85 -3.24667
70.875 -5.42368
70.9 -1.48628
70.925 -0.412748
70.95 -2.97862
70.975 3.1027
71 -2.9626
71.025 -0.390499
71.05 -1.44991
71.075 -5.36745
71.1 -3.19305
71.125 -11.8544
71.15 -9.93722
71.175 -37.5517
71.2 -9.93427
71.225 -11.8419
71.25 -3.15561
71.275 -5.32683
71.3 -1.39308
71.325 -0.324348
71.35 -2.89054
71.375 3.19063
71.4 -2.8769
71.425 -0.302801
71.45 -1.35986
71.475 -5.28217
71.5 -3.10358
71.525 -11.7579
71.55 -9.84653
71.575 -42.683
71.6 -9.84428
71.625 -11.7488
71.65 -3.06644
71.675 -5.23641
71.7 -1.30426
71.725 -0.234379
71.75 -2.79902
71.775 3.28123
71.8 -2.78376
71.825 -0.213024
71.85 -1.26826
71.875 -5.18835
71.9 -3.0113
71.925 -11.6798
71.95 -9.76456
71.975 -39.3388
72 -9.75387
72.025 -11.6446
72.05 -2.97526
72.075 -5.1431
72.1 -1.2116
72.125 -0.142071
72.15 -2.70422
72.175 3.37485
72.2 -2.69087
72.225 -0.120708
72.25 -1.17531
72.275 -5.0979
72.3 -2.91908
72.325 -11.5773
72.35 -9.67429
72.375 -35.85
72.4 -9.65211
72.425 -11.5544
72.45 -2.88
72.475 -5.04902
72.5 -1.11709
72.525 -0.0456257
72.55 -2.60907
72.575 3.46968
72.6 -2.59622
72.625 -0.0259781
72.65 -1.07839
72.675 -5.00039
72.7 -2.82144
72.725 -11.4728
72.75 -9.57473
72.775 -37.035
72.8 -9.54868
72.825 -11.4567
72.85 -2.78301
72.875 -4.95313
72.9 -1.02069
72.925 0.0535622
72.95 -2.50955
72.975 3.56866
73 -2.49555
73.025 0.0718594
73.05 -0.978621
73.075 -4.90854
73.1 -2.72042
73.125 -11.3828
73.15 -9.47907
73.175 -40.7931
73.2 -9.45305
73.225 -11.3683
73.25 -2.68195
73.275 -4.84637
73.3 -0.920774
73.325 0.162821
73.35 -2.39654
73.375 3.67445
73.4 -2.38292
73.425 0.169704
73.45 -0.876663
73.475 -4.81068
73.5 -2.62561
73.525 -11.2303
73.55 -9.41475
73.575 -28.9118
73.6 -9.35992
73.625 -11.2229
73.65 -2.57465
73.675 -4.7816
73.7 -0.811562
73.725 0.236038
73.75 -2.32952
73.775 3.76248
73.8 -2.30872
73.825 0.281311
73.85 -0.78138
73.875 -4.69125
73.9 -2.5162
73.925 -11.1711
73.95 -9.26022
73.975 -37.259
74 -9.24721
74.025 -11.1665
74.05 -2.47571
74.075 -4.66382
74.1 -0.710464
74.125 0.356537
74.15 -2.21197
74.175 3.87339
74.2 -2.19822
74.225 0.386467
74.25 -0.670692
74.275 -4.5873
74.3 -2.40653
74.325 -11.0202
74.35 -9.16714
74.375 -28.1989
74.4 -9.16603
74.425 -11.071
74.45 -2.37108
74.475 -4.52299
74.5 -0.602154
74.525 0.458496
74.55 -2.10052
74.575 3.98238
74.6 -2.08282
74.625 0.492073
74.65 -0.563681
74.675 -4.47914
74.7 -2.30157
74.725 -10.94
74.75 -9.04124
74.775 -33.4618
74.8 -9.02853
74.825 -10.9348
74.85 -2.25849
74.875 -4.42251
74.9 -0.492332
74.925 0.572357
74.95 -1.98959
74.975 4.09388
75 -1.97118
75.025 0.603323
75.05 -0.450823
75.075 -4.36818
75.1 -2.18977
75.125 -10.8361
75.15 -8.937
75.175 -34.501
75.2 -8.91214
75.225 -10.8199
75.25 -2.14397
75.275 -4.31055
75.3 -0.377441
75.325 0.686867
75.35 -1.87448
75.375 4.20832
75.4 -1.85711
75.425 0.718042
75.45 -0.335613
75.475 -4.24994
75.5 -2.07475
75.525 -10.7113
75.55 -8.81805
75.575 -32.8537
75.6 -8.78048
75.625 -10.7103
75.65 -2.02541
75.675 -4.19719
75.7 -0.260818
75.725 0.803894
75.75 -1.75714
75.775 4.32537
75.8 -1.73831
75.825 0.83522
75.85 -0.215666
75.875 -4.1296
75.9 -1.9549
75.925 -10.5527
75.95 -8.66337
75.975 -27.6205
76 -8.59101
76.025 -10.6087
76.05 -1.89571
76.075 -4.06754
76.1 -0.136322
76.125 0.930807
76.15 -1.63844
76.175 4.44669
76.2 -1.62882
76.225 0.95866
76.25 -0.106644
76.275 -4.03248
76.3 -1.83449
76.325 -10.5561
76.35 -8.6239
76.375 -28.6376
76.4 -8.63649
76.425 -10.4614
76.45 -1.7924
76.475 -3.95496
76.5 -0.0206642
76.525 1.04774
76.55 -1.51304
76.575 4.56949
76.6 -1.49621
76.625 1.08091
76.65 0.0228653
76.675 -3.897
76.7 -1.71013
76.725 -10.3736
76.75 -8.47466
76.775 -31.1256
76.8 -8.47898
76.825 -10.3395
76.85 -1.6641
76.875 -3.82707
76.9 0.105124
76.925 1.17493
76.95 -1.38698
76.975 4.69632
77 -1.36865
77.025 1.2068
77.05 0.153685
77.075 -3.76376
77.1 -1.58314
77.125 -10.2613
77.15 -8.34393
77.175 -32.485
77.2 -8.33634
77.225 -10.2014
77.25 -1.53352
77.275 -3.70086
77.3 0.236839
77.325 1.30334
77.35 -1.25607
77.375 4.82631
77.4 -1.23833
77.425 1.33815
77.45 0.28405
77.475 -3.63334
77.5 -1.45173
77.525 -10.1124
77.55 -8.21767
77.575 -31.1731
77.6 -8.20044
77.625 -10.0819
77.65 -1.40319
77.675 -3.56958
77.7 0.369036
77.725 1.43689
77.75 -1.12107
77.775 4.96032
77.8 -1.10439
77.825 1.47166
77.85 0.417515
77.875 -3.50066
77.9 -1.31825
77.925 -9.98388
77.95 -8.06485
77.975 -36.4691
78 -8.04804
78.025 -9.94028
78.05 -1.26617
78.075 -3.43034
78.1 0.506161
78.125 1.5735
78.15 -0.982929
78.175 5.09737
78.2 -0.96904
78.225 1.61055
78.25 0.554533
78.275 -3.35857
78.3 -1.17974
78.325 -9.81324
78.35 -7.91415
78.375 -36.5285
78.4 -7.91984
78.425 -9.79849
78.45 -1.12567
78.475 -3.2902
78.5 0.644608
78.525 1.71371
78.55 -0.845528
78.575 5.23925
78.6 -0.821821
78.625 1.75059
78.65 0.698805
78.675 -3.22537
78.7 -1.03495
78.725 -9.69917
78.75 -7.78578
78.775 -35.1583
78.8 -7.77345
78.825 -9.66559
78.85 -0.983089
78.875 -3.15115
78.9 0.788145
78.925 1.85957
78.95 -0.701139
78.975 5.38373
79 -0.679298
79.025 1.89594
79.05 0.844021
79.075 -3.07183
79.1 -0.889851
79.125 -9.55899
79.15 -7.63983
79.175 -36.5775
79.2 -7.62385
79.225 -9.53061
79.25 -0.834551
79.275 -3.00251
79.3 0.937401
79.325 2.00576
79.35 -0.553047
79.375 5.53293
79.4 -0.531582
79.425 2.04437
79.45 0.992926
79.475 -2.92452
79.5 -0.74028
79.525 -9.41664
79.55 -7.48934
79.575 -30.6802
79.6 -7.46685
79.625 -9.33552
79.65 -0.680195
79.675 -2.8464
79.7 1.08847
79.725 2.1621
79.75 -0.399542
79.775 5.68514
79.8 -0.3759
79.825 2.19951
79.85 1.14744
79.875 -2.77036
79.9 -0.584976
79.925 -9.24707
79.95 -7.3381
79.975 -34.0931
80 -7.31313
80.025 -9.19199
80.05 -0.525005
80.075 -2.69087
80.1 1.24614
80.125 2.31804
80.15 -0.242081
80.175 5.84263
80.2 -0.21903
80.225 2.35771
80.25 1.30542
80.275 -2.60994
80.3 -0.427439
80.325 -9.08328
80.35 -7.17494
80.375 -34.8119
80.4 -7.14877
80.425 -9.04061
80.45 -0.364864
80.475 -2.53136
80.5 1.40697
80.525 2.47913
80.55 -0.0804348
80.575 6.00462
80.6 -0.0573444
80.625 2.52025
80.65 1.46809
80.675 -2.4454
80.7 -0.264227
80.725 -8.91941
80.75 -7.01694
80.775 -33.7876
80.8 -6.98496
80.825 -8.87097
80.85 -0.199471
80.875 -2.3663
80.9 1.57241
80.925 2.64577
80.95 0.0851746
80.975 6.17133
81 0.110159
81.025 2.6877
81.05 1.63638
81.075 -2.27901
81.1 -0.0955372
81.125 -8.75386
81.15 -6.84573
81.175 -35.3427
81.2 -6.81263
81.225 -8.70718
81.25 -0.0286484
81.275 -2.1961
81.3 1.74422
81.325 2.8168
81.35 0.257061
81.375 6.34249
81.4 0.280991
81.425 2.85938
81.45 1.80663
81.475 -2.10158
81.5 0.0753136
81.525 -8.57052
81.55 -6.6744
81.575 -33.0456
81.6 -6.64837
81.625 -8.53514
81.65 0.145771
81.675 -2.02154
81.7 1.91906
81.725 2.99322
81.75 0.431278
81.775 6.51894
81.8 0.460873
81.825 3.03918
81.85 1.982
81.875 -1.91406
81.9 0.246763
81.925 -8.36973
81.95 -6.50771
81.975 -25.8894
82 -6.47736
82.025 -8.32363
82.05 0.328938
82.075 -1.86109
82.1 2.10383
82.125 3.17116
82.15 0.62413
82.175 6.70234
82.2 0.632383
82.225 3.21721
82.25 2.17419
82.275 -1.75851
82.3 0.448837
82.325 -8.21004
82.35 -6.30099
82.375 -27.4201
82.4 -6.29191
82.425 -8.19528
82.45 0.509823
82.475 -1.64359
82.5 2.28793
82.525 3.35819
82.55 0.805075
82.575 6.8894
82.6 0.827272
82.625 3.40611
82.65 2.35847
82.675 -1.56051
82.7 0.631893
82.725 -8.03484
82.75 -6.10562
82.775 -33.341
82.8 -6.08886
82.825 -7.9799
82.85 0.703491
82.875 -1.45919
82.9 2.47882
82.925 3.55188
82.95 0.997219
82.975 7.08231
83 1.02145
83.025 3.60133
83.05 2.5529
83.075 -1.36351
83.1 0.826839
83.125 -7.83698
83.15 -5.90813
83.175 -33.0406
83.2 -5.89201
83.225 -7.77287
83.25 0.900404
83.275 -1.26132
83.3 2.67735
83.325 3.75055
83.35 1.19565
83.375 7.28229
83.4 1.22232
83.425 3.80133
83.45 2.75424
83.475 -1.1614
83.5 1.02679
83.525 -7.63532
83.55 -5.71645
83.575 -38.5396
83.6 -5.68955
83.625 -7.57526
83.65 1.10514
83.675 -1.05653
83.7 2.88282
83.725 3.95616
83.75 1.40176
83.775 7.48825
83.8 1.42849
83.825 4.00848
83.85 2.96116
83.875 -0.954992
83.9 1.23647
83.925 -7.42192
83.95 -5.50593
83.975 -36.9293
84 -5.47982
84.025 -7.36507
84.05 1.31481
84.075 -0.845097
84.1 3.09443
84.125 4.16889
84.15 1.61481
84.175 7.70139
84.2 1.64153
84.225 4.22253
84.25 3.17561
84.275 -0.740118
84.3 1.45094
84.325 -7.21071
84.35 -5.28516
84.375 -36.1277
84.4 -5.26283
84.425 -7.14907
84.45 1.53285
84.475 -0.62429
84.5 3.31353
84.525 4.3886
84.55 1.83368
84.575 7.92112
84.6 1.86313
84.625 4.44441
84.65 3.3966
84.675 -0.515528
84.7 1.67457
84.725 -6.9693
84.75 -5.07072
84.775 -33.8256
84.8 -5.04627
84.825 -6.92663
84.85 1.7594
84.875 -0.40255
84.9 3.53831
84.925 4.61445
84.95 2.06174
84.975 8.14939
85 2.09179
85.025 4.67181
85.05 3.62663
85.075 -0.285484
85.1 1.90377
85.125 -6.75334
85.15 -4.83687
85.175 -37.086
85.2 -4.8061
85.225 -6.69136
85.25 1.99288
85.275 -0.168972
85.3 3.77375
85.325 4.84964
85.35 2.29733
85.375 8.38557
85.4 2.32845
85.425 4.90936
85.45 3.86396
85.475 -0.0476933
85.5 2.14219
85.525 -6.5075
85.55 -4.59668
85.575 -38.881
85.6 -4.5651
85.625 -6.45083
85.65 2.23507
85.675 0.0735073
85.7 4.01699
85.725 5.09344
85.75 2.54133
85.775 8.63015
85.8 2.5728
85.825 5.15529
85.85 4.11023
85.875 0.199213
85.9 2.39006
85.925 -6.26154
85.95 -4.34682
85.975 -37.6495
86 -4.31514
86.025 -6.1973
86.05 2.48496
86.075 0.326101
86.1 4.26919
86.125 5.34628
86.15 2.79501
86.175 8.88419
86.2 2.8273
86.225 5.41069
86.25 4.36604
86.275 0.456665
86.3 2.64677
86.325 -5.9986
86.35 -4.0825
86.375 -36.4833
86.4 -4.05822
86.425 -5.93781
86.45 2.74611
86.475 0.586689
86.5 4.53044
86.525 5.6088
86.55 3.05711
86.575 9.14835
86.6 3.09319
86.625 5.67536
86.65 4.63221
86.675 0.720264
86.7 2.91466
86.725 -5.74237
86.75 -3.82016
86.775 -34.1064
86.8 -3.78527
86.825 -5.6721
86.85 3.01696
86.875 0.857737
86.9 4.80342
86.925 5.88172
86.95 3.33254
86.975 9.42298
87 3.36874
87.025 5.95026
87.05 4.91022
87.075 1.00193
87.1 3.19311
87.125 -5.47416
87.15 -3.54109
87.175 -29.7572
87.2 -3.50084
87.225 -5.40221
87.25 3.30009
87.275 1.14305
87.3 5.08722
87.325 6.16627
87.35 3.6158
87.375 9.70902
87.4 3.65445
87.425 6.24031
87.45 5.19539
87.475 1.28542
87.5 3.4826
87.525 -5.17476
87.55 -3.24987
87.575 -31.1605
87.6 -3.2102
87.625 -5.08281
87.65 3.59442
87.675 1.43711
87.7 5.38264
87.725 6.46429
87.75 3.91389
87.775 10.0069
87.8 3.95374
87.825 6.53983
87.85 5.49704
87.875 1.58813
87.9 3.78452
87.925 -4.86644
87.95 -2.94618
87.975 -36.1066
88 -2.90389
88.025 -4.78525
88.05 3.90174
88.075 1.74579
88.1 5.69243
88.125 6.77379
88.15 4.22512
88.175 10.3189
88.2 4.2668
88.225 6.85325
88.25 5.81184
88.275 1.90386
88.3 4.10076
88.325 -4.54609
88.35 -2.62731
88.375 -36.0355
88.4 -2.58583
88.425 -4.46791
88.45 4.22392
88.475 2.06822
88.5 6.01619
88.525 7.09851
88.55 4.55078
88.575 10.6455
88.6 4.59413
88.625 7.182
88.65 6.14114
88.675 2.23525
88.7 4.43184
88.725 -4.21474
88.75 -2.29462
88.775 -36.0804
88.8 -2.25097
88.825 -4.12806
88.85 4.5613
88.875 2.40666
88.9 6.35578
88.925 7.43908
88.95 4.89264
88.975 10.9882
89 4.93809
89.025 7.52673
89.05 6.48724
89.075 2.5825
89.1 4.78006
89.125 -3.86568
89.15 -1.94378
89.175 -37.4689
89.2 -1.89714
89.225 -3.7768
89.25 4.91589
89.275 2.76258
89.3 6.71271
89.325 7.7972
89.35 5.25208
89.375 11.3487
89.4 5.29983
89.425 7.88942
89.45 6.85111
89.475 2.94832
89.5 5.14625
89.525 -3.49561
89.55 -1.57707
89.575 -32.7672
89.6 -1.52673
89.625 -3.40649
89.65 5.28984
89.675 3.13776
89.7 7.08895
89.725 8.17507
89.75 5.63042
89.775 11.7288
89.8 5.68183
89.825 8.27281
89.85 7.23439
89.875 3.33675
89.9 5.53096
89.925 -3.10423
89.95 -1.19052
89.975 -26.8887
90 -1.13715
90.025 -3.00126
90.05 5.68577
90.075 3.52957
90.1 7.48814
90.125 8.5726
90.15 6.03436
90.175 12.1313
90.2 6.08254
90.225 8.67631
90.25 7.64321
90.275 3.73665
90.3 5.94524
90.325 -2.70543
90.35 -0.769363
90.375 -31.0341
90.4 -0.717154
90.425 -2.59621
90.45 6.10357
90.475 3.9543
90.5 7.90928
90.525 8.99754
90.55 6.45789
90.575 12.5582
90.6 6.51268
90.625 9.10734
90.65 8.07428
90.675 4.17295
90.7 6.37927
90.725 -2.26657
90.75 -0.331715
90.775 -34.7307
90.8 -0.27338
90.825 -2.15044
90.85 6.55021
90.875 4.40193
90.9 8.35876
90.925 9.44916
90.95 6.91103
90.975 13.0133
91 6.97009
91.025 9.56644
91.05 8.5355
91.075 4.63667
91.1 6.84432
91.125 -1.79747
91.15 0.139488
91.175 -31.7183
91.2 0.198412
91.225 -1.67109
91.25 7.02691
91.275 4.88068
91.3 8.83997
91.325 9.93233
91.35 7.39648
91.375 13.5011
91.4 7.46022
91.425 10.0585
91.45 9.02985
91.475 5.13349
91.5 7.34272
91.525 -1.29713
91.55 0.640636
91.575 -32.6438
91.6 0.707123
91.625 -1.16388
91.65 7.53976
91.675 5.39643
91.7 9.3579
91.725 10.4528
91.75 7.91948
91.775 14.0266
91.8 7.98827
91.825 10.5895
91.85 9.56314
91.875 5.66993
91.9 7.88167
91.925 -0.75633
91.95 1.18256
91.975 -34.9735
92 1.25497
92.025 -0.612562
92.05 8.09523
92.075 5.95536
92.1 9.91927
92.125 11.0172
92.15 8.48668
92.175 14.5968
92.2 8.56139
92.225 11.1657
92.25 10.1427
92.275 6.2521
92.3 8.46756
92.325 -0.166294
92.35 1.77637
92.375 -35.1315
92.4 1.85456
92.425 -0.00920868
92.45 8.70127
92.475 6.56516
92.5 10.5325
92.525 11.634
92.55 9.107
92.575 15.2209
92.6 9.18952
92.625 11.7975
92.65 10.778
92.675 6.89213
92.7 9.11087
92.725 0.482843
92.75 2.42575
92.775 -35.8352
92.8 2.51328
92.825 0.654736
92.85 9.36962
92.875 7.23673
92.9 11.209
92.925 12.3151
92.95 9.793
92.975 15.9113
93 9.88457
93.025 12.4972
93.05 11.4826
93.075 7.60143
93.1 9.82534
93.125 1.20115
93.15 3.15136
93.175 -38.1221
93.2 3.24855
93.225 1.39369
93.25 10.1154
93.275 7.98822
93.3 11.966
93.325 13.078
93.35 10.5616
93.375 16.6859
93.4 10.6652
93.425 13.2839
93.45 12.2755
93.475 8.4003
93.5 10.6309
93.525 2.01511
93.55 3.97216
93.575 -32.9598
93.6 4.0822
93.625 2.23598
93.65 10.9625
93.675 8.84273
93.7 12.8281
93.725 13.9474
93.75 11.4388
93.775 17.5711
93.8 11.5583
93.825 14.1854
93.85 13.1855
93.875 9.31912
93.9 11.5584
93.925 2.95077
93.95 4.91714
93.975 -38.1157
94 5.04651
94.025 3.20978
94.05 11.9469
94.075 9.83748
94.1 13.8334
94.125 14.9635
94.15 12.4659
94.175 18.6094
94.2 12.6083
94.225 15.2472
94.25 14.2595
94.275 10.4057
94.3 12.6576
94.325 4.06307
94.35 6.04291
94.375 -39.1109
94.4 6.20049
94.425 4.37814
94.45 13.1306
94.475 11.0366
94.5 15.0485
94.525 16.195
94.55 13.7145
94.575 19.8754
94.6 13.8923
94.625 16.5498
94.65 15.5813
94.675 11.7473
94.7 14.0198
94.725 5.44646
94.75 7.4482
94.775 -33.6074
94.8 7.65204
94.825 5.85422
94.85 14.632
94.875 12.5643
94.9 16.6036
94.925 17.7786
94.95 15.3278
94.975 21.5196
95 15.5687
95.025 18.2599
95.05 17.3266
95.075 13.5295
95.1 15.8404
95.125 7.30677
95.15 9.3517
95.175 -29.8321
95.2 9.64751
95.225 7.89843
95.25 16.7292
95.275 14.717
95.3 18.8148
95.325 20.0522
95.35 17.6675
95.375 23.93
95.4 18.0546
95.425 20.8267
95.45 19.98
95.475 16.2763
95.5 18.6885
95.525 10.2649
95.55 12.4285
95.575 -37.8286
95.6 12.9974
95.625 11.4066
95.65 20.4123
95.675 18.5959
95.7 22.9144
95.725 24.4024
95.75 22.3057
95.775 28.903
95.8 23.4233
95.825 26.6725
95.85 26.4162
95.875 23.4705
95.9 26.9099
95.925 20.0131
95.95 24.9394
95.975 23.9794
96 24.966
96.025 20.066
96.05 26.9896
96.075 23.5769
96.1 26.5491
96.125 26.8321
96.15 23.609
96.175 29.1156
96.2 22.5452
96.225 24.6681
96.25 23.2068
96.275 18.9148
96.3 20.7578
96.325 11.779
96.35 13.3961
96.375 -36.1189
96.4 12.8807
96.425 10.7436
96.45 19.1939
96.475 16.8086
96.5 20.5388
96.525 21.4123
96.55 18.6665
96.575 24.5689
96.6 18.3335
96.625 20.7444
96.65 19.5339
96.675 15.4627
96.7 17.5018
96.725 8.69818
96.75 10.4735
96.775 -35.9268
96.8 10.2318
96.825 8.21389
96.85 16.7742
96.875 14.4901
96.9 18.3141
96.925 19.2746
96.95 16.6099
96.975 22.5881
97 16.4236
97.025 18.901
97.05 17.7532
97.075 13.7409
97.1 15.8357
97.125 7.08468
97.15 8.91008
97.175 -36.6398
97.2 8.76066
97.225 6.78562
97.25 15.3868
97.275 13.1417
97.3 17.0028
97.325 17.9989
97.35 15.3683
97.375 21.3791
97.4 15.2459
97.425 17.7536
97.45 16.6346
97.475 12.6502
97.5 14.7718
97.525 6.04653
97.55 7.89697
97.575 -36.1623
97.6 7.79489
97.625 5.84236
97.65 14.4652
97.675 12.241
97.7 16.1226
97.725 17.1385
97.75 14.5271
97.775 20.5565
97.8 14.4413
97.825 16.9665
97.85 15.8646
97.875 11.8968
97.9 14.0345
97.925 5.32535
97.95 7.19056
97.975 -33.918
98 7.11777
98.025 5.17961
98.05 13.8164
98.075 11.6059
98.1 15.5006
98.125 16.5294
98.15 13.9306
98.175 19.9723
98.2 13.8692
98.225 16.4062
98.25 15.3159
98.275 11.3594
98.3 13.5082
98.325 4.80943
98.35 6.68588
98.375 -31.9745
98.4 6.63346
98.425 4.70524
98.45 13.3524
98.475 11.1517
98.5 15.0558
98.525 16.0941
98.55 13.5045
98.575 19.5553
98.6 13.4612
98.625 16.0069
98.65 14.9254
98.675 10.9774
98.7 13.1347
98.725 4.44517
98.75 6.32904
98.775 -35.5927
98.8 6.29281
98.825 4.37275
98.85 13.0266
98.875 10.8333
98.9 14.7452
98.925 15.7908
98.95 13.2087
98.975 19.2667
99 13.1796
99.025 15.7326
99.05 14.6579
99.075 10.7169
99.1 12.881
99.125 4.19773
99.15 6.08836
99.175 -43.5437
99.2 6.06616
99.225 4.15208
99.25 12.8128
99.275 10.626
99.3 14.5441
99.325 15.596
99.35 13.0201
99.375 19.0843
99.4 13.0034
99.425 15.5625
99.45 14.4939
99.475 10.5589
99.5 12.729
99.525 4.05174
99.55 5.9483
99.575 -34.1529
99.6 5.9372
99.625 4.02943
99.65 12.6959
99.675 10.5149
99.7 14.4387
99.725 15.4963
99.75 12.9261
99.775 18.9959
99.8 12.9206
99.825 15.4853
99.85 14.4222
99.875 10.4926
99.9 12.6685
99.925 3.99736
99.95 5.8998
99.975 -31.0026
