0 1.22315
0.001 -2.79599
0.002 -6.81444
0.003 -10.8312
0.004 -14.8453
0.005 -18.8558
0.006 -22.8615
0.007 -26.8617
0.008 -30.8552
0.009 -34.8412
0.01 -38.8185
0.011 -42.7863
0.012 -46.7435
0.013 -50.6892
0.014 -54.6225
0.015 -58.5422
0.016 -62.4475
0.017 -66.3375
0.018 -70.211
0.019 -74.0673
0.02 -77.9053
0.021 -81.7241
0.022 -85.5228
0.023 -89.3004
0.024 -93.056
0.025 -96.7886
0.026 -100.497
0.027 -104.181
0.028 -107.84
0.029 -111.471
0.03 -115.076
0.031 -118.652
0.032 -122.198
0.033 -125.715
0.034 -129.2
0.035 -132.654
0.036 -136.075
0.037 -139.463
0.038 -142.816
0.039 -146.134
0.04 -149.416
0.041 -152.661
0.042 -155.868
0.043 -159.037
0.044 -162.167
0.045 -165.257
0.046 -168.306
0.047 -171.313
0.048 -174.279
0.049 -177.201
0.05 -180.08
0.051 -182.914
0.052 -185.704
0.053 -188.447
0.054 -191.144
0.055 -193.794
0.056 -196.396
0.057 -198.95
0.058 -201.455
0.059 -203.91
0.06 -206.315
0.061 -208.669
0.062 -210.971
0.063 -213.222
0.064 -215.42
0.065 -217.564
0.066 -219.656
0.067 -221.693
0.068 -223.675
0.069 -225.603
0.07 -227.474
0.071 -229.29
0.072 -231.049
0.073 -232.751
0.074 -234.396
0.075 -235.983
0.076 -237.512
0.077 -238.982
0.078 -240.394
0.079 -241.746
0.08 -243.039
0.081 -244.271
0.082 -245.444
0.083 -246.556
0.084 -247.607
0.085 -248.597
0.086 -249.526
0.087 -250.393
0.088 -251.199
0.089 -251.943
0.09 -252.624
0.091 -253.244
0.092 -253.801
0.093 -254.295
0.094 -254.727
0.095 -255.096
0.096 -255.402
0.097 -255.645
0.098 -255.825
0.099 -255.942
0.1 -255.996
0.101 -255.987
0.102 -255.915
0.103 -255.779
0.104 -255.581
0.105 -255.32
0.106 -254.995
0.107 -254.608
0.108 -254.158
0.109 -253.646
0.11 -253.071
0.111 -252.433
0.112 -251.733
0.113 -250.972
0.114 -250.148
0.115 -249.263
0.116 -248.316
0.117 -247.308
0.118 -246.24
0.119 -245.11
0.12 -243.92
0.121 -242.67
0.122 -241.36
0.123 -239.991
0.124 -238.562
0.125 -237.075
0.126 -235.529
0.127 -233.925
0.128 -232.264
0.129 -230.545
0.13 -228.769
0.131 -226.937
0.132 -225.05
0.133 -223.106
0.134 -221.108
0.135 -219.055
0.136 -216.948
0.137 -214.788
0.138 -212.575
0.139 -210.309
0.14 -207.991
0.141 -205.623
0.142 -203.203
0.143 -200.734
0.144 -198.215
0.145 -195.647
0.146 -193.031
0.147 -190.367
0.148 -187.656
0.149 -184.9
0.15 -182.097
0.151 -179.25
0.152 -176.358
0.153 -173.423
0.154 -170.446
0.155 -167.426
0.156 -164.365
0.157 -161.264
0.158 -158.122
0.159 -154.942
0.16 -151.724
0.161 -148.468
0.162 -145.175
0.163 -141.847
0.164 -138.484
0.165 -135.087
0.166 -131.656
0.167 -128.193
0.168 -124.699
0.169 -121.173
0.17 -117.618
0.171 -114.034
0.172 -110.421
0.173 -106.782
0.174 -103.116
0.175 -99.4247
0.176 -95.7089
0.177 -91.9696
0.178 -88.2075
0.179 -84.4237
0.18 -80.6191
0.181 -76.7946
0.182 -72.9512
0.183 -69.0898
0.184 -65.2114
0.185 -61.3169
0.186 -57.4073
0.187 -53.4836
0.188 -49.5466
0.189 -45.5975
0.19 -41.6371
0.191 -37.6664
0.192 -33.6865
0.193 -29.6983
0.194 -25.7027
0.195 -21.7008
0.196 -17.6935
0.197 -13.6819
0.198 -9.66697
0.199 -5.64961
0.2 -1.63087
0.201 2.38828
0.202 6.40685
0.203 10.4238
0.204 14.4382
0.205 18.4491
0.206 22.4554
0.207 26.4562
0.208 30.4504
0.209 34.4372
0.21 38.4154
0.211 42.3842
0.212 46.3426
0.213 50.2896
0.214 54.2241
0.215 58.1453
0.216 62.0521
0.217 65.9436
0.218 69.8189
0.219 73.677
0.22 77.5169
0.221 81.3377
0.222 85.1384
0.223 88.9182
0.224 92.676
0.225 96.411
0.226 100.122
0.227 103.809
0.228 107.47
0.229 111.104
0.23 114.711
0.231 118.29
0.232 121.84
0.233 125.36
0.234 128.848
0.235 132.305
0.236 135.73
0.237 139.121
0.238 142.477
0.239 145.799
0.24 149.084
0.241 152.333
0.242 155.544
0.243 158.717
0.244 161.851
0.245 164.945
0.246 167.998
0.247 171.01
0.248 173.98
0.249 176.907
0.25 179.79
0.251 182.629
0.252 185.423
0.253 188.171
0.254 190.873
0.255 193.527
0.256 196.134
0.257 198.693
0.258 201.203
0.259 203.663
0.26 206.073
0.261 208.432
0.262 210.74
0.263 212.996
0.264 215.199
0.265 217.349
0.266 219.446
0.267 221.489
0.268 223.477
0.269 225.41
0.27 227.287
0.271 229.108
0.272 230.873
0.273 232.581
0.274 234.232
0.275 235.825
0.276 237.36
0.277 238.836
0.278 240.253
0.279 241.611
0.28 242.91
0.281 244.149
0.282 245.327
0.283 246.446
0.284 247.503
0.285 248.499
0.286 249.434
0.287 250.308
0.288 251.12
0.289 251.87
0.29 252.558
0.291 253.184
0.292 253.747
0.293 254.248
0.294 254.686
0.295 255.061
0.296 255.374
0.297 255.623
0.298 255.81
0.299 255.933
0.3 255.993
0.301 255.991
0.302 255.925
0.303 255.796
0.304 255.604
0.305 255.349
0.306 255.031
0.307 254.65
0.308 254.207
0.309 253.701
0.31 253.132
0.311 252.501
0.312 251.807
0.313 251.052
0.314 250.235
0.315 249.356
0.316 248.415
0.317 247.413
0.318 246.351
0.319 245.227
0.32 244.043
0.321 242.799
0.322 241.496
0.323 240.132
0.324 238.71
0.325 237.228
0.326 235.689
0.327 234.091
0.328 232.435
0.329 230.722
0.33 228.952
0.331 227.126
0.332 225.244
0.333 223.306
0.334 221.313
0.335 219.266
0.336 217.164
0.337 215.009
0.338 212.801
0.339 210.541
0.34 208.229
0.341 205.865
0.342 203.451
0.343 200.986
0.344 198.472
0.345 195.91
0.346 193.298
0.347 190.639
0.348 187.934
0.349 185.181
0.35 182.384
0.351 179.541
0.352 176.654
0.353 173.723
0.354 170.75
0.355 167.734
0.356 164.677
0.357 161.58
0.358 158.443
0.359 155.267
0.36 152.052
0.361 148.8
0.362 145.511
0.363 142.186
0.364 138.827
0.365 135.433
0.366 132.006
0.367 128.546
0.368 125.055
0.369 121.532
0.37 117.98
0.371 114.399
0.372 110.789
0.373 107.152
0.374 103.489
0.375 99.8003
0.376 96.087
0.377 92.3499
0.378 88.5901
0.379 84.8085
0.38 81.006
0.381 77.1835
0.382 73.342
0.383 69.4824
0.384 65.6056
0.385 61.7127
0.386 57.8046
0.387 53.8823
0.388 49.9465
0.389 45.9986
0.39 42.0393
0.391 38.0696
0.392 34.0906
0.393 30.1032
0.394 26.1083
0.395 22.107
0.396 18.1003
0.397 14.0891
0.398 10.0744
0.399 6.05723
0.4 2.03857
0.401 -1.98068
0.402 -5.99925
0.403 -10.0165
0.404 -14.0312
0.405 -18.0425
0.406 -22.0492
0.407 -26.0507
0.408 -30.0456
0.409 -34.0332
0.41 -38.0123
0.411 -41.9822
0.412 -45.9415
0.413 -49.8897
0.414 -53.8255
0.415 -57.7481
0.416 -61.6563
0.417 -65.5496
0.418 -69.4264
0.419 -73.2864
0.42 -77.1281
0.421 -80.951
0.422 -84.7537
0.423 -88.5357
0.424 -92.2958
0.425 -96.0332
0.426 -99.747
0.427 -103.436
0.428 -107.1
0.429 -110.737
0.43 -114.347
0.431 -117.929
0.432 -121.481
0.433 -125.004
0.434 -128.496
0.435 -131.956
0.436 -135.384
0.437 -138.778
0.438 -142.138
0.439 -145.463
0.44 -148.753
0.441 -152.005
0.442 -155.22
0.443 -158.397
0.444 -161.535
0.445 -164.633
0.446 -167.69
0.447 -170.706
0.448 -173.681
0.449 -176.612
0.45 -179.499
0.451 -182.343
0.452 -185.141
0.453 -187.894
0.454 -190.601
0.455 -193.26
0.456 -195.872
0.457 -198.436
0.458 -200.951
0.459 -203.416
0.46 -205.831
0.461 -208.195
0.462 -210.508
0.463 -212.769
0.464 -214.978
0.465 -217.134
0.466 -219.236
0.467 -221.284
0.468 -223.277
0.469 -225.216
0.47 -227.099
0.471 -228.926
0.472 -230.697
0.473 -232.411
0.474 -234.067
0.475 -235.666
0.476 -237.207
0.477 -238.689
0.478 -240.112
0.479 -241.476
0.48 -242.781
0.481 -244.026
0.482 -245.211
0.483 -246.335
0.484 -247.399
0.485 -248.401
0.486 -249.342
0.487 -250.222
0.488 -251.04
0.489 -251.797
0.49 -252.491
0.491 -253.123
0.492 -253.693
0.493 -254.2
0.494 -254.644
0.495 -255.026
0.496 -255.345
0.497 -255.601
0.498 -255.794
0.499 -255.923
0.5 -255.99
0.501 -255.994
0.502 -255.934
0.503 -255.812
0.504 -255.626
0.505 -255.378
0.506 -255.066
0.507 -254.692
0.508 -254.255
0.509 -253.755
0.51 -253.192
0.511 -252.568
0.512 -251.88
0.513 -251.131
0.514 -250.32
0.515 -249.447
0.516 -248.513
0.517 -247.518
0.518 -246.461
0.519 -245.344
0.52 -244.166
0.521 -242.928
0.522 -241.631
0.523 -240.273
0.524 -238.857
0.525 -237.381
0.526 -235.847
0.527 -234.255
0.528 -232.605
0.529 -230.898
0.53 -229.134
0.531 -227.314
0.532 -225.437
0.533 -223.505
0.534 -221.518
0.535 -219.476
0.536 -217.38
0.537 -215.23
0.538 -213.028
0.539 -210.773
0.54 -208.466
0.541 -206.107
0.542 -203.698
0.543 -201.239
0.544 -198.73
0.545 -196.172
0.546 -193.565
0.547 -190.911
0.548 -188.21
0.549 -185.463
0.55 -182.669
0.551 -179.831
0.552 -176.949
0.553 -174.022
0.554 -171.053
0.555 -168.042
0.556 -164.989
0.557 -161.896
0.558 -158.763
0.559 -155.59
0.56 -152.38
0.561 -149.131
0.562 -145.846
0.563 -142.525
0.564 -139.169
0.565 -135.779
0.566 -132.355
0.567 -128.898
0.568 -125.41
0.569 -121.891
0.57 -118.342
0.571 -114.763
0.572 -111.157
0.573 -107.522
0.574 -103.862
0.575 -100.176
0.576 -96.4647
0.577 -92.7301
0.578 -88.9725
0.579 -85.1931
0.58 -81.3926
0.581 -77.5721
0.582 -73.7324
0.583 -69.8747
0.584 -65.9996
0.585 -62.1083
0.586 -58.2016
0.587 -54.2808
0.588 -50.3463
0.589 -46.3997
0.59 -42.4414
0.591 -38.4729
0.592 -34.4946
0.593 -30.5081
0.594 -26.5139
0.595 -22.5133
0.596 -18.5069
0.597 -14.4962
0.598 -10.4818
0.599 -6.46492
0.6 -2.44628
0.601 1.57297
0.602 5.59163
0.603 9.60911
0.604 13.624
0.605 17.6358
0.606 21.643
0.607 25.6451
0.608 29.6406
0.609 33.6291
0.61 37.609
0.611 41.5799
0.612 45.5404
0.613 49.4898
0.614 53.4268
0.615 57.3508
0.616 61.2606
0.617 65.1554
0.618 69.0339
0.619 72.8956
0.62 76.7392
0.621 80.5641
0.622 84.3689
0.623 88.1531
0.624 91.9153
0.625 95.6551
0.626 99.3714
0.627 103.063
0.628 106.729
0.629 110.369
0.63 113.982
0.631 117.566
0.632 121.122
0.633 124.648
0.634 128.143
0.635 131.607
0.636 135.038
0.637 138.435
0.638 141.799
0.639 145.128
0.64 148.421
0.641 151.677
0.642 154.896
0.643 158.077
0.644 161.219
0.645 164.321
0.646 167.382
0.647 170.402
0.648 173.381
0.649 176.316
0.65 179.209
0.651 182.057
0.652 184.86
0.653 187.617
0.654 190.328
0.655 192.993
0.656 195.609
0.657 198.178
0.658 200.698
0.659 203.168
0.66 205.588
0.661 207.958
0.662 210.276
0.663 212.542
0.664 214.756
0.665 216.917
0.666 219.025
0.667 221.079
0.668 223.078
0.669 225.022
0.67 226.911
0.671 228.743
0.672 230.52
0.673 232.239
0.674 233.902
0.675 235.506
0.676 237.053
0.677 238.541
0.678 239.971
0.679 241.341
0.68 242.652
0.681 243.902
0.682 245.093
0.683 246.224
0.684 247.293
0.685 248.302
0.686 249.25
0.687 250.136
0.688 250.96
0.689 251.723
0.69 252.423
0.691 253.062
0.692 253.638
0.693 254.151
0.694 254.602
0.695 254.99
0.696 255.315
0.697 255.578
0.698 255.777
0.699 255.913
0.7 255.986
0.701 255.996
0.702 255.943
0.703 255.827
0.704 255.648
0.705 255.406
0.706 255.101
0.707 254.733
0.708 254.302
0.709 253.808
0.71 253.252
0.711 252.634
0.712 251.953
0.713 251.21
0.714 250.405
0.715 249.539
0.716 248.611
0.717 247.622
0.718 246.571
0.719 245.46
0.72 244.289
0.721 243.057
0.722 241.765
0.723 240.414
0.724 239.003
0.725 237.534
0.726 236.006
0.727 234.419
0.728 232.775
0.729 231.074
0.73 229.316
0.731 227.501
0.732 225.63
0.733 223.704
0.734 221.722
0.735 219.686
0.736 217.595
0.737 215.451
0.738 213.254
0.739 211.004
0.74 208.702
0.741 206.349
0.742 203.945
0.743 201.491
0.744 198.987
0.745 196.434
0.746 193.832
0.747 191.183
0.748 188.486
0.749 185.744
0.75 182.955
0.751 180.121
0.752 177.243
0.753 174.321
0.754 171.356
0.755 168.349
0.756 165.301
0.757 162.212
0.758 159.082
0.759 155.914
0.76 152.707
0.761 149.463
0.762 146.181
0.763 142.864
0.764 139.511
0.765 136.124
0.766 132.704
0.767 129.251
0.768 125.765
0.769 122.249
0.77 118.703
0.771 115.128
0.772 111.524
0.773 107.892
0.774 104.234
0.775 100.551
0.776 96.8422
0.777 93.11
0.778 89.3547
0.779 85.5775
0.78 81.779
0.781 77.9606
0.782 74.1227
0.783 70.2668
0.784 66.3934
0.785 62.5038
0.786 58.5986
0.787 54.6792
0.788 50.746
0.789 46.8006
0.79 42.8434
0.791 38.8759
0.792 34.8986
0.793 30.9129
0.794 26.9194
0.795 22.9194
0.796 18.9136
0.797 14.9033
0.798 10.8891
0.799 6.8725
0.8 2.85398
0.801 -1.16525
0.802 -5.18419
0.803 -9.20148
0.804 -13.2169
0.805 -17.229
0.806 -21.2369
0.807 -25.2392
0.808 -29.2356
0.809 -33.2248
0.81 -37.2059
0.811 -41.1774
0.812 -45.1391
0.813 -49.0897
0.814 -53.0282
0.815 -56.9532
0.816 -60.8646
0.817 -64.761
0.818 -68.6414
0.819 -72.5045
0.82 -76.3502
0.821 -80.177
0.822 -83.984
0.823 -87.77
0.824 -91.5347
0.825 -95.2768
0.826 -98.9955
0.827 -102.69
0.828 -106.358
0.829 -110.001
0.83 -113.617
0.831 -117.204
0.832 -120.763
0.833 -124.292
0.834 -127.79
0.835 -131.257
0.836 -134.691
0.837 -138.092
0.838 -141.459
0.839 -144.792
0.84 -148.088
0.841 -151.348
0.842 -154.571
0.843 -157.756
0.844 -160.901
0.845 -164.008
0.846 -167.073
0.847 -170.098
0.848 -173.08
0.849 -176.021
0.85 -178.917
0.851 -181.77
0.852 -184.577
0.853 -187.339
0.854 -190.055
0.855 -192.725
0.856 -195.346
0.857 -197.92
0.858 -200.444
0.859 -202.92
0.86 -205.345
0.861 -207.72
0.862 -210.043
0.863 -212.315
0.864 -214.534
0.865 -216.701
0.866 -218.814
0.867 -220.873
0.868 -222.878
0.869 -224.827
0.87 -226.722
0.871 -228.56
0.872 -230.342
0.873 -232.067
0.874 -233.736
0.875 -235.346
0.876 -236.899
0.877 -238.393
0.878 -239.828
0.879 -241.204
0.88 -242.521
0.881 -243.778
0.882 -244.975
0.883 -246.112
0.884 -247.188
0.885 -248.203
0.886 -249.156
0.887 -250.049
0.888 -250.88
0.889 -251.648
0.89 -252.355
0.891 -253
0.892 -253.582
0.893 -254.102
0.894 -254.559
0.895 -254.954
0.896 -255.285
0.897 -255.554
0.898 -255.76
0.899 -255.902
0.9 -255.982
0.901 -255.998
0.902 -255.952
0.903 -255.842
0.904 -255.669
0.905 -255.433
0.906 -255.134
0.907 -254.773
0.908 -254.348
0.909 -253.861
0.91 -253.311
0.911 -252.699
0.912 -252.025
0.913 -251.288
0.914 -250.49
0.915 -249.63
0.916 -248.708
0.917 -247.725
0.918 -246.681
0.919 -245.576
0.92 -244.41
0.921 -243.184
0.922 -241.899
0.923 -240.554
0.924 -239.149
0.925 -237.685
0.926 -236.163
0.927 -234.583
0.928 -232.945
0.929 -231.249
0.93 -229.497
0.931 -227.688
0.932 -225.822
0.933 -223.901
0.934 -221.925
0.935 -219.894
0.936 -217.81
0.937 -215.671
0.938 -213.479
0.939 -211.234
0.94 -208.938
0.941 -206.59
0.942 -204.191
0.943 -201.742
0.944 -199.243
0.945 -196.695
0.946 -194.098
0.947 -191.454
0.948 -188.762
0.949 -186.024
0.95 -183.24
0.951 -180.411
0.952 -177.537
0.953 -174.62
0.954 -171.659
0.955 -168.656
0.956 -165.612
0.957 -162.527
0.958 -159.402
0.959 -156.237
0.96 -153.034
0.961 -149.794
0.962 -146.516
0.963 -143.202
0.964 -139.853
0.965 -136.47
0.966 -133.052
0.967 -129.602
0.968 -126.12
0.969 -122.608
0.97 -119.064
0.971 -115.492
0.972 -111.89
0.973 -108.262
0.974 -104.607
0.975 -100.926
0.976 -97.2195
0.977 -93.4895
0.978 -89.7368
0.979 -85.9616
0.98 -82.1653
0.981 -78.3487
0.982 -74.5131
0.983 -70.6588
0.984 -66.7871
0.985 -62.8989
0.986 -58.9956
0.987 -55.0774
0.988 -51.1456
0.989 -47.2012
0.99 -43.2455
0.991 -39.2788
0.992 -35.3025
0.993 -31.3174
0.994 -27.325
0.995 -23.3254
0.996 -19.3202
0.997 -15.3101
0.998 -11.2967
0.999 -7.28007
1 -3.26167
1.001 0.757536
1.002 4.77655
1.003 8.79401
1.004 12.8097
1.005 16.8222
1.006 20.8306
1.007 24.8334
1.008 28.8305
1.009 32.8205
1.01 36.8024
1.011 40.7749
1.012 44.7377
1.013 48.6895
1.014 52.6292
1.015 56.5556
1.016 60.4685
1.017 64.3664
1.018 68.2485
1.019 72.1134
1.02 75.9609
1.021 79.7896
1.022 83.5987
1.023 87.3869
1.024 91.1538
1.025 94.8983
1.026 98.6194
1.027 102.316
1.028 105.987
1.029 109.633
1.03 113.251
1.031 116.842
1.032 120.403
1.033 123.935
1.034 127.437
1.035 130.907
1.036 134.344
1.037 137.749
1.038 141.119
1.039 144.455
1.04 147.755
1.041 151.019
1.042 154.246
1.043 157.435
1.044 160.584
1.045 163.694
1.046 166.764
1.047 169.793
1.048 172.78
1.049 175.724
1.05 178.625
1.051 181.482
1.052 184.295
1.053 187.061
1.054 189.782
1.055 192.456
1.056 195.083
1.057 197.661
1.058 200.19
1.059 202.671
1.06 205.101
1.061 207.481
1.062 209.81
1.063 212.087
1.064 214.311
1.065 216.483
1.066 218.602
1.067 220.666
1.068 222.677
1.069 224.632
1.07 226.532
1.071 228.376
1.072 230.164
1.073 231.895
1.074 233.569
1.075 235.185
1.076 236.744
1.077 238.244
1.078 239.685
1.079 241.068
1.08 242.39
1.081 243.654
1.082 244.856
1.083 245.999
1.084 247.081
1.085 248.102
1.086 249.062
1.087 249.961
1.088 250.798
1.089 251.573
1.09 252.286
1.091 252.937
1.092 253.526
1.093 254.052
1.094 254.516
1.095 254.916
1.096 255.254
1.097 255.53
1.098 255.742
1.099 255.891
1.1 255.977
1.101 255.999
1.102 255.959
1.103 255.856
1.104 255.689
1.105 255.46
1.106 255.168
1.107 254.812
1.108 254.394
1.109 253.913
1.11 253.37
1.111 252.764
1.112 252.096
1.113 251.366
1.114 250.574
1.115 249.72
1.116 248.804
1.117 247.827
1.118 246.789
1.119 245.691
1.12 244.531
1.121 243.312
1.122 242.032
1.123 240.693
1.124 239.294
1.125 237.837
1.126 236.32
1.127 234.746
1.128 233.114
1.129 231.424
1.13 229.677
1.131 227.874
1.132 226.014
1.133 224.099
1.134 222.128
1.135 220.103
1.136 218.024
1.137 215.89
1.138 213.704
1.139 211.465
1.14 209.173
1.141 206.831
1.142 204.437
1.143 201.992
1.144 199.499
1.145 196.955
1.146 194.364
1.147 191.724
1.148 189.037
1.149 186.304
1.15 183.524
1.151 180.7
1.152 177.83
1.153 174.918
1.154 171.961
1.155 168.963
1.156 165.923
1.157 162.842
1.158 159.721
1.159 156.56
1.16 153.361
1.161 150.124
1.162 146.85
1.163 143.54
1.164 140.194
1.165 136.814
1.166 133.4
1.167 129.954
1.168 126.475
1.169 122.965
1.17 119.425
1.171 115.855
1.172 112.257
1.173 108.631
1.174 104.979
1.175 101.3
1.176 97.5966
1.177 93.8689
1.178 90.1185
1.179 86.3456
1.18 82.5513
1.181 78.7367
1.182 74.9031
1.183 71.0506
1.184 67.1806
1.185 63.2941
1.186 59.3923
1.187 55.4755
1.188 51.545
1.189 47.6019
1.19 43.6473
1.191 39.6817
1.192 35.7062
1.193 31.722
1.194 27.7303
1.195 23.7314
1.196 19.7267
1.197 15.7171
1.198 11.704
1.199 7.68761
1.2 3.66935
1.201 -0.349818
1.202 -4.3689
1.203 -8.38652
1.204 -12.4025
1.205 -16.4153
1.206 -20.4242
1.207 -24.4276
1.208 -28.4254
1.209 -32.4161
1.21 -36.3989
1.211 -40.3723
1.212 -44.3362
1.213 -48.2891
1.214 -52.2301
1.215 -56.1579
1.216 -60.0722
1.217 -63.9717
1.218 -67.8555
1.219 -71.7221
1.22 -75.5714
1.221 -79.4021
1.222 -83.2133
1.223 -87.0035
1.224 -90.7727
1.225 -94.5195
1.226 -98.243
1.227 -101.942
1.228 -105.616
1.229 -109.264
1.23 -112.885
1.231 -116.479
1.232 -120.043
1.233 -123.578
1.234 -127.083
1.235 -130.556
1.236 -133.997
1.237 -137.405
1.238 -140.779
1.239 -144.119
1.24 -147.422
1.241 -150.69
1.242 -153.92
1.243 -157.113
1.244 -160.266
1.245 -163.381
1.246 -166.455
1.247 -169.488
1.248 -172.479
1.249 -175.428
1.25 -178.333
1.251 -181.195
1.252 -184.011
1.253 -186.783
1.254 -189.508
1.255 -192.187
1.256 -194.818
1.257 -197.401
1.258 -199.936
1.259 -202.422
1.26 -204.857
1.261 -207.242
1.262 -209.576
1.263 -211.858
1.264 -214.088
1.265 -216.265
1.266 -218.389
1.267 -220.459
1.268 -222.475
1.269 -224.436
1.27 -226.342
1.271 -228.192
1.272 -229.985
1.273 -231.722
1.274 -233.402
1.275 -235.024
1.276 -236.588
1.277 -238.094
1.278 -239.542
1.279 -240.93
1.28 -242.259
1.281 -243.528
1.282 -244.737
1.283 -245.886
1.284 -246.974
1.285 -248.002
1.286 -248.968
1.287 -249.873
1.288 -250.716
1.289 -251.497
1.29 -252.217
1.291 -252.874
1.292 -253.469
1.293 -254.002
1.294 -254.472
1.295 -254.879
1.296 -255.223
1.297 -255.504
1.298 -255.723
1.299 -255.878
1.3 -255.971
1.301 -256
1.302 -255.966
1.303 -255.869
1.304 -255.709
1.305 -255.486
1.306 -255.2
1.307 -254.851
1.308 -254.44
1.309 -253.965
1.31 -253.428
1.311 -252.829
1.312 -252.167
1.313 -251.443
1.314 -250.657
1.315 -249.809
1.316 -248.9
1.317 -247.929
1.318 -246.897
1.319 -245.805
1.32 -244.652
1.321 -243.438
1.322 -242.164
1.323 -240.831
1.324 -239.439
1.325 -237.987
1.326 -236.477
1.327 -234.908
1.328 -233.282
1.329 -231.598
1.33 -229.857
1.331 -228.059
1.332 -226.205
1.333 -224.296
1.334 -222.331
1.335 -220.311
1.336 -218.237
1.337 -216.109
1.338 -213.928
1.339 -211.694
1.34 -209.408
1.341 -207.071
1.342 -204.682
1.343 -202.243
1.344 -199.754
1.345 -197.216
1.346 -194.629
1.347 -191.994
1.348 -189.312
1.349 -186.583
1.35 -183.808
1.351 -180.988
1.352 -178.123
1.353 -175.215
1.354 -172.263
1.355 -169.269
1.356 -166.233
1.357 -163.156
1.358 -160.039
1.359 -156.882
1.36 -153.687
1.361 -150.454
1.362 -147.184
1.363 -143.877
1.364 -140.535
1.365 -137.159
1.366 -133.748
1.367 -130.305
1.368 -126.829
1.369 -123.323
1.37 -119.785
1.371 -116.219
1.372 -112.623
1.373 -109
1.374 -105.35
1.375 -101.674
1.376 -97.9734
1.377 -94.2481
1.378 -90.5
1.379 -86.7293
1.38 -82.9371
1.381 -79.1246
1.382 -75.2928
1.383 -71.4422
1.384 -67.574
1.385 -63.689
1.386 -59.7888
1.387 -55.8735
1.388 -51.9443
1.389 -48.0024
1.39 -44.049
1.391 -40.0844
1.392 -36.1099
1.393 -32.1265
1.394 -28.1356
1.395 -24.1374
1.396 -20.1332
1.397 -16.124
1.398 -12.1113
1.399 -8.09514
1.4 -4.07702
1.401 -0.0579012
1.402 3.96123
1.403 7.97901
1.404 11.9952
1.405 16.0084
1.406 20.0177
1.407 24.0217
1.408 28.0201
1.409 32.0117
1.41 35.9953
1.411 39.9697
1.412 43.9346
1.413 47.8887
1.414 51.8309
1.415 55.7601
1.416 59.6758
1.417 63.5769
1.418 67.4622
1.419 71.3306
1.42 75.1818
1.421 79.0144
1.422 82.8276
1.423 86.62
1.424 90.3914
1.425 94.1405
1.426 97.8664
1.427 101.568
1.428 105.245
1.429 108.895
1.43 112.519
1.431 116.116
1.432 119.683
1.433 123.221
1.434 126.729
1.435 130.205
1.436 133.649
1.437 137.061
1.438 140.438
1.439 143.781
1.44 147.089
1.441 150.36
1.442 153.594
1.443 156.791
1.444 159.948
1.445 163.067
1.446 166.145
1.447 169.182
1.448 172.177
1.449 175.13
1.45 178.04
1.451 180.906
1.452 183.728
1.453 186.504
1.454 189.234
1.455 191.917
1.456 194.554
1.457 197.142
1.458 199.681
1.459 202.172
1.46 204.612
1.461 207.002
1.462 209.341
1.463 211.629
1.464 213.864
1.465 216.047
1.466 218.176
1.467 220.252
1.468 222.273
1.469 224.24
1.47 226.151
1.471 228.007
1.472 229.806
1.473 231.548
1.474 233.234
1.475 234.862
1.476 236.432
1.477 237.944
1.478 239.398
1.479 240.792
1.48 242.127
1.481 243.402
1.482 244.617
1.483 245.772
1.484 246.867
1.485 247.9
1.486 248.873
1.487 249.784
1.488 250.633
1.489 251.421
1.49 252.147
1.491 252.81
1.492 253.412
1.493 253.95
1.494 254.427
1.495 254.84
1.496 255.191
1.497 255.479
1.498 255.704
1.499 255.865
1.5 255.964
1.501 256
1.502 255.972
1.503 255.882
1.504 255.728
1.505 255.512
1.506 255.232
1.507 254.89
1.508 254.484
1.509 254.016
1.51 253.485
1.511 252.892
1.512 252.237
1.513 251.519
1.514 250.739
1.515 249.898
1.516 248.995
1.517 248.03
1.518 247.005
1.519 245.918
1.52 244.771
1.521 243.564
1.522 242.296
1.523 240.969
1.524 239.583
1.525 238.137
1.526 236.633
1.527 235.07
1.528 233.45
1.529 231.771
1.53 230.036
1.531 228.244
1.532 226.396
1.533 224.492
1.534 222.533
1.535 220.518
1.536 218.45
1.537 216.327
1.538 214.152
1.539 211.923
1.54 209.643
1.541 207.31
1.542 204.926
1.543 202.492
1.544 200.009
1.545 197.475
1.546 194.893
1.547 192.263
1.548 189.586
1.549 186.862
1.55 184.092
1.551 181.276
1.552 178.416
1.553 175.512
1.554 172.565
1.555 169.575
1.556 166.543
1.557 163.47
1.558 160.357
1.559 157.204
1.56 154.013
1.561 150.784
1.562 147.517
1.563 144.214
1.564 140.876
1.565 137.503
1.566 134.096
1.567 130.656
1.568 127.183
1.569 123.68
1.57 120.146
1.571 116.582
1.572 112.989
1.573 109.369
1.574 105.722
1.575 102.048
1.576 98.3499
1.577 94.6271
1.578 90.8813
1.579 87.1128
1.58 83.3228
1.581 79.5122
1.582 75.6824
1.583 71.8336
1.584 67.9671
1.585 64.0839
1.586 60.1852
1.587 56.2713
1.588 52.3435
1.589 48.4028
1.59 44.4506
1.591 40.4871
1.592 36.5135
1.593 32.531
1.594 28.5408
1.595 24.5432
1.596 20.5396
1.597 16.5309
1.598 12.5185
1.599 8.50264
1.6 4.48468
1.601 0.46562
1.602 -3.55356
1.603 -7.57186
1.604 -11.5883
1.605 -15.6011
1.606 -19.6108
1.607 -23.6157
1.608 -27.6148
1.609 -31.6071
1.61 -35.5916
1.611 -39.5673
1.612 -43.5332
1.613 -47.4877
1.614 -51.4312
1.615 -55.3621
1.616 -59.2793
1.617 -63.1818
1.618 -67.0689
1.619 -70.9393
1.62 -74.7923
1.621 -78.6262
1.622 -82.4413
1.623 -86.2362
1.624 -90.0098
1.625 -93.7612
1.626 -97.4895
1.627 -101.194
1.628 -104.873
1.629 -108.527
1.63 -112.153
1.631 -115.752
1.632 -119.322
1.633 -122.863
1.634 -126.374
1.635 -129.854
1.636 -133.302
1.637 -136.716
1.638 -140.097
1.639 -143.444
1.64 -146.755
1.641 -150.03
1.642 -153.268
1.643 -156.468
1.644 -159.63
1.645 -162.752
1.646 -165.834
1.647 -168.876
1.648 -171.875
1.649 -174.833
1.65 -177.747
1.651 -180.618
1.652 -183.444
1.653 -186.224
1.654 -188.959
1.655 -191.647
1.656 -194.288
1.657 -196.881
1.658 -199.426
1.659 -201.921
1.66 -204.367
1.661 -206.762
1.662 -209.107
1.663 -211.399
1.664 -213.64
1.665 -215.828
1.666 -217.963
1.667 -220.044
1.668 -222.071
1.669 -224.043
1.67 -225.96
1.671 -227.821
1.672 -229.626
1.673 -231.374
1.674 -233.066
1.675 -234.7
1.676 -236.276
1.677 -237.794
1.678 -239.253
1.679 -240.653
1.68 -241.994
1.681 -243.275
1.682 -244.497
1.683 -245.658
1.684 -246.758
1.685 -247.798
1.686 -248.777
1.687 -249.694
1.688 -250.55
1.689 -251.344
1.69 -252.076
1.691 -252.746
1.692 -253.353
1.693 -253.899
1.694 -254.381
1.695 -254.801
1.696 -255.158
1.697 -255.452
1.698 -255.684
1.699 -255.852
1.7 -255.957
1.701 -255.999
1.702 -255.978
1.703 -255.894
1.704 -255.747
1.705 -255.537
1.706 -255.263
1.707 -254.927
1.708 -254.528
1.709 -254.066
1.71 -253.542
1.711 -252.955
1.712 -252.306
1.713 -251.595
1.714 -250.821
1.715 -249.986
1.716 -249.089
1.717 -248.131
1.718 -247.112
1.719 -246.031
1.72 -244.89
1.721 -243.689
1.722 -242.428
1.723 -241.107
1.724 -239.726
1.725 -238.286
1.726 -236.788
1.727 -235.231
1.728 -233.616
1.729 -231.944
1.73 -230.215
1.731 -228.429
1.732 -226.586
1.733 -224.688
1.734 -222.734
1.735 -220.725
1.736 -218.662
1.737 -216.545
1.738 -214.375
1.739 -212.152
1.74 -209.876
1.741 -207.549
1.742 -205.171
1.743 -202.742
1.744 -200.263
1.745 -197.734
1.746 -195.158
1.747 -192.533
1.748 -189.86
1.749 -187.141
1.75 -184.375
1.751 -181.564
1.752 -178.708
1.753 -175.808
1.754 -172.865
1.755 -169.88
1.756 -166.852
1.757 -163.784
1.758 -160.675
1.759 -157.526
1.76 -154.338
1.761 -151.113
1.762 -147.85
1.763 -144.551
1.764 -141.216
1.765 -137.847
1.766 -134.443
1.767 -131.006
1.768 -127.537
1.769 -124.036
1.77 -120.505
1.771 -116.945
1.772 -113.355
1.773 -109.738
1.774 -106.093
1.775 -102.422
1.776 -98.7262
1.777 -95.0058
1.778 -91.262
1.779 -87.4957
1.78 -83.7085
1.781 -79.9
1.782 -76.0718
1.783 -72.2249
1.784 -68.3601
1.785 -64.4785
1.786 -60.581
1.787 -56.6686
1.788 -52.7429
1.789 -48.8035
1.79 -44.8521
1.791 -40.8896
1.792 -36.917
1.793 -32.9354
1.794 -28.9456
1.795 -24.9487
1.796 -20.9464
1.797 -16.9381
1.798 -12.9257
1.799 -8.91012
1.8 -4.89233
1.801 -0.873338
1.802 3.14587
1.803 7.16431
1.804 11.181
1.805 15.1941
1.806 19.2043
1.807 23.2097
1.808 27.2094
1.809 31.2025
1.81 35.1878
1.811 39.1644
1.812 43.1314
1.813 47.087
1.814 51.0318
1.815 54.9639
1.816 58.8825
1.817 62.7867
1.818 66.6753
1.819 70.5475
1.82 74.4023
1.821 78.238
1.822 82.0552
1.823 85.8522
1.824 89.628
1.825 93.3817
1.826 97.1124
1.827 100.819
1.828 104.501
1.829 108.157
1.83 111.786
1.831 115.388
1.832 118.961
1.833 122.506
1.834 126.019
1.835 129.502
1.836 132.953
1.837 136.372
1.838 139.756
1.839 143.106
1.84 146.421
1.841 149.699
1.842 152.941
1.843 156.145
1.844 159.311
1.845 162.438
1.846 165.523
1.847 168.569
1.848 171.573
1.849 174.535
1.85 177.453
1.851 180.328
1.852 183.159
1.853 185.944
1.854 188.684
1.855 191.376
1.856 194.022
1.857 196.62
1.858 199.17
1.859 201.67
1.86 204.121
1.861 206.522
1.862 208.871
1.863 211.169
1.864 213.415
1.865 215.608
1.866 217.749
1.867 219.835
1.868 221.868
1.869 223.845
1.87 225.768
1.871 227.634
1.872 229.445
1.873 231.199
1.874 232.897
1.875 234.537
1.876 236.119
1.877 237.642
1.878 239.108
1.879 240.514
1.88 241.861
1.881 243.148
1.882 244.376
1.883 245.543
1.884 246.65
1.885 247.695
1.886 248.68
1.887 249.604
1.888 250.466
1.889 251.266
1.89 252.004
1.891 252.681
1.892 253.295
1.893 253.846
1.894 254.335
1.895 254.761
1.896 255.125
1.897 255.425
1.898 255.663
1.899 255.838
1.9 255.949
1.901 255.998
1.902 255.983
1.903 255.905
1.904 255.765
1.905 255.561
1.906 255.294
1.907 254.964
1.908 254.571
1.909 254.116
1.91 253.598
1.911 253.018
1.912 252.375
1.913 251.67
1.914 250.903
1.915 250.074
1.916 249.183
1.917 248.231
1.918 247.218
1.919 246.144
1.92 245.009
1.921 243.814
1.922 242.558
1.923 241.243
1.924 239.869
1.925 238.435
1.926 236.943
1.927 235.392
1.928 233.783
1.929 232.116
1.93 230.393
1.931 228.612
1.932 226.775
1.933 224.883
1.934 222.934
1.935 220.931
1.936 218.874
1.937 216.762
1.938 214.598
1.939 212.38
1.94 210.109
1.941 207.787
1.942 205.414
1.943 202.99
1.944 200.516
1.945 197.993
1.946 195.421
1.947 192.801
1.948 190.133
1.949 187.419
1.95 184.658
1.951 181.851
1.952 179
1.953 176.105
1.954 173.166
1.955 170.185
1.956 167.161
1.957 164.097
1.958 160.992
1.959 157.847
1.96 154.663
1.961 151.442
1.962 148.183
1.963 144.888
1.964 141.556
1.965 138.19
1.966 134.79
1.967 131.356
1.968 127.89
1.969 124.393
1.97 120.865
1.971 117.308
1.972 113.721
1.973 110.106
1.974 106.464
1.975 102.796
1.976 99.1023
1.977 95.3843
1.978 91.6428
1.979 87.8788
1.98 84.0938
1.981 80.2873
1.982 76.461
1.983 72.6159
1.984 68.753
1.985 64.873
1.986 60.9771
1.987 57.0661
1.988 53.1418
1.989 49.2037
1.99 45.2534
1.991 41.292
1.992 37.3204
1.993 33.3397
1.994 29.3507
1.995 25.3544
1.996 21.3527
1.997 17.3449
1.998 13.3329
1.999 9.31758
2 5.29997
2.001 1.28105
2.002 -2.73818
2.003 -6.75674
2.004 -10.7736
2.005 -14.7871
2.006 -18.7977
2.007 -22.8037
2.008 -26.804
2.009 -30.7977
2.01 -34.7839
2.011 -38.7614
2.012 -42.7295
2.013 -46.6862
2.014 -50.6322
2.015 -54.5656
2.016 -58.4857
2.017 -62.3913
2.018 -66.2816
2.019 -70.1555
2.02 -74.0121
2.021 -77.8497
2.022 -81.6689
2.023 -85.468
2.024 -89.246
2.025 -93.0019
2.026 -96.735
2.027 -100.444
2.028 -104.129
2.029 -107.787
2.03 -111.419
2.031 -115.024
2.032 -118.6
2.033 -122.147
2.034 -125.664
2.035 -129.151
2.036 -132.605
2.037 -136.026
2.038 -139.414
2.039 -142.767
2.04 -146.086
2.041 -149.368
2.042 -152.614
2.043 -155.822
2.044 -158.992
2.045 -162.122
2.046 -165.212
2.047 -168.262
2.048 -171.27
2.049 -174.236
2.05 -177.159
2.051 -180.039
2.052 -182.874
2.053 -185.664
2.054 -188.408
2.055 -191.105
2.056 -193.756
2.057 -196.359
2.058 -198.914
2.059 -201.419
2.06 -203.875
2.061 -206.28
2.062 -208.635
2.063 -210.938
2.064 -213.189
2.065 -215.388
2.066 -217.534
2.067 -219.626
2.068 -221.664
2.069 -223.647
2.07 -225.575
2.071 -227.448
2.072 -229.264
2.073 -231.024
2.074 -232.727
2.075 -234.373
2.076 -235.961
2.077 -237.49
2.078 -238.962
2.079 -240.374
2.08 -241.727
2.081 -243.02
2.082 -244.254
2.083 -245.427
2.084 -246.54
2.085 -247.592
2.086 -248.583
2.087 -249.513
2.088 -250.381
2.089 -251.188
2.09 -251.932
2.091 -252.615
2.092 -253.235
2.093 -253.793
2.094 -254.288
2.095 -254.721
2.096 -255.091
2.097 -255.398
2.098 -255.642
2.099 -255.823
2.1 -255.941
2.101 -255.996
2.102 -255.987
2.103 -255.916
2.104 -255.782
2.105 -255.584
2.106 -255.324
2.107 -255
2.108 -254.614
2.109 -254.165
2.11 -253.653
2.111 -253.079
2.112 -252.443
2.113 -251.744
2.114 -250.983
2.115 -250.161
2.116 -249.276
2.117 -248.33
2.118 -247.323
2.119 -246.255
2.12 -245.127
2.121 -243.938
2.122 -242.689
2.123 -241.379
2.124 -240.011
2.125 -238.583
2.126 -237.097
2.127 -235.552
2.128 -233.949
2.129 -232.288
2.13 -230.57
2.131 -228.796
2.132 -226.964
2.133 -225.077
2.134 -223.135
2.135 -221.137
2.136 -219.085
2.137 -216.979
2.138 -214.82
2.139 -212.607
2.14 -210.342
2.141 -208.025
2.142 -205.657
2.143 -203.238
2.144 -200.77
2.145 -198.251
2.146 -195.684
2.147 -193.069
2.148 -190.406
2.149 -187.696
2.15 -184.94
2.151 -182.138
2.152 -179.291
2.153 -176.4
2.154 -173.466
2.155 -170.489
2.156 -167.47
2.157 -164.41
2.158 -161.309
2.159 -158.168
2.16 -154.988
2.161 -151.77
2.162 -148.515
2.163 -145.224
2.164 -141.896
2.165 -138.533
2.166 -135.136
2.167 -131.706
2.168 -128.243
2.169 -124.749
2.17 -121.224
2.171 -117.67
2.172 -114.086
2.173 -110.474
2.174 -106.835
2.175 -103.169
2.176 -99.4781
2.177 -95.7626
2.178 -92.0234
2.179 -88.2616
2.18 -84.4787
2.181 -80.6743
2.182 -76.8501
2.183 -73.0068
2.184 -69.1456
2.185 -65.2673
2.186 -61.373
2.187 -57.4635
2.188 -53.5406
2.189 -49.6038
2.19 -45.6547
2.191 -41.6944
2.192 -37.7238
2.193 -33.7439
2.194 -29.7556
2.195 -25.7601
2.196 -21.759
2.197 -17.7517
2.198 -13.74
2.199 -9.72502
2.2 -5.7076
2.201 -1.68877
2.202 2.33048
2.203 6.34915
2.204 10.3663
2.205 14.38
2.206 18.3911
2.207 22.3975
2.208 26.3985
2.209 30.3929
2.21 34.3799
2.211 38.3584
2.212 42.3274
2.213 46.2852
2.214 50.2324
2.215 54.1672
2.216 58.0887
2.217 61.9958
2.218 65.8877
2.219 69.7633
2.22 73.6217
2.221 77.4612
2.222 81.2824
2.223 85.0835
2.224 88.8637
2.225 92.622
2.226 96.3574
2.227 100.069
2.228 103.756
2.229 107.418
2.23 111.052
2.231 114.659
2.232 118.239
2.233 121.789
2.234 125.309
2.235 128.798
2.236 132.256
2.237 135.681
2.238 139.072
2.239 142.429
2.24 145.751
2.241 149.037
2.242 152.287
2.243 155.498
2.244 158.672
2.245 161.806
2.246 164.9
2.247 167.954
2.248 170.967
2.249 173.937
2.25 176.865
2.251 179.749
2.252 182.588
2.253 185.383
2.254 188.132
2.255 190.834
2.256 193.489
2.257 196.097
2.258 198.657
2.259 201.167
2.26 203.628
2.261 206.039
2.262 208.399
2.263 210.707
2.264 212.963
2.265 215.168
2.266 217.319
2.267 219.416
2.268 221.46
2.269 223.449
2.27 225.382
2.271 227.26
2.272 229.082
2.273 230.848
2.274 232.557
2.275 234.208
2.276 235.802
2.277 237.338
2.278 238.815
2.279 240.233
2.28 241.592
2.281 242.892
2.282 244.131
2.283 245.311
2.284 246.43
2.285 247.488
2.286 248.485
2.287 249.421
2.288 250.296
2.289 251.109
2.29 251.86
2.291 252.549
2.292 253.175
2.293 253.739
2.294 254.241
2.295 254.68
2.296 255.056
2.297 255.37
2.298 255.62
2.299 255.807
2.3 255.932
2.301 255.993
2.302 255.991
2.303 255.926
2.304 255.798
2.305 255.607
2.306 255.353
2.307 255.036
2.308 254.656
2.309 254.214
2.31 253.708
2.311 253.14
2.312 252.51
2.313 251.818
2.314 251.063
2.315 250.247
2.316 249.369
2.317 248.429
2.318 247.428
2.319 246.366
2.32 245.244
2.321 244.061
2.322 242.818
2.323 241.515
2.324 240.152
2.325 238.731
2.326 237.25
2.327 235.711
2.328 234.114
2.329 232.459
2.33 230.747
2.331 228.978
2.332 227.153
2.333 225.271
2.334 223.334
2.335 221.342
2.336 219.296
2.337 217.195
2.338 215.041
2.339 212.834
2.34 210.574
2.341 208.263
2.342 205.9
2.343 203.486
2.344 201.022
2.345 198.509
2.346 195.947
2.347 193.337
2.348 190.678
2.349 187.973
2.35 185.221
2.351 182.424
2.352 179.582
2.353 176.696
2.354 173.765
2.355 170.793
2.356 167.778
2.357 164.722
2.358 161.625
2.359 158.488
2.36 155.312
2.361 152.098
2.362 148.847
2.363 145.559
2.364 142.235
2.365 138.876
2.366 135.482
2.367 132.055
2.368 128.596
2.369 125.105
2.37 121.583
2.371 118.032
2.372 114.451
2.373 110.842
2.374 107.205
2.375 103.542
2.376 99.8536
2.377 96.1405
2.378 92.4038
2.379 88.6442
2.38 84.8635
2.381 81.0612
2.382 77.2389
2.383 73.3975
2.384 69.5381
2.385 65.6615
2.386 61.7687
2.387 57.8607
2.388 53.9392
2.389 50.0037
2.39 46.0558
2.391 42.0966
2.392 38.127
2.393 34.148
2.394 30.1606
2.395 26.1657
2.396 22.1652
2.397 18.1584
2.398 14.1472
2.399 10.1324
2.4 6.11521
2.401 2.09647
2.402 -1.92278
2.403 -5.94155
2.404 -9.95886
2.405 -13.973
2.406 -17.9844
2.407 -21.9914
2.408 -25.9929
2.409 -29.9881
2.41 -33.9758
2.411 -37.9552
2.412 -41.9252
2.413 -45.8842
2.414 -49.8326
2.415 -53.7687
2.416 -57.6915
2.417 -61.6001
2.418 -65.4936
2.419 -69.3709
2.42 -73.2311
2.421 -77.0725
2.422 -80.8957
2.423 -84.6989
2.424 -88.4812
2.425 -92.2417
2.426 -95.9795
2.427 -99.6937
2.428 -103.383
2.429 -107.047
2.43 -110.684
2.431 -114.295
2.432 -117.877
2.433 -121.43
2.434 -124.953
2.435 -128.446
2.436 -131.907
2.437 -135.335
2.438 -138.729
2.439 -142.09
2.44 -145.416
2.441 -148.705
2.442 -151.959
2.443 -155.174
2.444 -158.352
2.445 -161.49
2.446 -164.588
2.447 -167.646
2.448 -170.663
2.449 -173.638
2.45 -176.57
2.451 -179.458
2.452 -182.302
2.453 -185.101
2.454 -187.855
2.455 -190.562
2.456 -193.222
2.457 -195.835
2.458 -198.399
2.459 -200.915
2.46 -203.381
2.461 -205.796
2.462 -208.162
2.463 -210.475
2.464 -212.737
2.465 -214.946
2.466 -217.103
2.467 -219.206
2.468 -221.255
2.469 -223.249
2.47 -225.189
2.471 -227.072
2.472 -228.9
2.473 -230.672
2.474 -232.386
2.475 -234.044
2.476 -235.643
2.477 -237.185
2.478 -238.668
2.479 -240.092
2.48 -241.457
2.481 -242.763
2.482 -244.008
2.483 -245.194
2.484 -246.319
2.485 -247.384
2.486 -248.387
2.487 -249.329
2.488 -250.21
2.489 -251.029
2.49 -251.786
2.491 -252.482
2.492 -253.114
2.493 -253.685
2.494 -254.193
2.495 -254.638
2.496 -255.021
2.497 -255.341
2.498 -255.597
2.499 -255.791
2.5 -255.922
2.501 -255.99
2.502 -255.994
2.503 -255.936
2.504 -255.814
2.505 -255.629
2.506 -255.382
2.507 -255.071
2.508 -254.698
2.509 -254.261
2.51 -253.762
2.511 -253.201
2.512 -252.577
2.513 -251.891
2.514 -251.143
2.515 -250.332
2.516 -249.461
2.517 -248.527
2.518 -247.533
2.519 -246.477
2.52 -245.361
2.521 -244.184
2.522 -242.947
2.523 -241.65
2.524 -240.293
2.525 -238.878
2.526 -237.403
2.527 -235.87
2.528 -234.279
2.529 -232.63
2.53 -230.923
2.531 -229.16
2.532 -227.34
2.533 -225.465
2.534 -223.533
2.535 -221.547
2.536 -219.506
2.537 -217.41
2.538 -215.262
2.539 -213.06
2.54 -210.806
2.541 -208.499
2.542 -206.142
2.543 -203.733
2.544 -201.274
2.545 -198.766
2.546 -196.209
2.547 -193.604
2.548 -190.95
2.549 -188.25
2.55 -185.503
2.551 -182.71
2.552 -179.872
2.553 -176.99
2.554 -174.065
2.555 -171.097
2.556 -168.086
2.557 -165.034
2.558 -161.941
2.559 -158.808
2.56 -155.636
2.561 -152.426
2.562 -149.178
2.563 -145.894
2.564 -142.574
2.565 -139.218
2.566 -135.828
2.567 -132.405
2.568 -128.948
2.569 -125.461
2.57 -121.942
2.571 -118.393
2.572 -114.815
2.573 -111.209
2.574 -107.575
2.575 -103.915
2.576 -100.229
2.577 -96.5183
2.578 -92.7839
2.579 -89.0266
2.58 -85.2481
2.581 -81.4478
2.582 -77.6275
2.583 -73.788
2.584 -69.9304
2.585 -66.0555
2.586 -62.1643
2.587 -58.2578
2.588 -54.3377
2.589 -50.4035
2.59 -46.4568
2.591 -42.4987
2.592 -38.5301
2.593 -34.552
2.594 -30.5654
2.595 -26.5713
2.596 -22.5713
2.597 -18.5651
2.598 -14.5542
2.599 -10.5398
2.6 -6.5228
2.601 -2.50418
2.602 1.51507
2.603 5.53394
2.604 9.55144
2.605 13.5658
2.606 17.5776
2.607 21.5851
2.608 25.5873
2.609 29.5831
2.61 33.5717
2.611 37.5519
2.612 41.523
2.613 45.483
2.614 49.4326
2.615 53.37
2.616 57.2942
2.617 61.2043
2.618 65.0994
2.619 68.9783
2.62 72.8403
2.621 76.6836
2.622 80.5087
2.623 84.314
2.624 88.0985
2.625 91.8613
2.626 95.6014
2.627 99.318
2.628 103.01
2.629 106.677
2.63 110.317
2.631 113.93
2.632 117.515
2.633 121.071
2.634 124.597
2.635 128.093
2.636 131.557
2.637 134.989
2.638 138.386
2.639 141.751
2.64 145.08
2.641 148.373
2.642 151.63
2.643 154.85
2.644 158.031
2.645 161.174
2.646 164.276
2.647 167.338
2.648 170.359
2.649 173.338
2.65 176.274
2.651 179.167
2.652 182.016
2.653 184.82
2.654 187.578
2.655 190.289
2.656 192.954
2.657 195.572
2.658 198.141
2.659 200.662
2.66 203.133
2.661 205.554
2.662 207.924
2.663 210.243
2.664 212.51
2.665 214.725
2.666 216.887
2.667 218.995
2.668 221.049
2.669 223.049
2.67 224.994
2.671 226.884
2.672 228.717
2.673 230.494
2.674 232.215
2.675 233.878
2.676 235.484
2.677 237.031
2.678 238.52
2.679 239.95
2.68 241.321
2.681 242.633
2.682 243.885
2.683 245.076
2.684 246.208
2.685 247.278
2.686 248.288
2.687 249.237
2.688 250.123
2.689 250.949
2.69 251.712
2.691 252.414
2.692 253.053
2.693 253.63
2.694 254.144
2.695 254.596
2.696 254.985
2.697 255.311
2.698 255.574
2.699 255.774
2.7 255.912
2.701 255.986
2.702 255.997
2.703 255.945
2.704 255.829
2.705 255.651
2.706 255.41
2.707 255.105
2.708 254.738
2.709 254.308
2.71 253.816
2.711 253.261
2.712 252.643
2.713 251.963
2.714 251.221
2.715 250.417
2.716 249.552
2.717 248.625
2.718 247.636
2.719 246.587
2.72 245.477
2.721 244.306
2.722 243.075
2.723 241.784
2.724 240.434
2.725 239.024
2.726 237.555
2.727 236.028
2.728 234.443
2.729 232.799
2.73 231.099
2.731 229.342
2.732 227.528
2.733 225.657
2.734 223.732
2.735 221.751
2.736 219.715
2.737 217.625
2.738 215.482
2.739 213.286
2.74 211.037
2.741 208.736
2.742 206.383
2.743 203.98
2.744 201.526
2.745 199.023
2.746 196.471
2.747 193.87
2.748 191.221
2.749 188.526
2.75 185.783
2.751 182.995
2.752 180.162
2.753 177.285
2.754 174.363
2.755 171.4
2.756 168.393
2.757 165.345
2.758 162.257
2.759 159.128
2.76 155.96
2.761 152.753
2.762 149.509
2.763 146.229
2.764 142.912
2.765 139.56
2.766 136.173
2.767 132.753
2.768 129.3
2.769 125.816
2.77 122.3
2.771 118.755
2.772 115.18
2.773 111.576
2.774 107.945
2.775 104.287
2.776 100.604
2.777 96.8958
2.778 93.1638
2.779 89.4087
2.78 85.6324
2.781 81.8343
2.782 78.0159
2.783 74.1784
2.784 70.3225
2.785 66.4493
2.786 62.5598
2.787 58.6548
2.788 54.7361
2.789 50.8032
2.79 46.8577
2.791 42.9007
2.792 38.9331
2.793 34.956
2.794 30.9702
2.795 26.9767
2.796 22.9774
2.797 18.9717
2.798 14.9613
2.799 10.9472
2.8 6.93038
2.801 2.91187
2.802 -1.10735
2.803 -5.12631
2.804 -9.14399
2.805 -13.1587
2.806 -17.1709
2.807 -21.1788
2.808 -25.1816
2.809 -29.1781
2.81 -33.1674
2.811 -37.1486
2.812 -41.1206
2.813 -45.0817
2.814 -49.0325
2.815 -52.9711
2.816 -56.8968
2.817 -60.8084
2.818 -64.705
2.819 -68.5856
2.82 -72.4494
2.821 -76.2945
2.822 -80.1216
2.823 -83.9289
2.824 -87.7156
2.825 -91.4806
2.826 -95.2231
2.827 -98.9421
2.828 -102.637
2.829 -106.306
2.83 -109.948
2.831 -113.564
2.832 -117.152
2.833 -120.712
2.834 -124.241
2.835 -127.74
2.836 -131.207
2.837 -134.642
2.838 -138.043
2.839 -141.411
2.84 -144.744
2.841 -148.041
2.842 -151.302
2.843 -154.525
2.844 -157.71
2.845 -160.857
2.846 -163.963
2.847 -167.029
2.848 -170.055
2.849 -173.038
2.85 -175.978
2.851 -178.876
2.852 -181.729
2.853 -184.537
2.854 -187.3
2.855 -190.016
2.856 -192.686
2.857 -195.309
2.858 -197.883
2.859 -200.408
2.86 -202.884
2.861 -205.31
2.862 -207.686
2.863 -210.01
2.864 -212.282
2.865 -214.502
2.866 -216.67
2.867 -218.784
2.868 -220.844
2.869 -222.849
2.87 -224.8
2.871 -226.694
2.872 -228.534
2.873 -230.317
2.874 -232.043
2.875 -233.712
2.876 -235.323
2.877 -236.877
2.878 -238.372
2.879 -239.808
2.88 -241.185
2.881 -242.503
2.882 -243.761
2.883 -244.958
2.884 -246.096
2.885 -247.173
2.886 -248.188
2.887 -249.143
2.888 -250.036
2.889 -250.868
2.89 -251.638
2.891 -252.345
2.892 -252.991
2.893 -253.574
2.894 -254.095
2.895 -254.553
2.896 -254.948
2.897 -255.281
2.898 -255.55
2.899 -255.757
2.9 -255.901
2.901 -255.981
2.902 -255.998
2.903 -255.953
2.904 -255.844
2.905 -255.672
2.906 -255.437
2.907 -255.139
2.908 -254.778
2.909 -254.355
2.91 -253.869
2.911 -253.32
2.912 -252.709
2.913 -252.035
2.914 -251.299
2.915 -250.502
2.916 -249.642
2.917 -248.722
2.918 -247.739
2.919 -246.696
2.92 -245.592
2.921 -244.428
2.922 -243.203
2.923 -241.918
2.924 -240.573
2.925 -239.17
2.926 -237.707
2.927 -236.186
2.928 -234.606
2.929 -232.969
2.93 -231.274
2.931 -229.523
2.932 -227.714
2.933 -225.85
2.934 -223.93
2.935 -221.954
2.936 -219.924
2.937 -217.84
2.938 -215.702
2.939 -213.511
2.94 -211.267
2.941 -208.972
2.942 -206.624
2.943 -204.226
2.944 -201.777
2.945 -199.279
2.946 -196.732
2.947 -194.136
2.948 -191.492
2.949 -188.801
2.95 -186.064
2.951 -183.28
2.952 -180.452
2.953 -177.579
2.954 -174.662
2.955 -171.702
2.956 -168.7
2.957 -165.656
2.958 -162.572
2.959 -159.447
2.96 -156.283
2.961 -153.08
2.962 -149.84
2.963 -146.564
2.964 -143.25
2.965 -139.902
2.966 -136.519
2.967 -133.102
2.968 -129.652
2.969 -126.171
2.97 -122.658
2.971 -119.116
2.972 -115.544
2.973 -111.943
2.974 -108.315
2.975 -104.66
2.976 -100.979
2.977 -97.2731
2.978 -93.5434
2.979 -89.7907
2.98 -86.0165
2.981 -82.2205
2.982 -78.4041
2.983 -74.5685
2.984 -70.7145
2.985 -66.843
2.986 -62.955
2.987 -59.0516
2.988 -55.1343
2.989 -51.2027
2.99 -47.2585
2.991 -43.3026
2.992 -39.3361
2.993 -35.3598
2.994 -31.3749
2.995 -27.3822
2.996 -23.3835
2.997 -19.3783
2.998 -15.3683
2.999 -11.3545
3 -7.33794
3.001 -3.31956
3.002 0.699635
3.003 4.71866
3.004 8.73652
3.005 12.7515
3.006 16.764
3.007 20.7725
3.008 24.7758
3.009 28.773
3.01 32.7631
3.011 36.7451
3.012 40.7181
3.013 44.6803
3.014 48.6322
3.015 52.5722
3.016 56.4992
3.017 60.4122
3.018 64.3104
3.019 68.1927
3.02 72.0582
3.021 75.9052
3.022 79.7343
3.023 83.5436
3.024 87.3324
3.025 91.0997
3.026 94.8445
3.027 98.5659
3.028 102.263
3.029 105.935
3.03 109.58
3.031 113.199
3.032 116.79
3.033 120.352
3.034 123.884
3.035 127.386
3.036 130.857
3.037 134.295
3.038 137.7
3.039 141.071
3.04 144.407
3.041 147.708
3.042 150.973
3.043 154.2
3.044 157.389
3.045 160.539
3.046 163.65
3.047 166.72
3.048 169.75
3.049 172.737
3.05 175.682
3.051 178.584
3.052 181.441
3.053 184.254
3.054 187.022
3.055 189.743
3.056 192.418
3.057 195.045
3.058 197.624
3.059 200.154
3.06 202.635
3.061 205.067
3.062 207.447
3.063 209.776
3.064 212.054
3.065 214.28
3.066 216.452
3.067 218.572
3.068 220.637
3.069 222.648
3.07 224.604
3.071 226.505
3.072 228.35
3.073 230.138
3.074 231.87
3.075 233.545
3.076 235.163
3.077 236.722
3.078 238.223
3.079 239.665
3.08 241.048
3.081 242.372
3.082 243.636
3.083 244.84
3.084 245.983
3.085 247.066
3.086 248.088
3.087 249.049
3.088 249.948
3.089 250.786
3.09 251.562
3.091 252.277
3.092 252.928
3.093 253.518
3.094 254.045
3.095 254.509
3.096 254.911
3.097 255.25
3.098 255.526
3.099 255.739
3.1 255.889
3.101 255.976
3.102 256
3.103 255.96
3.104 255.858
3.105 255.692
3.106 255.464
3.107 255.172
3.108 254.818
3.109 254.401
3.11 253.921
3.111 253.378
3.112 252.773
3.113 252.106
3.114 251.377
3.115 250.586
3.116 249.732
3.117 248.818
3.118 247.842
3.119 246.805
3.12 245.707
3.121 244.548
3.122 243.33
3.123 242.051
3.124 240.712
3.125 239.315
3.126 237.858
3.127 236.343
3.128 234.769
3.129 233.137
3.13 231.449
3.131 229.703
3.132 227.9
3.133 226.041
3.134 224.127
3.135 222.157
3.136 220.133
3.137 218.054
3.138 215.922
3.139 213.736
3.14 211.497
3.141 209.207
3.142 206.865
3.143 204.472
3.144 202.028
3.145 199.535
3.146 196.993
3.147 194.402
3.148 191.763
3.149 189.076
3.15 186.343
3.151 183.565
3.152 180.741
3.153 177.872
3.154 174.96
3.155 172.005
3.156 169.007
3.157 165.967
3.158 162.886
3.159 159.766
3.16 156.606
3.161 153.407
3.162 150.171
3.163 146.898
3.164 143.588
3.165 140.243
3.166 136.863
3.167 133.45
3.168 130.004
3.169 126.525
3.17 123.016
3.171 119.477
3.172 115.907
3.173 112.309
3.174 108.684
3.175 105.032
3.176 101.353
3.177 97.6501
3.178 93.9228
3.179 90.1724
3.18 86.4004
3.181 82.6065
3.182 78.7922
3.183 74.9584
3.184 71.1062
3.185 67.2365
3.186 63.3502
3.187 59.4482
3.188 55.5324
3.189 51.6021
3.19 47.6591
3.191 43.7044
3.192 39.7389
3.193 35.7636
3.194 31.7795
3.195 27.7875
3.196 23.7895
3.197 19.7848
3.198 15.7753
3.199 11.7618
3.2 7.74548
3.201 3.72801
3.202 -0.291917
3.203 -4.31024
3.204 -8.32903
3.205 -12.3442
3.206 -16.3579
3.207 -20.3661
3.208 -24.3707
3.209 -28.3678
3.21 -32.3579
3.211 -36.3416
3.212 -40.3148
3.213 -44.2795
3.214 -48.2319
3.215 -52.1738
3.216 -56.1014
3.217 -60.0152
3.218 -63.9157
3.219 -67.7989
3.22 -71.6669
3.221 -75.5157
3.222 -79.3475
3.223 -83.1581
3.224 -86.9498
3.225 -90.7186
3.226 -94.465
3.227 -98.1895
3.228 -101.888
3.229 -105.564
3.23 -109.211
3.231 -112.834
3.232 -116.427
3.233 -119.993
3.234 -123.527
3.235 -127.032
3.236 -130.506
3.237 -133.947
3.238 -137.356
3.239 -140.73
3.24 -144.071
3.241 -147.375
3.242 -150.642
3.243 -153.874
3.244 -157.067
3.245 -160.222
3.246 -163.336
3.247 -166.411
3.248 -169.444
3.249 -172.437
3.25 -175.385
3.251 -178.291
3.252 -181.154
3.253 -183.971
3.254 -186.743
3.255 -189.469
3.256 -192.149
3.257 -194.78
3.258 -197.365
3.259 -199.9
3.26 -202.386
3.261 -204.822
3.262 -207.208
3.263 -209.543
3.264 -211.825
3.265 -214.057
3.266 -216.234
3.267 -218.359
3.268 -220.43
3.269 -222.446
3.27 -224.408
3.271 -226.314
3.272 -228.166
3.273 -229.96
3.274 -231.698
3.275 -233.378
3.276 -235.001
3.277 -236.566
3.278 -238.073
3.279 -239.521
3.28 -240.91
3.281 -242.24
3.282 -243.51
3.283 -244.72
3.284 -245.87
3.285 -246.959
3.286 -247.987
3.287 -248.954
3.288 -249.86
3.289 -250.704
3.29 -251.487
3.291 -252.207
3.292 -252.865
3.293 -253.461
3.294 -253.994
3.295 -254.465
3.296 -254.873
3.297 -255.219
3.298 -255.501
3.299 -255.72
3.3 -255.877
3.301 -255.97
3.302 -256
3.303 -255.967
3.304 -255.871
3.305 -255.712
3.306 -255.49
3.307 -255.205
3.308 -254.857
3.309 -254.446
3.31 -253.972
3.311 -253.436
3.312 -252.838
3.313 -252.177
3.314 -251.454
3.315 -250.668
3.316 -249.822
3.317 -248.913
3.318 -247.944
3.319 -246.913
3.32 -245.821
3.321 -244.669
3.322 -243.456
3.323 -242.183
3.324 -240.851
3.325 -239.459
3.326 -238.009
3.327 -236.499
3.328 -234.932
3.329 -233.306
3.33 -231.623
3.331 -229.882
3.332 -228.086
3.333 -226.232
3.334 -224.324
3.335 -222.36
3.336 -220.34
3.337 -218.267
3.338 -216.14
3.339 -213.96
3.34 -211.726
3.341 -209.442
3.342 -207.105
3.343 -204.717
3.344 -202.279
3.345 -199.79
3.346 -197.253
3.347 -194.666
3.348 -192.032
3.349 -189.35
3.35 -186.623
3.351 -183.849
3.352 -181.029
3.353 -178.166
3.354 -175.257
3.355 -172.306
3.356 -169.312
3.357 -166.277
3.358 -163.2
3.359 -160.084
3.36 -156.929
3.361 -153.733
3.362 -150.501
3.363 -147.231
3.364 -143.925
3.365 -140.583
3.366 -137.208
3.367 -133.798
3.368 -130.355
3.369 -126.88
3.37 -123.373
3.371 -119.837
3.372 -116.27
3.373 -112.676
3.374 -109.052
3.375 -105.403
3.376 -101.728
3.377 -98.0269
3.378 -94.3027
3.379 -90.5538
3.38 -86.7841
3.381 -82.9916
3.382 -79.18
3.383 -75.3475
3.384 -71.4978
3.385 -67.6305
3.386 -63.7451
3.387 -59.8455
3.388 -55.9296
3.389 -52.0014
3.39 -48.0589
3.391 -44.1061
3.392 -40.1424
3.393 -36.1673
3.394 -32.1847
3.395 -28.1928
3.396 -24.1954
3.397 -20.1905
3.398 -16.1822
3.399 -12.1683
3.4 -8.15301
3.401 -4.13568
3.402 -0.115802
3.403 3.90257
3.404 7.92152
3.405 11.937
3.406 15.951
3.407 19.9596
3.408 23.9648
3.409 27.9626
3.41 31.9534
3.411 35.938
3.412 39.9121
3.413 43.8779
3.414 47.8314
3.415 51.7746
3.416 55.7036
3.417 59.6188
3.418 63.5208
3.419 67.4057
3.42 71.2754
3.421 75.1261
3.422 78.9597
3.423 82.7724
3.424 86.5662
3.425 90.3372
3.426 94.0859
3.427 97.8129
3.428 101.514
3.429 105.192
3.43 108.843
3.431 112.468
3.432 116.064
3.433 119.632
3.434 123.17
3.435 126.678
3.436 130.155
3.437 133.6
3.438 137.012
3.439 140.39
3.44 143.734
3.441 147.041
3.442 150.313
3.443 153.548
3.444 156.744
3.445 159.903
3.446 163.022
3.447 166.101
3.448 169.138
3.449 172.135
3.45 175.088
3.451 177.998
3.452 180.865
3.453 183.687
3.454 186.464
3.455 189.195
3.456 191.879
3.457 194.516
3.458 197.105
3.459 199.645
3.46 202.136
3.461 204.577
3.462 206.968
3.463 209.308
3.464 211.596
3.465 213.833
3.466 216.016
3.467 218.146
3.468 220.222
3.469 222.244
3.47 224.212
3.471 226.124
3.472 227.98
3.473 229.78
3.474 231.524
3.475 233.21
3.476 234.839
3.477 236.41
3.478 237.923
3.479 239.377
3.48 240.772
3.481 242.108
3.482 243.384
3.483 244.6
3.484 245.756
3.485 246.851
3.486 247.886
3.487 248.859
3.488 249.771
3.489 250.621
3.49 251.41
3.491 252.137
3.492 252.801
3.493 253.403
3.494 253.943
3.495 254.42
3.496 254.835
3.497 255.186
3.498 255.475
3.499 255.701
3.5 255.864
3.501 255.963
3.502 256
3.503 255.973
3.504 255.884
3.505 255.731
3.506 255.515
3.507 255.237
3.508 254.895
3.509 254.49
3.51 254.023
3.511 253.493
3.512 252.901
3.513 252.247
3.514 251.53
3.515 250.751
3.516 249.91
3.517 249.008
3.518 248.045
3.519 247.02
3.52 245.934
3.521 244.788
3.522 243.582
3.523 242.315
3.524 240.989
3.525 239.603
3.526 238.159
3.527 236.655
3.528 235.093
3.529 233.473
3.53 231.796
3.531 230.061
3.532 228.27
3.533 226.423
3.534 224.52
3.535 222.562
3.536 220.548
3.537 218.48
3.538 216.358
3.539 214.184
3.54 211.955
3.541 209.676
3.542 207.344
3.543 204.961
3.544 202.528
3.545 200.045
3.546 197.512
3.547 194.931
3.548 192.302
3.549 189.625
3.55 186.902
3.551 184.133
3.552 181.317
3.553 178.458
3.554 175.554
3.555 172.608
3.556 169.618
3.557 166.587
3.558 163.514
3.559 160.402
3.56 157.251
3.561 154.059
3.562 150.831
3.563 147.564
3.564 144.262
3.565 140.924
3.566 137.552
3.567 134.146
3.568 130.705
3.569 127.234
3.57 123.73
3.571 120.197
3.572 116.633
3.573 113.042
3.574 109.421
3.575 105.775
3.576 102.102
3.577 98.4034
3.578 94.6816
3.579 90.9351
3.58 87.1676
3.581 83.3772
3.582 79.5676
3.583 75.737
3.584 71.8892
3.585 68.0237
3.586 64.1399
3.587 60.2418
3.588 56.3274
3.589 52.4006
3.59 48.4593
3.591 44.5076
3.592 40.545
3.593 36.5708
3.594 32.5892
3.595 28.598
3.596 24.6012
3.597 20.5969
3.598 16.5891
3.599 12.5756
3.6 8.56051
3.601 4.54334
3.602 0.523521
3.603 -3.4949
3.604 -7.51398
3.605 -11.5297
3.606 -15.5441
3.607 -19.5531
3.608 -23.5588
3.609 -27.5573
3.61 -31.5489
3.611 -35.5342
3.612 -39.5093
3.613 -43.4762
3.614 -47.4308
3.615 -51.3753
3.616 -55.3055
3.617 -59.2222
3.618 -63.1257
3.619 -67.0122
3.62 -70.8837
3.621 -74.7362
3.622 -78.5718
3.623 -82.3865
3.624 -86.1824
3.625 -89.9556
3.626 -93.7066
3.627 -97.436
3.628 -101.14
3.629 -104.82
3.63 -108.473
3.631 -112.101
3.632 -115.7
3.633 -119.272
3.634 -122.813
3.635 -126.323
3.636 -129.804
3.637 -133.252
3.638 -136.668
3.639 -140.048
3.64 -143.396
3.641 -146.707
3.642 -149.982
3.643 -153.222
3.644 -156.422
3.645 -159.585
3.646 -162.707
3.647 -165.791
3.648 -168.832
3.649 -171.833
3.65 -174.79
3.651 -177.705
3.652 -180.577
3.653 -183.403
3.654 -186.185
3.655 -188.92
3.656 -191.609
3.657 -194.25
3.658 -196.845
3.659 -199.389
3.66 -201.885
3.661 -204.332
3.662 -206.728
3.663 -209.073
3.664 -211.366
3.665 -213.608
3.666 -215.797
3.667 -217.932
3.668 -220.014
3.669 -222.042
3.67 -224.015
3.671 -225.932
3.672 -227.795
3.673 -229.6
3.674 -231.35
3.675 -233.042
3.676 -234.676
3.677 -236.253
3.678 -237.772
3.679 -239.232
3.68 -240.633
3.681 -241.975
3.682 -243.257
3.683 -244.48
3.684 -245.642
3.685 -246.743
3.686 -247.784
3.687 -248.763
3.688 -249.681
3.689 -250.538
3.69 -251.333
3.691 -252.066
3.692 -252.737
3.693 -253.345
3.694 -253.891
3.695 -254.375
3.696 -254.796
3.697 -255.154
3.698 -255.449
3.699 -255.681
3.7 -255.85
3.701 -255.956
3.702 -255.999
3.703 -255.979
3.704 -255.896
3.705 -255.749
3.706 -255.54
3.707 -255.268
3.708 -254.932
3.709 -254.534
3.71 -254.074
3.711 -253.55
3.712 -252.964
3.713 -252.316
3.714 -251.605
3.715 -250.833
3.716 -249.999
3.717 -249.103
3.718 -248.145
3.719 -247.127
3.72 -246.047
3.721 -244.907
3.722 -243.707
3.723 -242.446
3.724 -241.126
3.725 -239.746
3.726 -238.308
3.727 -236.81
3.728 -235.254
3.729 -233.64
3.73 -231.969
3.731 -230.24
3.732 -228.455
3.733 -226.613
3.734 -224.715
3.735 -222.763
3.736 -220.754
3.737 -218.692
3.738 -216.576
3.739 -214.407
3.74 -212.184
3.741 -209.909
3.742 -207.583
3.743 -205.205
3.744 -202.777
3.745 -200.299
3.746 -197.772
3.747 -195.195
3.748 -192.571
3.749 -189.898
3.75 -187.18
3.751 -184.416
3.752 -181.605
3.753 -178.75
3.754 -175.851
3.755 -172.909
3.756 -169.923
3.757 -166.896
3.758 -163.828
3.759 -160.72
3.76 -157.572
3.761 -154.385
3.762 -151.16
3.763 -147.897
3.764 -144.599
3.765 -141.264
3.766 -137.895
3.767 -134.493
3.768 -131.056
3.769 -127.588
3.77 -124.087
3.771 -120.557
3.772 -116.996
3.773 -113.407
3.774 -109.789
3.775 -106.146
3.776 -102.476
3.777 -98.7796
3.778 -95.0603
3.779 -91.3161
3.78 -87.5508
3.781 -83.7625
3.782 -79.955
3.783 -76.1264
3.784 -72.2804
3.785 -68.4167
3.786 -64.5345
3.787 -60.638
3.788 -56.725
3.789 -52.7996
3.79 -48.8596
3.791 -44.9091
3.792 -40.9475
3.793 -36.9743
3.794 -32.9935
3.795 -29.0031
3.796 -25.0071
3.797 -21.0033
3.798 -16.9959
3.799 -12.9828
3.8 -8.96799
3.801 -4.95099
3.802 -0.931239
3.803 3.08721
3.804 7.10643
3.805 11.1224
3.806 15.1371
3.807 19.1466
3.808 23.1528
3.809 27.1519
3.81 31.1442
3.811 35.1304
3.812 39.1064
3.813 43.0743
3.814 47.0301
3.815 50.9758
3.816 54.9074
3.817 58.8255
3.818 62.7305
3.819 66.6186
3.82 70.4918
3.821 74.3462
3.822 78.1836
3.823 82.0004
3.824 85.7984
3.825 89.5737
3.826 93.3271
3.827 97.0588
3.828 100.765
3.829 104.448
3.83 108.104
3.831 111.735
3.832 115.336
3.833 118.911
3.834 122.455
3.835 125.968
3.836 129.452
3.837 132.903
3.838 136.323
3.839 139.707
3.84 143.058
3.841 146.373
3.842 149.652
3.843 152.895
3.844 156.099
3.845 159.266
3.846 162.392
3.847 165.48
3.848 168.525
3.849 171.531
3.85 174.492
3.851 177.411
3.852 180.287
3.853 183.118
3.854 185.905
3.855 188.644
3.856 191.338
3.857 193.984
3.858 196.584
3.859 199.134
3.86 201.634
3.861 204.086
3.862 206.487
3.863 208.838
3.864 211.136
3.865 213.383
3.866 215.577
3.867 217.718
3.868 219.805
3.869 221.838
3.87 223.817
3.871 225.74
3.872 227.608
3.873 229.419
3.874 231.175
3.875 232.873
3.876 234.513
3.877 236.096
3.878 237.621
3.879 239.087
3.88 240.494
3.881 241.842
3.882 243.13
3.883 244.359
3.884 245.526
3.885 246.634
3.886 247.681
3.887 248.666
3.888 249.591
3.889 250.454
3.89 251.255
3.891 251.994
3.892 252.671
3.893 253.286
3.894 253.839
3.895 254.329
3.896 254.756
3.897 255.12
3.898 255.422
3.899 255.66
3.9 255.836
3.901 255.948
3.902 255.997
3.903 255.984
3.904 255.907
3.905 255.767
3.906 255.564
3.907 255.298
3.908 254.969
3.909 254.578
3.91 254.123
3.911 253.606
3.912 253.026
3.913 252.384
3.914 251.68
3.915 250.914
3.916 250.086
3.917 249.196
3.918 248.245
3.919 247.233
3.92 246.16
3.921 245.026
3.922 243.831
3.923 242.577
3.924 241.262
3.925 239.889
3.926 238.456
3.927 236.965
3.928 235.415
3.929 233.806
3.93 232.141
3.931 230.418
3.932 228.638
3.933 226.802
3.934 224.91
3.935 222.963
3.936 220.961
3.937 218.904
3.938 216.793
3.939 214.629
3.94 212.412
3.941 210.143
3.942 207.822
3.943 205.449
3.944 203.026
3.945 200.552
3.946 198.03
3.947 195.458
3.948 192.839
3.949 190.171
3.95 187.458
3.951 184.698
3.952 181.892
3.953 179.042
3.954 176.147
3.955 173.209
3.956 170.228
3.957 167.205
3.958 164.141
3.959 161.037
3.96 157.893
3.961 154.71
3.962 151.489
3.963 148.23
3.964 144.935
3.965 141.604
3.966 138.239
3.967 134.84
3.968 131.406
3.969 127.941
3.97 124.443
3.971 120.917
3.972 117.358
3.973 113.773
3.974 110.158
3.975 106.517
3.976 102.85
3.977 99.1557
3.978 95.4388
3.979 91.6969
3.98 87.9339
3.981 84.1477
3.982 80.3423
3.983 76.5156
3.984 72.6715
3.985 68.8095
3.986 64.929
3.987 61.0341
3.988 57.1226
3.989 53.1985
3.99 49.2598
3.991 45.3104
3.992 41.3499
3.993 37.3777
3.994 33.3978
3.995 29.4082
3.996 25.4128
3.997 21.4096
3.998 17.4027
3.999 13.39
4 9.37545
