0 0.00477794
0.001 -0.0266189
0.002 -0.0579895
0.003 -0.0893029
0.004 -0.120528
0.005 -0.151635
0.006 -0.182592
0.007 -0.213369
0.008 -0.243936
0.009 -0.274262
0.01 -0.304318
0.011 -0.334073
0.012 -0.3635
0.013 -0.392568
0.014 -0.421249
0.015 -0.449515
0.016 -0.477337
0.017 -0.504689
0.018 -0.531544
0.019 -0.557874
0.02 -0.583655
0.021 -0.608859
0.022 -0.633464
0.023 -0.657444
0.024 -0.680776
0.025 -0.703437
0.026 -0.725405
0.027 -0.746657
0.028 -0.767173
0.029 -0.786933
0.03 -0.805917
0.031 -0.824106
0.032 -0.841483
0.033 -0.85803
0.034 -0.873732
0.035 -0.888572
0.036 -0.902536
0.037 -0.91561
0.038 -0.927781
0.039 -0.939038
0.04 -0.949369
0.041 -0.958764
0.042 -0.967214
0.043 -0.974711
0.044 -0.981246
0.045 -0.986814
0.046 -0.991409
0.047 -0.995027
0.048 -0.997663
0.049 -0.999317
0.05 -0.999984
0.051 -0.999667
0.052 -0.998363
0.053 -0.996075
0.054 -0.992806
0.055 -0.988557
0.056 -0.983334
0.057 -0.977141
0.058 -0.969985
0.059 -0.961873
0.06 -0.952813
0.061 -0.942813
0.062 -0.931883
0.063 -0.920035
0.064 -0.90728
0.065 -0.893631
0.066 -0.8791
0.067 -0.863703
0.068 -0.847454
0.069 -0.83037
0.07 -0.812467
0.071 -0.793763
0.072 -0.774276
0.073 -0.754026
0.074 -0.733033
0.075 -0.711317
0.076 -0.6889
0.077 -0.665804
0.078 -0.642051
0.079 -0.617665
0.08 -0.592671
0.081 -0.567092
0.082 -0.540954
0.083 -0.514282
0.084 -0.487104
0.085 -0.459445
0.086 -0.431334
0.087 -0.402797
0.088 -0.373863
0.089 -0.344561
0.09 -0.314918
0.091 -0.284966
0.092 -0.254732
0.093 -0.224247
0.094 -0.193541
0.095 -0.162645
0.096 -0.131588
0.097 -0.100401
0.098 -0.0691154
0.099 -0.0377616
0.1 -0.00637057
0.101 0.0250267
0.102 0.0563994
0.103 0.0877164
0.104 0.118947
0.105 0.15006
0.106 0.181026
0.107 0.211813
0.108 0.242391
0.109 0.27273
0.11 0.3028
0.111 0.332572
0.112 0.362016
0.113 0.391103
0.114 0.419804
0.115 0.448091
0.116 0.475937
0.117 0.503314
0.118 0.530194
0.119 0.556552
0.12 0.582361
0.121 0.607595
0.122 0.632231
0.123 0.656244
0.124 0.679609
0.125 0.702304
0.126 0.724307
0.127 0.745596
0.128 0.76615
0.129 0.785949
0.13 0.804973
0.131 0.823203
0.132 0.840621
0.133 0.857211
0.134 0.872956
0.135 0.88784
0.136 0.901849
0.137 0.914968
0.138 0.927186
0.139 0.938489
0.14 0.948868
0.141 0.95831
0.142 0.966808
0.143 0.974353
0.144 0.980938
0.145 0.986555
0.146 0.991199
0.147 0.994867
0.148 0.997553
0.149 0.999256
0.15 0.999974
0.151 0.999706
0.152 0.998453
0.153 0.996215
0.154 0.992995
0.155 0.988796
0.156 0.983622
0.157 0.977479
0.158 0.970371
0.159 0.962308
0.16 0.953295
0.161 0.943342
0.162 0.93246
0.163 0.920658
0.164 0.907949
0.165 0.894344
0.166 0.879858
0.167 0.864504
0.168 0.848298
0.169 0.831256
0.17 0.813394
0.171 0.79473
0.172 0.775283
0.173 0.755072
0.174 0.734116
0.175 0.712436
0.176 0.690054
0.177 0.666991
0.178 0.643271
0.179 0.618917
0.18 0.593953
0.181 0.568403
0.182 0.542292
0.183 0.515647
0.184 0.488494
0.185 0.460859
0.186 0.43277
0.187 0.404254
0.188 0.37534
0.189 0.346055
0.19 0.31643
0.191 0.286492
0.192 0.256272
0.193 0.225799
0.194 0.195104
0.195 0.164216
0.196 0.133166
0.197 0.101986
0.198 0.0707042
0.199 0.0393531
0.2 0.00796318
0.201 -0.0234346
0.202 -0.0548092
0.203 -0.0861298
0.204 -0.117365
0.205 -0.148485
0.206 -0.179459
0.207 -0.210256
0.208 -0.240845
0.209 -0.271197
0.21 -0.301282
0.211 -0.331069
0.212 -0.36053
0.213 -0.389637
0.214 -0.418358
0.215 -0.446667
0.216 -0.474536
0.217 -0.501937
0.218 -0.528843
0.219 -0.555228
0.22 -0.581065
0.221 -0.60633
0.222 -0.630996
0.223 -0.655041
0.224 -0.67844
0.225 -0.70117
0.226 -0.723208
0.227 -0.744534
0.228 -0.765126
0.229 -0.784963
0.23 -0.804027
0.231 -0.822297
0.232 -0.839758
0.233 -0.85639
0.234 -0.872178
0.235 -0.887106
0.236 -0.901159
0.237 -0.914324
0.238 -0.926588
0.239 -0.937938
0.24 -0.948364
0.241 -0.957854
0.242 -0.9664
0.243 -0.973994
0.244 -0.980627
0.245 -0.986293
0.246 -0.990987
0.247 -0.994704
0.248 -0.997441
0.249 -0.999194
0.25 -0.999962
0.251 -0.999744
0.252 -0.99854
0.253 -0.996352
0.254 -0.993182
0.255 -0.989033
0.256 -0.983908
0.257 -0.977814
0.258 -0.970755
0.259 -0.96274
0.26 -0.953775
0.261 -0.94387
0.262 -0.933034
0.263 -0.921279
0.264 -0.908615
0.265 -0.895055
0.266 -0.880614
0.267 -0.865304
0.268 -0.84914
0.269 -0.83214
0.27 -0.814319
0.271 -0.795696
0.272 -0.776288
0.273 -0.756115
0.274 -0.735196
0.275 -0.713553
0.276 -0.691206
0.277 -0.668177
0.278 -0.64449
0.279 -0.620167
0.28 -0.595233
0.281 -0.569713
0.282 -0.54363
0.283 -0.517012
0.284 -0.489884
0.285 -0.462272
0.286 -0.434206
0.287 -0.405711
0.288 -0.376815
0.289 -0.347549
0.29 -0.31794
0.291 -0.288017
0.292 -0.257811
0.293 -0.22735
0.294 -0.196665
0.295 -0.165787
0.296 -0.134745
0.297 -0.10357
0.298 -0.0722927
0.299 -0.0409444
0.3 -0.00955578
0.301 0.0218423
0.302 0.0532189
0.303 0.084543
0.304 0.115784
0.305 0.14691
0.306 0.177892
0.307 0.208698
0.308 0.239299
0.309 0.269664
0.31 0.299763
0.311 0.329566
0.312 0.359044
0.313 0.388169
0.314 0.416911
0.315 0.445242
0.316 0.473134
0.317 0.500559
0.318 0.527491
0.319 0.553903
0.32 0.579768
0.321 0.605062
0.322 0.62976
0.323 0.653837
0.324 0.677269
0.325 0.700033
0.326 0.722108
0.327 0.74347
0.328 0.764099
0.329 0.783975
0.33 0.803079
0.331 0.82139
0.332 0.838892
0.333 0.855566
0.334 0.871397
0.335 0.88637
0.336 0.900468
0.337 0.913678
0.338 0.925988
0.339 0.937385
0.34 0.947857
0.341 0.957396
0.342 0.96599
0.343 0.973632
0.344 0.980314
0.345 0.986029
0.346 0.990773
0.347 0.994539
0.348 0.997326
0.349 0.999129
0.35 0.999946
0.351 0.999779
0.352 0.998625
0.353 0.996487
0.354 0.993366
0.355 0.989267
0.356 0.984191
0.357 0.978146
0.358 0.971136
0.359 0.963169
0.36 0.954252
0.361 0.944395
0.362 0.933606
0.363 0.921897
0.364 0.909279
0.365 0.895765
0.366 0.881367
0.367 0.866101
0.368 0.849981
0.369 0.833022
0.37 0.815243
0.371 0.79666
0.372 0.777291
0.373 0.757156
0.374 0.736275
0.375 0.714667
0.376 0.692356
0.377 0.669361
0.378 0.645707
0.379 0.621416
0.38 0.596512
0.381 0.571021
0.382 0.544966
0.383 0.518374
0.384 0.491271
0.385 0.463684
0.386 0.43564
0.387 0.407166
0.388 0.37829
0.389 0.349042
0.39 0.319449
0.391 0.289542
0.392 0.259349
0.393 0.228901
0.394 0.198227
0.395 0.167357
0.396 0.136323
0.397 0.105154
0.398 0.0738811
0.399 0.0425357
0.4 0.0111483
0.401 -0.0202508
0.402 -0.0516284
0.403 -0.0829566
0.404 -0.114202
0.405 -0.145335
0.406 -0.176325
0.407 -0.207141
0.408 -0.237752
0.409 -0.26813
0.41 -0.298243
0.411 -0.328063
0.412 -0.357557
0.413 -0.386701
0.414 -0.415462
0.415 -0.443815
0.416 -0.471729
0.417 -0.49918
0.418 -0.526136
0.419 -0.552576
0.42 -0.578469
0.421 -0.603794
0.422 -0.628521
0.423 -0.652631
0.424 -0.676096
0.425 -0.698895
0.426 -0.721005
0.427 -0.742404
0.428 -0.763071
0.429 -0.782986
0.43 -0.802129
0.431 -0.820481
0.432 -0.838024
0.433 -0.854741
0.434 -0.870615
0.435 -0.885631
0.436 -0.899774
0.437 -0.91303
0.438 -0.925386
0.439 -0.936829
0.44 -0.947349
0.441 -0.956934
0.442 -0.965577
0.443 -0.973267
0.444 -0.979998
0.445 -0.985763
0.446 -0.990556
0.447 -0.994372
0.448 -0.997208
0.449 -0.999061
0.45 -0.999929
0.451 -0.999811
0.452 -0.998707
0.453 -0.996619
0.454 -0.993548
0.455 -0.989498
0.456 -0.984472
0.457 -0.978476
0.458 -0.971515
0.459 -0.963596
0.46 -0.954727
0.461 -0.944917
0.462 -0.934176
0.463 -0.922513
0.464 -0.909941
0.465 -0.896471
0.466 -0.882119
0.467 -0.866896
0.468 -0.850819
0.469 -0.833902
0.47 -0.816165
0.471 -0.797621
0.472 -0.778293
0.473 -0.758196
0.474 -0.737352
0.475 -0.715781
0.476 -0.693503
0.477 -0.670544
0.478 -0.646922
0.479 -0.622663
0.48 -0.597789
0.481 -0.572327
0.482 -0.5463
0.483 -0.519736
0.484 -0.492657
0.485 -0.465095
0.486 -0.437072
0.487 -0.40862
0.488 -0.379764
0.489 -0.350534
0.49 -0.320958
0.491 -0.291067
0.492 -0.260887
0.493 -0.230452
0.494 -0.199788
0.495 -0.168928
0.496 -0.1379
0.497 -0.106738
0.498 -0.0754693
0.499 -0.0441276
0.5 -0.0127409
0.501 0.0186584
0.502 0.0500378
0.503 0.0813694
0.504 0.112619
0.505 0.14376
0.506 0.174757
0.507 0.205583
0.508 0.236205
0.509 0.266596
0.51 0.296722
0.511 0.326558
0.512 0.35607
0.513 0.385232
0.514 0.414013
0.515 0.442387
0.516 0.470324
0.517 0.497799
0.518 0.524781
0.519 0.551248
0.52 0.577169
0.521 0.602523
0.522 0.627282
0.523 0.651423
0.524 0.674921
0.525 0.697755
0.526 0.719901
0.527 0.741336
0.528 0.762041
0.529 0.781994
0.53 0.801177
0.531 0.819569
0.532 0.837154
0.533 0.853913
0.534 0.869831
0.535 0.88489
0.536 0.899078
0.537 0.912379
0.538 0.924781
0.539 0.93627
0.54 0.946837
0.541 0.956471
0.542 0.965161
0.543 0.9729
0.544 0.97968
0.545 0.985494
0.546 0.990336
0.547 0.994202
0.548 0.997088
0.549 0.99899
0.55 0.999908
0.551 0.99984
0.552 0.998787
0.553 0.996749
0.554 0.993728
0.555 0.989727
0.556 0.984751
0.557 0.978803
0.558 0.971891
0.559 0.96402
0.56 0.9552
0.561 0.945437
0.562 0.934743
0.563 0.923126
0.564 0.9106
0.565 0.897176
0.566 0.882868
0.567 0.867689
0.568 0.851655
0.569 0.83478
0.57 0.817084
0.571 0.798581
0.572 0.779292
0.573 0.759233
0.574 0.738427
0.575 0.716892
0.576 0.69465
0.577 0.671724
0.578 0.648135
0.579 0.623908
0.58 0.599065
0.581 0.573633
0.582 0.547634
0.583 0.521096
0.584 0.494043
0.585 0.466504
0.586 0.438504
0.587 0.410073
0.588 0.381237
0.589 0.352026
0.59 0.322466
0.591 0.29259
0.592 0.262424
0.593 0.232001
0.594 0.201348
0.595 0.170497
0.596 0.139478
0.597 0.108322
0.598 0.0770574
0.599 0.0457187
0.6 0.0143334
0.601 -0.017066
0.602 -0.0484471
0.603 -0.0797819
0.604 -0.111037
0.605 -0.142183
0.606 -0.173188
0.607 -0.204024
0.608 -0.234657
0.609 -0.26506
0.61 -0.295201
0.611 -0.325052
0.612 -0.354581
0.613 -0.383762
0.614 -0.412563
0.615 -0.440959
0.616 -0.468918
0.617 -0.496417
0.618 -0.523425
0.619 -0.549918
0.62 -0.575868
0.621 -0.601251
0.622 -0.626041
0.623 -0.650214
0.624 -0.673745
0.625 -0.696613
0.626 -0.718795
0.627 -0.740266
0.628 -0.761009
0.629 -0.781
0.63 -0.800223
0.631 -0.818655
0.632 -0.836282
0.633 -0.853083
0.634 -0.869044
0.635 -0.884147
0.636 -0.89838
0.637 -0.911726
0.638 -0.924174
0.639 -0.93571
0.64 -0.946324
0.641 -0.956005
0.642 -0.964743
0.643 -0.97253
0.644 -0.979359
0.645 -0.985222
0.646 -0.990114
0.647 -0.994029
0.648 -0.996965
0.649 -0.998918
0.65 -0.999886
0.651 -0.999868
0.652 -0.998864
0.653 -0.996876
0.654 -0.993904
0.655 -0.989953
0.656 -0.985026
0.657 -0.979128
0.658 -0.972265
0.659 -0.964443
0.66 -0.95567
0.661 -0.945955
0.662 -0.935307
0.663 -0.923737
0.664 -0.911257
0.665 -0.897878
0.666 -0.883615
0.667 -0.868479
0.668 -0.852488
0.669 -0.835656
0.67 -0.818001
0.671 -0.799538
0.672 -0.780289
0.673 -0.760269
0.674 -0.7395
0.675 -0.718001
0.676 -0.695795
0.677 -0.672903
0.678 -0.649347
0.679 -0.625152
0.68 -0.60034
0.681 -0.574937
0.682 -0.548965
0.683 -0.522454
0.684 -0.495427
0.685 -0.467912
0.686 -0.439935
0.687 -0.411525
0.688 -0.382708
0.689 -0.353516
0.69 -0.323973
0.691 -0.294113
0.692 -0.263961
0.693 -0.23355
0.694 -0.202908
0.695 -0.172067
0.696 -0.141054
0.697 -0.109905
0.698 -0.0786452
0.699 -0.0473096
0.7 -0.0159259
0.701 0.0154736
0.702 0.0468562
0.703 0.0781942
0.704 0.109454
0.705 0.140607
0.706 0.171619
0.707 0.202465
0.708 0.233109
0.709 0.263524
0.71 0.293679
0.711 0.323545
0.712 0.353091
0.713 0.382291
0.714 0.411112
0.715 0.439529
0.716 0.467511
0.717 0.495034
0.718 0.522067
0.719 0.548587
0.72 0.574565
0.721 0.599978
0.722 0.624798
0.723 0.649003
0.724 0.672567
0.725 0.69547
0.726 0.717686
0.727 0.739194
0.728 0.759975
0.729 0.780005
0.73 0.799267
0.731 0.81774
0.732 0.835408
0.733 0.852251
0.734 0.868255
0.735 0.883402
0.736 0.897679
0.737 0.91107
0.738 0.923564
0.739 0.935147
0.74 0.945808
0.741 0.955536
0.742 0.964323
0.743 0.972158
0.744 0.979036
0.745 0.984948
0.746 0.989889
0.747 0.993854
0.748 0.99684
0.749 0.998842
0.75 0.99986
0.751 0.999892
0.752 0.998939
0.753 0.997
0.754 0.994079
0.755 0.990177
0.756 0.9853
0.757 0.979451
0.758 0.972636
0.759 0.964862
0.76 0.956138
0.761 0.94647
0.762 0.93587
0.763 0.924346
0.764 0.911912
0.765 0.898578
0.766 0.884359
0.767 0.869268
0.768 0.85332
0.769 0.83653
0.77 0.818916
0.771 0.800494
0.772 0.781284
0.773 0.761302
0.774 0.740571
0.775 0.719109
0.776 0.696938
0.777 0.674081
0.778 0.650558
0.779 0.626395
0.78 0.601613
0.781 0.576239
0.782 0.550296
0.783 0.523812
0.784 0.49681
0.785 0.469319
0.786 0.441365
0.787 0.412976
0.788 0.384179
0.789 0.355005
0.79 0.32548
0.791 0.295635
0.792 0.265497
0.793 0.235098
0.794 0.204467
0.795 0.173635
0.796 0.142631
0.797 0.111488
0.798 0.0802328
0.799 0.0489004
0.8 0.0175183
0.801 -0.0138811
0.802 -0.0452668
0.803 -0.0766049
0.804 -0.10787
0.805 -0.13903
0.806 -0.170052
0.807 -0.200903
0.808 -0.23156
0.809 -0.261988
0.81 -0.292158
0.811 -0.322036
0.812 -0.351601
0.813 -0.380818
0.814 -0.409661
0.815 -0.438096
0.816 -0.466102
0.817 -0.493649
0.818 -0.520709
0.819 -0.547254
0.82 -0.573261
0.821 -0.598703
0.822 -0.623555
0.823 -0.64779
0.824 -0.671388
0.825 -0.694324
0.826 -0.716576
0.827 -0.738122
0.828 -0.758938
0.829 -0.779007
0.83 -0.798309
0.831 -0.816823
0.832 -0.83453
0.833 -0.851417
0.834 -0.867464
0.835 -0.882655
0.836 -0.896975
0.837 -0.910413
0.838 -0.922952
0.839 -0.934582
0.84 -0.945289
0.841 -0.955065
0.842 -0.9639
0.843 -0.971784
0.844 -0.97871
0.845 -0.984671
0.846 -0.989662
0.847 -0.993677
0.848 -0.996712
0.849 -0.998764
0.85 -0.999832
0.851 -0.999914
0.852 -0.999011
0.853 -0.997122
0.854 -0.994251
0.855 -0.990399
0.856 -0.98557
0.857 -0.979771
0.858 -0.973005
0.859 -0.96528
0.86 -0.956603
0.861 -0.946983
0.862 -0.93643
0.863 -0.924953
0.864 -0.912564
0.865 -0.899277
0.866 -0.885102
0.867 -0.870054
0.868 -0.854148
0.869 -0.837402
0.87 -0.819829
0.871 -0.801448
0.872 -0.782276
0.873 -0.762335
0.874 -0.74164
0.875 -0.720215
0.876 -0.698079
0.877 -0.675255
0.878 -0.651768
0.879 -0.627635
0.88 -0.602884
0.881 -0.577539
0.882 -0.551626
0.883 -0.525168
0.884 -0.498191
0.885 -0.470724
0.886 -0.442794
0.887 -0.414426
0.888 -0.385649
0.889 -0.356492
0.89 -0.326987
0.891 -0.297156
0.892 -0.267032
0.893 -0.236645
0.894 -0.206027
0.895 -0.175203
0.896 -0.144207
0.897 -0.113069
0.898 -0.0818217
0.899 -0.0504911
0.9 -0.0191107
0.901 0.0122886
0.902 0.0436757
0.903 0.0750168
0.904 0.106287
0.905 0.137452
0.906 0.168482
0.907 0.199343
0.908 0.23001
0.909 0.26045
0.91 0.290634
0.911 0.320528
0.912 0.350109
0.913 0.379345
0.914 0.408207
0.915 0.436664
0.916 0.464693
0.917 0.492264
0.918 0.519349
0.919 0.54592
0.92 0.571955
0.921 0.597427
0.922 0.622309
0.923 0.646575
0.924 0.670207
0.925 0.693177
0.926 0.715465
0.927 0.737046
0.928 0.7579
0.929 0.778007
0.93 0.797348
0.931 0.815903
0.932 0.833652
0.933 0.85058
0.934 0.86667
0.935 0.881906
0.936 0.89627
0.937 0.909753
0.938 0.922338
0.939 0.934014
0.94 0.944768
0.941 0.954592
0.942 0.963475
0.943 0.971408
0.944 0.978382
0.945 0.984392
0.946 0.989432
0.947 0.993497
0.948 0.996581
0.949 0.998684
0.95 0.999802
0.951 0.999934
0.952 0.99908
0.953 0.997242
0.954 0.99442
0.955 0.990618
0.956 0.985839
0.957 0.980088
0.958 0.973371
0.959 0.965694
0.96 0.957065
0.961 0.947494
0.962 0.936987
0.963 0.925557
0.964 0.913214
0.965 0.899972
0.966 0.885842
0.967 0.870838
0.968 0.854975
0.969 0.838272
0.97 0.82074
0.971 0.802399
0.972 0.783267
0.973 0.763365
0.974 0.742708
0.975 0.721319
0.976 0.699219
0.977 0.676429
0.978 0.652975
0.979 0.628874
0.98 0.604154
0.981 0.578838
0.982 0.552954
0.983 0.526522
0.984 0.499571
0.985 0.472128
0.986 0.444222
0.987 0.415875
0.988 0.387118
0.989 0.35798
0.99 0.328491
0.991 0.298676
0.992 0.268566
0.993 0.238192
0.994 0.207585
0.995 0.176771
0.996 0.145783
0.997 0.114651
0.998 0.0834089
0.999 0.0520816
1 0.020703
1.001 -0.010696
1.002 -0.0420845
1.003 -0.0734285
1.004 -0.104703
1.005 -0.135875
1.006 -0.166912
1.007 -0.197782
1.008 -0.22846
1.009 -0.258912
1.01 -0.28911
1.011 -0.319019
1.012 -0.348617
1.013 -0.377871
1.014 -0.406753
1.015 -0.435231
1.016 -0.463282
1.017 -0.490877
1.018 -0.517987
1.019 -0.544585
1.02 -0.570648
1.021 -0.596149
1.022 -0.621062
1.023 -0.64536
1.024 -0.669024
1.025 -0.692029
1.026 -0.714351
1.027 -0.735969
1.028 -0.75686
1.029 -0.777006
1.03 -0.796386
1.031 -0.814981
1.032 -0.832771
1.033 -0.849742
1.034 -0.865875
1.035 -0.881154
1.036 -0.895563
1.037 -0.90909
1.038 -0.921722
1.039 -0.933444
1.04 -0.944245
1.041 -0.954116
1.042 -0.963047
1.043 -0.971028
1.044 -0.978051
1.045 -0.984111
1.046 -0.9892
1.047 -0.993314
1.048 -0.996449
1.049 -0.998601
1.05 -0.999769
1.051 -0.999951
1.052 -0.999147
1.053 -0.997359
1.054 -0.994587
1.055 -0.990834
1.056 -0.986104
1.057 -0.980403
1.058 -0.973735
1.059 -0.966107
1.06 -0.957526
1.061 -0.948002
1.062 -0.937543
1.063 -0.926159
1.064 -0.913862
1.065 -0.900665
1.066 -0.88658
1.067 -0.87162
1.068 -0.8558
1.069 -0.839139
1.07 -0.821649
1.071 -0.803349
1.072 -0.784256
1.073 -0.764392
1.074 -0.743773
1.075 -0.722421
1.076 -0.700356
1.077 -0.677601
1.078 -0.65418
1.079 -0.630112
1.08 -0.605422
1.081 -0.580136
1.082 -0.55428
1.083 -0.527876
1.084 -0.500951
1.085 -0.473531
1.086 -0.445648
1.087 -0.417323
1.088 -0.388586
1.089 -0.359466
1.09 -0.329995
1.091 -0.300196
1.092 -0.2701
1.093 -0.239738
1.094 -0.209143
1.095 -0.178339
1.096 -0.147358
1.097 -0.116233
1.098 -0.0849959
1.099 -0.0536721
1.1 -0.0222953
1.101 0.00910344
1.102 0.0404932
1.103 0.0718401
1.104 0.103119
1.105 0.134296
1.106 0.165341
1.107 0.19622
1.108 0.226909
1.109 0.257374
1.11 0.287585
1.111 0.317509
1.112 0.347124
1.113 0.376396
1.114 0.405297
1.115 0.433796
1.116 0.46187
1.117 0.489489
1.118 0.516624
1.119 0.543249
1.12 0.56934
1.121 0.594869
1.122 0.619812
1.123 0.644142
1.124 0.667839
1.125 0.690878
1.126 0.713236
1.127 0.73489
1.128 0.755818
1.129 0.776002
1.13 0.795422
1.131 0.814057
1.132 0.831888
1.133 0.848901
1.134 0.865077
1.135 0.8804
1.136 0.894853
1.137 0.908426
1.138 0.921103
1.139 0.932871
1.14 0.94372
1.141 0.953638
1.142 0.962617
1.143 0.970646
1.144 0.977718
1.145 0.983827
1.146 0.988966
1.147 0.993129
1.148 0.996313
1.149 0.998516
1.15 0.999733
1.151 0.999965
1.152 0.999212
1.153 0.997473
1.154 0.994751
1.155 0.991048
1.156 0.986368
1.157 0.980716
1.158 0.974096
1.159 0.966517
1.16 0.957984
1.161 0.948508
1.162 0.938095
1.163 0.926758
1.164 0.914507
1.165 0.901356
1.166 0.887315
1.167 0.872399
1.168 0.856623
1.169 0.840004
1.17 0.822556
1.171 0.804296
1.172 0.785243
1.173 0.765418
1.174 0.744837
1.175 0.723521
1.176 0.701492
1.177 0.678771
1.178 0.655384
1.179 0.631348
1.18 0.606689
1.181 0.581433
1.182 0.555605
1.183 0.529228
1.184 0.502328
1.185 0.474934
1.186 0.447073
1.187 0.41877
1.188 0.390053
1.189 0.360952
1.19 0.331498
1.191 0.301714
1.192 0.271633
1.193 0.241284
1.194 0.2107
1.195 0.179906
1.196 0.148934
1.197 0.117815
1.198 0.0865827
1.199 0.0552624
1.2 0.0238875
1.201 -0.00751084
1.202 -0.0389018
1.203 -0.0702514
1.204 -0.101535
1.205 -0.132718
1.206 -0.16377
1.207 -0.194658
1.208 -0.225358
1.209 -0.255834
1.21 -0.286059
1.211 -0.315999
1.212 -0.34563
1.213 -0.37492
1.214 -0.403841
1.215 -0.432361
1.216 -0.460457
1.217 -0.488099
1.218 -0.51526
1.219 -0.541911
1.22 -0.568029
1.221 -0.593588
1.222 -0.618562
1.223 -0.642923
1.224 -0.666653
1.225 -0.689726
1.226 -0.712118
1.227 -0.733809
1.228 -0.754774
1.229 -0.774997
1.23 -0.794456
1.231 -0.813131
1.232 -0.831003
1.233 -0.848058
1.234 -0.864277
1.235 -0.879643
1.236 -0.894141
1.237 -0.907759
1.238 -0.920481
1.239 -0.932297
1.24 -0.943192
1.241 -0.953158
1.242 -0.962184
1.243 -0.970262
1.244 -0.977383
1.245 -0.98354
1.246 -0.988728
1.247 -0.992941
1.248 -0.996175
1.249 -0.998428
1.25 -0.999695
1.251 -0.999977
1.252 -0.999274
1.253 -0.997585
1.254 -0.994913
1.255 -0.991259
1.256 -0.986629
1.257 -0.981026
1.258 -0.974455
1.259 -0.966924
1.26 -0.95844
1.261 -0.949011
1.262 -0.938646
1.263 -0.927355
1.264 -0.915151
1.265 -0.902045
1.266 -0.888049
1.267 -0.873177
1.268 -0.857444
1.269 -0.840867
1.27 -0.82346
1.271 -0.805241
1.272 -0.786228
1.273 -0.766442
1.274 -0.745899
1.275 -0.72462
1.276 -0.702626
1.277 -0.67994
1.278 -0.656586
1.279 -0.632582
1.28 -0.607955
1.281 -0.582728
1.282 -0.556929
1.283 -0.530578
1.284 -0.503705
1.285 -0.476335
1.286 -0.448497
1.287 -0.420216
1.288 -0.391519
1.289 -0.362437
1.29 -0.333
1.291 -0.303232
1.292 -0.273166
1.293 -0.242829
1.294 -0.212257
1.295 -0.181472
1.296 -0.150508
1.297 -0.119396
1.298 -0.0881693
1.299 -0.0568525
1.3 -0.0254797
1.301 0.00591823
1.302 0.0373103
1.303 0.0686626
1.304 0.0999503
1.305 0.131139
1.306 0.162199
1.307 0.193096
1.308 0.223806
1.309 0.254294
1.31 0.284533
1.311 0.314487
1.312 0.344135
1.313 0.373443
1.314 0.402383
1.315 0.430924
1.316 0.459042
1.317 0.486708
1.318 0.513894
1.319 0.540571
1.32 0.566718
1.321 0.592306
1.322 0.61731
1.323 0.641703
1.324 0.665465
1.325 0.688572
1.326 0.710999
1.327 0.732726
1.328 0.753728
1.329 0.773989
1.33 0.793487
1.331 0.812203
1.332 0.830117
1.333 0.847213
1.334 0.863474
1.335 0.878884
1.336 0.893427
1.337 0.907089
1.338 0.919858
1.339 0.931719
1.34 0.942661
1.341 0.952675
1.342 0.961749
1.343 0.969875
1.344 0.977045
1.345 0.983251
1.346 0.988489
1.347 0.992751
1.348 0.996035
1.349 0.998337
1.35 0.999655
1.351 0.999987
1.352 0.999333
1.353 0.997694
1.354 0.995072
1.355 0.991468
1.356 0.986887
1.357 0.981333
1.358 0.974812
1.359 0.967329
1.36 0.958893
1.361 0.949512
1.362 0.939194
1.363 0.92795
1.364 0.915791
1.365 0.902731
1.366 0.88878
1.367 0.873952
1.368 0.858262
1.369 0.841728
1.37 0.824363
1.371 0.806185
1.372 0.787212
1.373 0.767464
1.374 0.746959
1.375 0.725716
1.376 0.703759
1.377 0.681107
1.378 0.657786
1.379 0.633815
1.38 0.609218
1.381 0.584021
1.382 0.558251
1.383 0.531928
1.384 0.50508
1.385 0.477734
1.386 0.44992
1.387 0.42166
1.388 0.392984
1.389 0.363921
1.39 0.334502
1.391 0.30475
1.392 0.274697
1.393 0.244374
1.394 0.213813
1.395 0.183038
1.396 0.152083
1.397 0.120977
1.398 0.0897556
1.399 0.0584425
1.4 0.0270718
1.401 -0.00432559
1.402 -0.0357187
1.403 -0.0670737
1.404 -0.0983654
1.405 -0.12956
1.406 -0.160627
1.407 -0.191533
1.408 -0.222253
1.409 -0.252754
1.41 -0.283005
1.411 -0.312975
1.412 -0.342639
1.413 -0.371965
1.414 -0.400925
1.415 -0.429486
1.416 -0.457627
1.417 -0.485317
1.418 -0.512528
1.419 -0.539231
1.42 -0.565405
1.421 -0.591022
1.422 -0.616056
1.423 -0.64048
1.424 -0.664276
1.425 -0.687416
1.426 -0.709878
1.427 -0.731641
1.428 -0.752681
1.429 -0.77298
1.43 -0.792517
1.431 -0.811273
1.432 -0.829227
1.433 -0.846366
1.434 -0.86267
1.435 -0.878124
1.436 -0.89271
1.437 -0.906418
1.438 -0.919232
1.439 -0.93114
1.44 -0.942129
1.441 -0.95219
1.442 -0.961312
1.443 -0.969486
1.444 -0.976704
1.445 -0.98296
1.446 -0.988246
1.447 -0.992559
1.448 -0.995892
1.449 -0.998244
1.45 -0.999612
1.451 -0.999994
1.452 -0.99939
1.453 -0.997801
1.454 -0.995228
1.455 -0.991674
1.456 -0.987143
1.457 -0.981638
1.458 -0.975166
1.459 -0.967732
1.46 -0.959343
1.461 -0.95001
1.462 -0.93974
1.463 -0.928543
1.464 -0.91643
1.465 -0.903415
1.466 -0.889508
1.467 -0.874725
1.468 -0.859079
1.469 -0.842587
1.47 -0.825263
1.471 -0.807126
1.472 -0.788193
1.473 -0.768484
1.474 -0.748017
1.475 -0.726811
1.476 -0.704889
1.477 -0.682272
1.478 -0.658985
1.479 -0.635046
1.48 -0.610481
1.481 -0.585313
1.482 -0.559572
1.483 -0.533276
1.484 -0.506454
1.485 -0.479133
1.486 -0.451342
1.487 -0.423104
1.488 -0.394448
1.489 -0.365404
1.49 -0.336002
1.491 -0.306266
1.492 -0.276228
1.493 -0.245918
1.494 -0.215368
1.495 -0.184603
1.496 -0.153656
1.497 -0.122558
1.498 -0.0913417
1.499 -0.0600324
1.5 -0.0286638
1.501 0.00273295
1.502 0.034127
1.503 0.0654845
1.504 0.0967804
1.505 0.127981
1.506 0.159055
1.507 0.18997
1.508 0.2207
1.509 0.251212
1.51 0.281477
1.511 0.311462
1.512 0.341142
1.513 0.370486
1.514 0.399465
1.515 0.428047
1.516 0.45621
1.517 0.483923
1.518 0.511159
1.519 0.537889
1.52 0.564091
1.521 0.589736
1.522 0.614801
1.523 0.639256
1.524 0.663084
1.525 0.686258
1.526 0.708756
1.527 0.730555
1.528 0.751631
1.529 0.771968
1.53 0.791545
1.531 0.810341
1.532 0.828336
1.533 0.845517
1.534 0.861863
1.535 0.877361
1.536 0.891991
1.537 0.905744
1.538 0.918604
1.539 0.930558
1.54 0.941593
1.541 0.951702
1.542 0.960872
1.543 0.969094
1.544 0.976361
1.545 0.982666
1.546 0.988002
1.547 0.992363
1.548 0.995747
1.549 0.998148
1.55 0.999566
1.551 0.999998
1.552 0.999444
1.553 0.997905
1.554 0.995382
1.555 0.991878
1.556 0.987396
1.557 0.981941
1.558 0.975517
1.559 0.968132
1.56 0.959792
1.561 0.950506
1.562 0.940283
1.563 0.929133
1.564 0.917066
1.565 0.904097
1.566 0.890235
1.567 0.875495
1.568 0.859893
1.569 0.843444
1.57 0.826162
1.571 0.808065
1.572 0.789172
1.573 0.769503
1.574 0.749073
1.575 0.727904
1.576 0.706018
1.577 0.683436
1.578 0.660182
1.579 0.636275
1.58 0.611741
1.581 0.586604
1.582 0.560891
1.583 0.534622
1.584 0.507827
1.585 0.48053
1.586 0.452763
1.587 0.424546
1.588 0.395911
1.589 0.366886
1.59 0.337502
1.591 0.307782
1.592 0.277759
1.593 0.247462
1.594 0.216923
1.595 0.186168
1.596 0.15523
1.597 0.124139
1.598 0.0929276
1.599 0.0616221
1.6 0.0302558
1.601 -0.0011403
1.602 -0.0325353
1.603 -0.0638982
1.604 -0.0951981
1.605 -0.126398
1.606 -0.15748
1.607 -0.188406
1.608 -0.219146
1.609 -0.249671
1.61 -0.279949
1.611 -0.309951
1.612 -0.339648
1.613 -0.369004
1.614 -0.398002
1.615 -0.426607
1.616 -0.454792
1.617 -0.482529
1.618 -0.50979
1.619 -0.536548
1.62 -0.562777
1.621 -0.588447
1.622 -0.613541
1.623 -0.638031
1.624 -0.661891
1.625 -0.685099
1.626 -0.707631
1.627 -0.729466
1.628 -0.750582
1.629 -0.770957
1.63 -0.790569
1.631 -0.809405
1.632 -0.827443
1.633 -0.844665
1.634 -0.861055
1.635 -0.876595
1.636 -0.891272
1.637 -0.905069
1.638 -0.917972
1.639 -0.929972
1.64 -0.941056
1.641 -0.951212
1.642 -0.960429
1.643 -0.9687
1.644 -0.976016
1.645 -0.98237
1.646 -0.987754
1.647 -0.992165
1.648 -0.995599
1.649 -0.99805
1.65 -0.999518
1.651 -1
1.652 -0.999496
1.653 -0.998007
1.654 -0.995534
1.655 -0.99208
1.656 -0.987647
1.657 -0.982241
1.658 -0.975866
1.659 -0.968529
1.66 -0.960238
1.661 -0.950999
1.662 -0.940823
1.663 -0.929721
1.664 -0.917701
1.665 -0.904776
1.666 -0.890959
1.667 -0.876264
1.668 -0.860705
1.669 -0.844297
1.67 -0.827056
1.671 -0.809004
1.672 -0.790151
1.673 -0.770519
1.674 -0.750127
1.675 -0.728995
1.676 -0.707145
1.677 -0.684598
1.678 -0.661375
1.679 -0.637501
1.68 -0.613003
1.681 -0.587895
1.682 -0.562209
1.683 -0.535967
1.684 -0.509198
1.685 -0.481926
1.686 -0.45418
1.687 -0.425985
1.688 -0.397376
1.689 -0.36837
1.69 -0.339
1.691 -0.309297
1.692 -0.279288
1.693 -0.249004
1.694 -0.218475
1.695 -0.18773
1.696 -0.156806
1.697 -0.125722
1.698 -0.0945132
1.699 -0.0632116
1.7 -0.0318477
1.701 -0.000452353
1.702 0.0309434
1.703 0.0623087
1.704 0.0936125
1.705 0.124818
1.706 0.155907
1.707 0.186841
1.708 0.217592
1.709 0.248128
1.71 0.278419
1.711 0.308436
1.712 0.338149
1.713 0.367523
1.714 0.39654
1.715 0.425166
1.716 0.453373
1.717 0.481133
1.718 0.508419
1.719 0.535203
1.72 0.56146
1.721 0.587159
1.722 0.612283
1.723 0.636804
1.724 0.660696
1.725 0.683938
1.726 0.706505
1.727 0.728376
1.728 0.749528
1.729 0.769942
1.73 0.789592
1.731 0.808469
1.732 0.826548
1.733 0.843812
1.734 0.860244
1.735 0.875828
1.736 0.890548
1.737 0.904391
1.738 0.917339
1.739 0.929386
1.74 0.940516
1.741 0.950719
1.742 0.959985
1.743 0.968304
1.744 0.975668
1.745 0.982071
1.746 0.987504
1.747 0.991965
1.748 0.995448
1.749 0.997949
1.75 0.999467
1.751 0.999999
1.752 0.999545
1.753 0.998106
1.754 0.995683
1.755 0.992279
1.756 0.987896
1.757 0.982539
1.758 0.976213
1.759 0.968925
1.76 0.960681
1.761 0.95149
1.762 0.941361
1.763 0.930307
1.764 0.918333
1.765 0.905454
1.766 0.891681
1.767 0.87703
1.768 0.861514
1.769 0.845149
1.77 0.827951
1.771 0.809939
1.772 0.791126
1.773 0.771533
1.774 0.751179
1.775 0.730085
1.776 0.70827
1.777 0.685758
1.778 0.662569
1.779 0.638727
1.78 0.61426
1.781 0.589183
1.782 0.563525
1.783 0.537311
1.784 0.510568
1.785 0.483321
1.786 0.455598
1.787 0.427425
1.788 0.398837
1.789 0.36985
1.79 0.340498
1.791 0.310811
1.792 0.280817
1.793 0.250547
1.794 0.220029
1.795 0.189294
1.796 0.158379
1.797 0.127302
1.798 0.0960986
1.799 0.064801
1.8 0.0334395
1.801 0.00204501
1.802 -0.0293515
1.803 -0.0607191
1.804 -0.0920268
1.805 -0.123238
1.806 -0.154333
1.807 -0.185277
1.808 -0.216037
1.809 -0.246585
1.81 -0.276889
1.811 -0.306921
1.812 -0.33665
1.813 -0.366041
1.814 -0.395078
1.815 -0.423724
1.816 -0.451953
1.817 -0.479737
1.818 -0.507047
1.819 -0.533857
1.82 -0.560142
1.821 -0.585869
1.822 -0.611023
1.823 -0.635575
1.824 -0.6595
1.825 -0.682775
1.826 -0.705377
1.827 -0.727284
1.828 -0.748473
1.829 -0.768924
1.83 -0.788614
1.831 -0.80753
1.832 -0.82565
1.833 -0.842956
1.834 -0.859431
1.835 -0.875058
1.836 -0.889823
1.837 -0.90371
1.838 -0.916704
1.839 -0.928797
1.84 -0.939974
1.841 -0.950224
1.842 -0.959537
1.843 -0.967905
1.844 -0.975318
1.845 -0.981769
1.846 -0.987252
1.847 -0.991762
1.848 -0.995295
1.849 -0.997846
1.85 -0.999414
1.851 -0.999996
1.852 -0.999592
1.853 -0.998203
1.854 -0.99583
1.855 -0.992475
1.856 -0.988141
1.857 -0.982834
1.858 -0.976557
1.859 -0.969317
1.86 -0.961122
1.861 -0.951979
1.862 -0.941898
1.863 -0.93089
1.864 -0.918962
1.865 -0.906128
1.866 -0.892401
1.867 -0.877794
1.868 -0.862322
1.869 -0.845999
1.87 -0.828843
1.871 -0.810872
1.872 -0.792099
1.873 -0.772545
1.874 -0.752229
1.875 -0.731172
1.876 -0.709394
1.877 -0.686916
1.878 -0.663761
1.879 -0.639952
1.88 -0.615516
1.881 -0.590469
1.882 -0.56484
1.883 -0.538654
1.884 -0.511937
1.885 -0.484715
1.886 -0.457015
1.887 -0.428865
1.888 -0.400297
1.889 -0.371329
1.89 -0.341995
1.891 -0.312324
1.892 -0.282345
1.893 -0.252088
1.894 -0.221582
1.895 -0.190858
1.896 -0.159951
1.897 -0.128881
1.898 -0.0976838
1.899 -0.0663902
1.9 -0.0350312
1.901 -0.00363765
1.902 0.0277595
1.903 0.0591293
1.904 0.0904407
1.905 0.121657
1.906 0.152759
1.907 0.183711
1.908 0.214482
1.909 0.245041
1.91 0.275359
1.911 0.305405
1.912 0.33515
1.913 0.364559
1.914 0.393614
1.915 0.422281
1.916 0.450532
1.917 0.478339
1.918 0.505674
1.919 0.53251
1.92 0.558821
1.921 0.584577
1.922 0.609761
1.923 0.634344
1.924 0.658302
1.925 0.681611
1.926 0.704247
1.927 0.72619
1.928 0.747416
1.929 0.767905
1.93 0.787634
1.931 0.80659
1.932 0.82475
1.933 0.842098
1.934 0.858615
1.935 0.874286
1.936 0.889095
1.937 0.903027
1.938 0.916066
1.939 0.928205
1.94 0.939429
1.941 0.949727
1.942 0.959088
1.943 0.967503
1.944 0.974965
1.945 0.981465
1.946 0.986997
1.947 0.991557
1.948 0.995139
1.949 0.997741
1.95 0.999358
1.951 0.99999
1.952 0.999636
1.953 0.998297
1.954 0.995974
1.955 0.992669
1.956 0.988385
1.957 0.983126
1.958 0.976898
1.959 0.969707
1.96 0.961561
1.961 0.952466
1.962 0.942431
1.963 0.93147
1.964 0.919589
1.965 0.906801
1.966 0.893119
1.967 0.878556
1.968 0.863127
1.969 0.846847
1.97 0.829733
1.971 0.811803
1.972 0.79307
1.973 0.773555
1.974 0.753278
1.975 0.732258
1.976 0.710515
1.977 0.688073
1.978 0.664952
1.979 0.641175
1.98 0.616771
1.981 0.591754
1.982 0.566154
1.983 0.539995
1.984 0.513304
1.985 0.486107
1.986 0.458431
1.987 0.430303
1.988 0.401756
1.989 0.372808
1.99 0.343492
1.991 0.313837
1.992 0.283873
1.993 0.253629
1.994 0.223135
1.995 0.192421
1.996 0.161523
1.997 0.13046
1.998 0.0992687
1.999 0.0679793
2 0.0366228
2.001 0.00523029
2.002 -0.0261674
2.003 -0.0575393
2.004 -0.0888545
2.005 -0.120076
2.006 -0.151185
2.007 -0.182145
2.008 -0.212926
2.009 -0.243497
2.01 -0.273827
2.011 -0.303888
2.012 -0.333649
2.013 -0.363075
2.014 -0.392149
2.015 -0.420837
2.016 -0.44911
2.017 -0.476939
2.018 -0.504299
2.019 -0.531161
2.02 -0.5575
2.021 -0.583284
2.022 -0.608498
2.023 -0.633112
2.024 -0.657102
2.025 -0.680444
2.026 -0.703116
2.027 -0.725094
2.028 -0.746357
2.029 -0.766884
2.03 -0.786652
2.031 -0.805647
2.032 -0.823849
2.033 -0.841238
2.034 -0.857798
2.035 -0.873512
2.036 -0.888365
2.037 -0.902342
2.038 -0.915426
2.039 -0.927611
2.04 -0.938882
2.041 -0.949227
2.042 -0.958636
2.043 -0.967099
2.044 -0.97461
2.045 -0.981159
2.046 -0.98674
2.047 -0.991349
2.048 -0.994981
2.049 -0.997632
2.05 -0.9993
2.051 -0.999982
2.052 -0.999678
2.053 -0.998389
2.054 -0.996115
2.055 -0.99286
2.056 -0.988626
2.057 -0.983416
2.058 -0.977238
2.059 -0.970095
2.06 -0.961997
2.061 -0.95295
2.062 -0.942963
2.063 -0.932049
2.064 -0.920214
2.065 -0.907471
2.066 -0.893834
2.067 -0.879316
2.068 -0.86393
2.069 -0.847693
2.07 -0.830621
2.071 -0.812732
2.072 -0.794039
2.073 -0.774564
2.074 -0.754324
2.075 -0.733341
2.076 -0.711635
2.077 -0.689227
2.078 -0.66614
2.079 -0.642396
2.08 -0.618024
2.081 -0.593037
2.082 -0.567466
2.083 -0.541335
2.084 -0.51467
2.085 -0.487499
2.086 -0.459846
2.087 -0.43174
2.088 -0.403214
2.089 -0.374285
2.09 -0.344987
2.091 -0.315349
2.092 -0.2854
2.093 -0.255169
2.094 -0.224687
2.095 -0.193984
2.096 -0.163095
2.097 -0.132039
2.098 -0.100853
2.099 -0.0695682
2.1 -0.0382144
2.101 -0.00682291
2.102 0.0245753
2.103 0.0559492
2.104 0.087268
2.105 0.118495
2.106 0.149611
2.107 0.180579
2.108 0.21137
2.109 0.241952
2.11 0.272295
2.111 0.30237
2.112 0.332147
2.113 0.361591
2.114 0.390684
2.115 0.419392
2.116 0.447686
2.117 0.475539
2.118 0.502923
2.119 0.529811
2.12 0.556177
2.121 0.58199
2.122 0.607234
2.123 0.631879
2.124 0.655901
2.125 0.679276
2.126 0.701982
2.127 0.723996
2.128 0.745296
2.129 0.765861
2.13 0.785667
2.131 0.804703
2.132 0.822945
2.133 0.840376
2.134 0.856978
2.135 0.872735
2.136 0.887632
2.137 0.901654
2.138 0.914784
2.139 0.927015
2.14 0.938332
2.141 0.948724
2.142 0.958181
2.143 0.966693
2.144 0.974252
2.145 0.98085
2.146 0.98648
2.147 0.991139
2.148 0.994821
2.149 0.997521
2.15 0.999239
2.151 0.999971
2.152 0.999717
2.153 0.998478
2.154 0.996254
2.155 0.993049
2.156 0.988864
2.157 0.983704
2.158 0.977574
2.159 0.970481
2.16 0.96243
2.161 0.953431
2.162 0.943492
2.163 0.932625
2.164 0.920836
2.165 0.908139
2.166 0.894547
2.167 0.880073
2.168 0.864731
2.169 0.848537
2.17 0.831506
2.171 0.813659
2.172 0.795007
2.173 0.77557
2.174 0.755369
2.175 0.734423
2.176 0.712753
2.177 0.690381
2.178 0.667327
2.179 0.643616
2.18 0.619275
2.181 0.594319
2.182 0.568776
2.183 0.542673
2.184 0.516035
2.185 0.488889
2.186 0.46126
2.187 0.433176
2.188 0.404671
2.189 0.375761
2.19 0.346481
2.191 0.31686
2.192 0.286926
2.193 0.256709
2.194 0.226239
2.195 0.195546
2.196 0.164666
2.197 0.133618
2.198 0.102438
2.199 0.0711569
2.2 0.0398058
2.201 0.00841552
2.202 -0.0229831
2.203 -0.054359
2.204 -0.0856813
2.205 -0.116913
2.206 -0.148036
2.207 -0.179013
2.208 -0.209813
2.209 -0.240406
2.21 -0.270762
2.211 -0.300852
2.212 -0.330644
2.213 -0.360106
2.214 -0.389217
2.215 -0.417945
2.216 -0.446261
2.217 -0.474137
2.218 -0.501546
2.219 -0.52846
2.22 -0.554853
2.221 -0.580694
2.222 -0.605967
2.223 -0.630644
2.224 -0.654698
2.225 -0.678107
2.226 -0.700847
2.227 -0.722896
2.228 -0.744233
2.229 -0.764836
2.23 -0.784681
2.231 -0.803756
2.232 -0.822039
2.233 -0.839511
2.234 -0.856156
2.235 -0.871957
2.236 -0.886898
2.237 -0.900964
2.238 -0.91414
2.239 -0.926417
2.24 -0.937781
2.241 -0.94822
2.242 -0.957724
2.243 -0.966284
2.244 -0.973891
2.245 -0.980539
2.246 -0.986218
2.247 -0.990926
2.248 -0.994658
2.249 -0.997408
2.25 -0.999175
2.251 -0.999958
2.252 -0.999754
2.253 -0.998564
2.254 -0.996391
2.255 -0.993235
2.256 -0.9891
2.257 -0.983989
2.258 -0.977908
2.259 -0.970864
2.26 -0.962862
2.261 -0.95391
2.262 -0.944018
2.263 -0.933198
2.264 -0.921456
2.265 -0.908805
2.266 -0.895258
2.267 -0.880828
2.268 -0.86553
2.269 -0.849379
2.27 -0.83239
2.271 -0.814584
2.272 -0.795972
2.273 -0.776575
2.274 -0.756412
2.275 -0.735503
2.276 -0.713869
2.277 -0.691532
2.278 -0.668512
2.279 -0.644834
2.28 -0.620525
2.281 -0.595599
2.282 -0.570086
2.283 -0.54401
2.284 -0.517399
2.285 -0.490277
2.286 -0.462672
2.287 -0.434611
2.288 -0.406127
2.289 -0.377237
2.29 -0.347975
2.291 -0.31837
2.292 -0.288451
2.293 -0.258248
2.294 -0.22779
2.295 -0.197107
2.296 -0.166237
2.297 -0.135196
2.298 -0.104022
2.299 -0.0727454
2.3 -0.0413972
2.301 -0.0100081
2.302 0.0213908
2.303 0.0527686
2.304 0.0840944
2.305 0.115331
2.306 0.146461
2.307 0.177445
2.308 0.208255
2.309 0.23886
2.31 0.269229
2.311 0.299332
2.312 0.329141
2.313 0.358619
2.314 0.38775
2.315 0.416498
2.316 0.444835
2.317 0.472734
2.318 0.500167
2.319 0.527107
2.32 0.553527
2.321 0.579397
2.322 0.6047
2.323 0.629407
2.324 0.653493
2.325 0.676935
2.326 0.69971
2.327 0.721795
2.328 0.743168
2.329 0.763809
2.33 0.783693
2.331 0.802808
2.332 0.821131
2.333 0.838645
2.334 0.855332
2.335 0.871176
2.336 0.886161
2.337 0.900272
2.338 0.913493
2.339 0.925816
2.34 0.937226
2.341 0.947713
2.342 0.957265
2.343 0.965873
2.344 0.973529
2.345 0.980225
2.346 0.985953
2.347 0.990711
2.348 0.994492
2.349 0.997292
2.35 0.99911
2.351 0.999942
2.352 0.999788
2.353 0.998648
2.354 0.996524
2.355 0.993419
2.356 0.989333
2.357 0.984272
2.358 0.97824
2.359 0.971244
2.36 0.96329
2.361 0.954387
2.362 0.944543
2.363 0.933769
2.364 0.922073
2.365 0.909468
2.366 0.895966
2.367 0.881581
2.368 0.866327
2.369 0.850218
2.37 0.833272
2.371 0.815507
2.372 0.796935
2.373 0.777577
2.374 0.757452
2.375 0.736581
2.376 0.714984
2.377 0.692681
2.378 0.669696
2.379 0.646051
2.38 0.621773
2.381 0.596877
2.382 0.571393
2.383 0.545346
2.384 0.518761
2.385 0.491665
2.386 0.464084
2.387 0.436045
2.388 0.407582
2.389 0.378711
2.39 0.349468
2.391 0.319879
2.392 0.289976
2.393 0.259786
2.394 0.22934
2.395 0.198669
2.396 0.167807
2.397 0.136774
2.398 0.105606
2.399 0.0743337
2.4 0.0429884
2.401 0.0116007
2.402 -0.0197985
2.403 -0.0511781
2.404 -0.0825073
2.405 -0.113749
2.406 -0.144885
2.407 -0.175878
2.408 -0.206697
2.409 -0.237313
2.41 -0.267695
2.411 -0.297812
2.412 -0.327637
2.413 -0.357132
2.414 -0.386281
2.415 -0.415049
2.416 -0.443408
2.417 -0.47133
2.418 -0.498788
2.419 -0.525753
2.42 -0.5522
2.421 -0.578098
2.422 -0.603431
2.423 -0.628168
2.424 -0.652287
2.425 -0.675762
2.426 -0.698571
2.427 -0.720692
2.428 -0.742102
2.429 -0.76278
2.43 -0.782702
2.431 -0.801857
2.432 -0.820221
2.433 -0.837776
2.434 -0.854506
2.435 -0.870393
2.436 -0.885422
2.437 -0.899577
2.438 -0.912844
2.439 -0.925213
2.44 -0.93667
2.441 -0.947203
2.442 -0.956803
2.443 -0.965459
2.444 -0.973163
2.445 -0.979908
2.446 -0.985686
2.447 -0.990493
2.448 -0.994324
2.449 -0.997174
2.45 -0.999041
2.451 -0.999923
2.452 -0.999819
2.453 -0.99873
2.454 -0.996656
2.455 -0.9936
2.456 -0.989564
2.457 -0.984552
2.458 -0.978569
2.459 -0.971622
2.46 -0.963717
2.461 -0.954861
2.462 -0.945064
2.463 -0.934338
2.464 -0.922688
2.465 -0.910129
2.466 -0.896672
2.467 -0.882332
2.468 -0.867121
2.469 -0.851056
2.47 -0.834151
2.471 -0.816428
2.472 -0.797896
2.473 -0.778577
2.474 -0.758491
2.475 -0.737657
2.476 -0.716096
2.477 -0.693829
2.478 -0.670878
2.479 -0.647265
2.48 -0.623019
2.481 -0.598154
2.482 -0.5727
2.483 -0.54668
2.484 -0.520122
2.485 -0.493051
2.486 -0.465494
2.487 -0.437478
2.488 -0.409036
2.489 -0.380185
2.49 -0.350959
2.491 -0.321388
2.492 -0.2915
2.493 -0.261324
2.494 -0.23089
2.495 -0.200229
2.496 -0.169377
2.497 -0.138351
2.498 -0.107189
2.499 -0.0759219
2.5 -0.0445795
2.501 -0.0131932
2.502 0.0182061
2.503 0.0495875
2.504 0.08092
2.505 0.112167
2.506 0.143309
2.507 0.17431
2.508 0.205139
2.509 0.235765
2.51 0.26616
2.511 0.296292
2.512 0.326131
2.513 0.355644
2.514 0.384812
2.515 0.4136
2.516 0.44198
2.517 0.469925
2.518 0.497407
2.519 0.524397
2.52 0.550871
2.521 0.576797
2.522 0.60216
2.523 0.626928
2.524 0.651079
2.525 0.674587
2.526 0.697431
2.527 0.719587
2.528 0.741033
2.529 0.761749
2.53 0.78171
2.531 0.800904
2.532 0.819309
2.533 0.836906
2.534 0.853678
2.535 0.869608
2.536 0.88468
2.537 0.898881
2.538 0.912192
2.539 0.924607
2.54 0.936111
2.541 0.946691
2.542 0.956339
2.543 0.965043
2.544 0.972796
2.545 0.979589
2.546 0.985416
2.547 0.990273
2.548 0.994153
2.549 0.997053
2.55 0.99897
2.551 0.999902
2.552 0.999848
2.553 0.998809
2.554 0.996785
2.555 0.993778
2.556 0.989792
2.557 0.984829
2.558 0.978896
2.559 0.971997
2.56 0.964141
2.561 0.955333
2.562 0.945584
2.563 0.934904
2.564 0.923301
2.565 0.910788
2.566 0.897376
2.567 0.88308
2.568 0.867913
2.569 0.851891
2.57 0.835028
2.571 0.817346
2.572 0.798855
2.573 0.779576
2.574 0.759528
2.575 0.738732
2.576 0.717207
2.577 0.694975
2.578 0.672058
2.579 0.648479
2.58 0.624264
2.581 0.59943
2.582 0.574005
2.583 0.548013
2.584 0.521482
2.585 0.494436
2.586 0.466903
2.587 0.438909
2.588 0.410488
2.589 0.381657
2.59 0.35245
2.591 0.322896
2.592 0.293023
2.593 0.262861
2.594 0.23244
2.595 0.201789
2.596 0.170946
2.597 0.139928
2.598 0.108773
2.599 0.0775099
2.6 0.0461705
2.601 0.0147857
2.602 -0.0166137
2.603 -0.0479968
2.604 -0.0793325
2.605 -0.110584
2.606 -0.141732
2.607 -0.172741
2.608 -0.20358
2.609 -0.234217
2.61 -0.264624
2.611 -0.29477
2.612 -0.324625
2.613 -0.354155
2.614 -0.383341
2.615 -0.412149
2.616 -0.440551
2.617 -0.468519
2.618 -0.496024
2.619 -0.523041
2.62 -0.549542
2.621 -0.575496
2.622 -0.600887
2.623 -0.625687
2.624 -0.649869
2.625 -0.673411
2.626 -0.696289
2.627 -0.71848
2.628 -0.739963
2.629 -0.760716
2.63 -0.780716
2.631 -0.79995
2.632 -0.818395
2.633 -0.836033
2.634 -0.852847
2.635 -0.86882
2.636 -0.883937
2.637 -0.898182
2.638 -0.911539
2.639 -0.924
2.64 -0.93555
2.641 -0.946177
2.642 -0.955872
2.643 -0.964624
2.644 -0.972425
2.645 -0.979268
2.646 -0.985144
2.647 -0.99005
2.648 -0.99398
2.649 -0.99693
2.65 -0.998896
2.651 -0.999879
2.652 -0.999875
2.653 -0.998885
2.654 -0.996911
2.655 -0.993955
2.656 -0.990018
2.657 -0.985105
2.658 -0.97922
2.659 -0.97237
2.66 -0.964562
2.661 -0.955803
2.662 -0.946101
2.663 -0.935468
2.664 -0.923912
2.665 -0.911444
2.666 -0.898078
2.667 -0.883826
2.668 -0.868703
2.669 -0.852724
2.67 -0.835904
2.671 -0.818263
2.672 -0.799812
2.673 -0.780572
2.674 -0.760563
2.675 -0.739804
2.676 -0.718316
2.677 -0.69612
2.678 -0.673237
2.679 -0.64969
2.68 -0.625508
2.681 -0.600704
2.682 -0.575308
2.683 -0.549345
2.684 -0.52284
2.685 -0.49582
2.686 -0.468311
2.687 -0.44034
2.688 -0.41194
2.689 -0.383129
2.69 -0.35394
2.691 -0.324403
2.692 -0.294545
2.693 -0.264397
2.694 -0.233988
2.695 -0.203349
2.696 -0.172515
2.697 -0.141505
2.698 -0.110356
2.699 -0.0790976
2.7 -0.0477614
2.701 -0.0163782
2.702 0.0150213
2.703 0.0464059
2.704 0.0777447
2.705 0.109001
2.706 0.140156
2.707 0.171172
2.708 0.20202
2.709 0.232669
2.71 0.263088
2.711 0.293248
2.712 0.323119
2.713 0.352665
2.714 0.38187
2.715 0.410698
2.716 0.439121
2.717 0.467111
2.718 0.494641
2.719 0.521683
2.72 0.54821
2.721 0.574193
2.722 0.599614
2.723 0.624444
2.724 0.648658
2.725 0.672233
2.726 0.695145
2.727 0.717371
2.728 0.738891
2.729 0.759682
2.73 0.77972
2.731 0.798993
2.732 0.817479
2.733 0.835158
2.734 0.852014
2.735 0.86803
2.736 0.883191
2.737 0.89748
2.738 0.910883
2.739 0.923389
2.74 0.934986
2.741 0.94566
2.742 0.955403
2.743 0.964203
2.744 0.972053
2.745 0.978944
2.746 0.984869
2.747 0.989825
2.748 0.993804
2.749 0.996804
2.75 0.99882
2.751 0.999853
2.752 0.999899
2.753 0.998959
2.754 0.997035
2.755 0.994128
2.756 0.990241
2.757 0.985377
2.758 0.979542
2.759 0.972741
2.76 0.964981
2.761 0.95627
2.762 0.946615
2.763 0.93603
2.764 0.92452
2.765 0.912098
2.766 0.898777
2.767 0.88457
2.768 0.869491
2.769 0.853555
2.77 0.836777
2.771 0.819177
2.772 0.800767
2.773 0.781567
2.774 0.761596
2.775 0.740875
2.776 0.719423
2.777 0.697262
2.778 0.674414
2.779 0.6509
2.78 0.626749
2.781 0.601976
2.782 0.57661
2.783 0.550675
2.784 0.524197
2.785 0.497202
2.786 0.469717
2.787 0.441769
2.788 0.413391
2.789 0.3846
2.79 0.355429
2.791 0.325909
2.792 0.296067
2.793 0.265933
2.794 0.235537
2.795 0.204908
2.796 0.174084
2.797 0.143082
2.798 0.111939
2.799 0.0806852
2.8 0.0493522
2.801 0.0179706
2.802 -0.0134288
2.803 -0.0448149
2.804 -0.0761568
2.805 -0.107418
2.806 -0.138579
2.807 -0.169603
2.808 -0.20046
2.809 -0.23112
2.81 -0.261551
2.811 -0.291725
2.812 -0.321611
2.813 -0.351174
2.814 -0.380397
2.815 -0.409245
2.816 -0.437689
2.817 -0.465702
2.818 -0.493256
2.819 -0.520323
2.82 -0.546878
2.821 -0.572888
2.822 -0.598338
2.823 -0.623199
2.824 -0.647445
2.825 -0.671053
2.826 -0.693999
2.827 -0.716261
2.828 -0.737817
2.829 -0.758645
2.83 -0.778722
2.831 -0.798034
2.832 -0.81656
2.833 -0.834281
2.834 -0.851179
2.835 -0.867239
2.836 -0.882443
2.837 -0.896777
2.838 -0.910224
2.839 -0.922777
2.84 -0.93442
2.841 -0.945141
2.842 -0.954931
2.843 -0.96378
2.844 -0.971678
2.845 -0.978618
2.846 -0.984592
2.847 -0.989597
2.848 -0.993626
2.849 -0.996675
2.85 -0.998742
2.851 -0.999824
2.852 -0.99992
2.853 -0.999031
2.854 -0.997156
2.855 -0.994299
2.856 -0.990461
2.857 -0.985647
2.858 -0.979861
2.859 -0.973109
2.86 -0.965398
2.861 -0.956734
2.862 -0.947128
2.863 -0.936589
2.864 -0.925126
2.865 -0.91275
2.866 -0.899475
2.867 -0.885312
2.868 -0.870277
2.869 -0.854383
2.87 -0.837648
2.871 -0.82009
2.872 -0.80172
2.873 -0.782559
2.874 -0.762628
2.875 -0.741944
2.876 -0.720529
2.877 -0.698403
2.878 -0.675589
2.879 -0.652108
2.88 -0.62799
2.881 -0.603247
2.882 -0.57791
2.883 -0.552004
2.884 -0.525553
2.885 -0.498583
2.886 -0.471123
2.887 -0.443197
2.888 -0.414841
2.889 -0.386069
2.89 -0.356918
2.891 -0.327414
2.892 -0.297588
2.893 -0.267468
2.894 -0.237084
2.895 -0.206467
2.896 -0.175652
2.897 -0.144658
2.898 -0.113521
2.899 -0.0822725
2.9 -0.0509429
2.901 -0.0195629
2.902 0.0118362
2.903 0.0432238
2.904 0.0745687
2.905 0.105834
2.906 0.137001
2.907 0.168033
2.908 0.198899
2.909 0.22957
2.91 0.260014
2.911 0.290201
2.912 0.320103
2.913 0.349683
2.914 0.378924
2.915 0.407791
2.916 0.436257
2.917 0.464292
2.918 0.49187
2.919 0.518963
2.92 0.545543
2.921 0.571582
2.922 0.597061
2.923 0.621952
2.924 0.64623
2.925 0.669871
2.926 0.692851
2.927 0.715149
2.928 0.736741
2.929 0.757606
2.93 0.777721
2.931 0.797073
2.932 0.81564
2.933 0.833402
2.934 0.850342
2.935 0.866444
2.936 0.881692
2.937 0.896071
2.938 0.909563
2.939 0.922162
2.94 0.933851
2.941 0.94462
2.942 0.954457
2.943 0.963354
2.944 0.9713
2.945 0.978289
2.946 0.984312
2.947 0.989366
2.948 0.993445
2.949 0.996544
2.95 0.998661
2.951 0.999793
2.952 0.999939
2.953 0.999099
2.954 0.997275
2.955 0.994468
2.956 0.99068
2.957 0.985915
2.958 0.980178
2.959 0.973475
2.96 0.965812
2.961 0.957196
2.962 0.947637
2.963 0.937146
2.964 0.925729
2.965 0.9134
2.966 0.900169
2.967 0.886052
2.968 0.87106
2.969 0.85521
2.97 0.838517
2.971 0.821
2.972 0.802671
2.973 0.78355
2.974 0.763657
2.975 0.743011
2.976 0.721632
2.977 0.699542
2.978 0.676762
2.979 0.653315
2.98 0.629228
2.981 0.604517
2.982 0.579209
2.983 0.553331
2.984 0.526907
2.985 0.499963
2.986 0.472527
2.987 0.444624
2.988 0.416289
2.989 0.387538
2.99 0.358405
2.991 0.328918
2.992 0.299108
2.993 0.269002
2.994 0.238631
2.995 0.208025
2.996 0.177219
2.997 0.146233
2.998 0.115103
2.999 0.0838597
3 0.0525334
3.001 0.0211553
3.002 -0.0102437
3.003 -0.0416326
3.004 -0.0729804
3.005 -0.10425
3.006 -0.135423
3.007 -0.166463
3.008 -0.197338
3.009 -0.228019
3.01 -0.258475
3.011 -0.288677
3.012 -0.318593
3.013 -0.34819
3.014 -0.37745
3.015 -0.406337
3.016 -0.434823
3.017 -0.462881
3.018 -0.490483
3.019 -0.5176
3.02 -0.544208
3.021 -0.570274
3.022 -0.595783
3.023 -0.620705
3.024 -0.645014
3.025 -0.668688
3.026 -0.691702
3.027 -0.714034
3.028 -0.735663
3.029 -0.756566
3.03 -0.776719
3.031 -0.796111
3.032 -0.814717
3.033 -0.832521
3.034 -0.849503
3.035 -0.865648
3.036 -0.88094
3.037 -0.895363
3.038 -0.9089
3.039 -0.921545
3.04 -0.933281
3.041 -0.944096
3.042 -0.953981
3.043 -0.962925
3.044 -0.97092
3.045 -0.977958
3.046 -0.98403
3.047 -0.989133
3.048 -0.993262
3.049 -0.99641
3.05 -0.998577
3.051 -0.999759
3.052 -0.999955
3.053 -0.999166
3.054 -0.997391
3.055 -0.994634
3.056 -0.990895
3.057 -0.98618
3.058 -0.980492
3.059 -0.973838
3.06 -0.966223
3.061 -0.957656
3.062 -0.948145
3.063 -0.937701
3.064 -0.92633
3.065 -0.914047
3.066 -0.900862
3.067 -0.886789
3.068 -0.871841
3.069 -0.856034
3.07 -0.839383
3.071 -0.821908
3.072 -0.80362
3.073 -0.784539
3.074 -0.764684
3.075 -0.744076
3.076 -0.722734
3.077 -0.700679
3.078 -0.677934
3.079 -0.65452
3.08 -0.630465
3.081 -0.605785
3.082 -0.580507
3.083 -0.554657
3.084 -0.52826
3.085 -0.501342
3.086 -0.47393
3.087 -0.44605
3.088 -0.417737
3.089 -0.389006
3.09 -0.359891
3.091 -0.330422
3.092 -0.300627
3.093 -0.270536
3.094 -0.240177
3.095 -0.209582
3.096 -0.178787
3.097 -0.147809
3.098 -0.116685
3.099 -0.0854466
3.1 -0.0541238
3.101 -0.0227475
3.102 0.00865111
3.103 0.0400412
3.104 0.0713919
3.105 0.102666
3.106 0.133845
3.107 0.164892
3.108 0.195777
3.109 0.226468
3.11 0.256937
3.111 0.287151
3.112 0.317083
3.113 0.346697
3.114 0.375974
3.115 0.404881
3.116 0.433388
3.117 0.461469
3.118 0.489094
3.119 0.516237
3.12 0.542871
3.121 0.568965
3.122 0.594503
3.123 0.619455
3.124 0.643796
3.125 0.667503
3.126 0.690551
3.127 0.712918
3.128 0.734583
3.129 0.755523
3.13 0.775715
3.131 0.795146
3.132 0.813793
3.133 0.831637
3.134 0.848662
3.135 0.86485
3.136 0.880185
3.137 0.894652
3.138 0.908235
3.139 0.920925
3.14 0.932707
3.141 0.94357
3.142 0.953502
3.143 0.962494
3.144 0.970537
3.145 0.977624
3.146 0.983745
3.147 0.988898
3.148 0.993076
3.149 0.996274
3.15 0.998491
3.151 0.999723
3.152 0.999969
3.153 0.99923
3.154 0.997505
3.155 0.994797
3.156 0.991109
3.157 0.986443
3.158 0.980804
3.159 0.974199
3.16 0.966633
3.161 0.958114
3.162 0.94865
3.163 0.938253
3.164 0.926929
3.165 0.914692
3.166 0.901552
3.167 0.887524
3.168 0.87262
3.169 0.856857
3.17 0.840248
3.171 0.822814
3.172 0.804566
3.173 0.785525
3.174 0.765709
3.175 0.745139
3.176 0.723833
3.177 0.701814
3.178 0.679104
3.179 0.655723
3.18 0.631701
3.181 0.607051
3.182 0.581803
3.183 0.555981
3.184 0.529611
3.185 0.502719
3.186 0.475332
3.187 0.447475
3.188 0.419183
3.189 0.390473
3.19 0.361377
3.191 0.331925
3.192 0.302146
3.193 0.272068
3.194 0.241723
3.195 0.211139
3.196 0.180353
3.197 0.149384
3.198 0.118267
3.199 0.0870333
3.2 0.055714
3.201 0.0243457
3.202 -0.0070585
3.203 -0.0384438
3.204 -0.0698032
3.205 -0.101082
3.206 -0.132273
3.207 -0.163321
3.208 -0.194221
3.209 -0.224917
3.21 -0.255391
3.211 -0.285625
3.212 -0.315567
3.213 -0.345208
3.214 -0.374498
3.215 -0.40343
3.216 -0.431953
3.217 -0.46005
3.218 -0.487704
3.219 -0.514867
3.22 -0.541533
3.221 -0.567655
3.222 -0.593227
3.223 -0.618204
3.224 -0.642581
3.225 -0.666316
3.226 -0.689394
3.227 -0.711801
3.228 -0.733497
3.229 -0.754479
3.23 -0.774709
3.231 -0.794183
3.232 -0.812866
3.233 -0.830755
3.234 -0.847818
3.235 -0.864046
3.236 -0.879428
3.237 -0.893937
3.238 -0.90757
3.239 -0.920303
3.24 -0.932134
3.241 -0.943041
3.242 -0.953019
3.243 -0.962061
3.244 -0.970151
3.245 -0.977288
3.246 -0.983458
3.247 -0.988661
3.248 -0.992887
3.249 -0.996136
3.25 -0.998402
3.251 -0.999684
3.252 -0.99998
3.253 -0.999291
3.254 -0.997616
3.255 -0.994958
3.256 -0.991318
3.257 -0.986703
3.258 -0.981112
3.259 -0.974557
3.26 -0.967041
3.261 -0.958568
3.262 -0.949154
3.263 -0.938801
3.264 -0.927526
3.265 -0.915332
3.266 -0.90224
3.267 -0.888259
3.268 -0.873397
3.269 -0.85768
3.27 -0.84111
3.271 -0.823719
3.272 -0.805508
3.273 -0.78651
3.274 -0.766729
3.275 -0.7462
3.276 -0.724936
3.277 -0.702948
3.278 -0.680276
3.279 -0.656925
3.28 -0.632935
3.281 -0.608311
3.282 -0.583098
3.283 -0.557299
3.284 -0.530962
3.285 -0.504101
3.286 -0.476732
3.287 -0.448904
3.288 -0.420623
3.289 -0.391938
3.29 -0.362856
3.291 -0.333427
3.292 -0.303669
3.293 -0.273601
3.294 -0.243274
3.295 -0.212696
3.296 -0.18192
3.297 -0.150952
3.298 -0.119848
3.299 -0.0886139
3.3 -0.0573041
3.301 -0.0259379
3.302 0.00546588
3.303 0.0368523
3.304 0.0682143
3.305 0.0994972
3.306 0.130694
3.307 0.16175
3.308 0.192658
3.309 0.223365
3.31 0.253851
3.311 0.284099
3.312 0.314055
3.313 0.343713
3.314 0.373021
3.315 0.401972
3.316 0.430516
3.317 0.458635
3.318 0.486313
3.319 0.513501
3.32 0.540193
3.321 0.566343
3.322 0.591944
3.323 0.616951
3.324 0.64136
3.325 0.665127
3.326 0.688239
3.327 0.710681
3.328 0.732414
3.329 0.753433
3.33 0.773701
3.331 0.793214
3.332 0.811937
3.333 0.829868
3.334 0.846973
3.335 0.863243
3.336 0.878669
3.337 0.893222
3.338 0.9069
3.339 0.919679
3.34 0.931556
3.341 0.94251
3.342 0.952535
3.343 0.961625
3.344 0.969764
3.345 0.976949
3.346 0.983168
3.347 0.98842
3.348 0.992696
3.349 0.995995
3.35 0.998311
3.351 0.999643
3.352 0.999989
3.353 0.99935
3.354 0.997725
3.355 0.995117
3.356 0.991527
3.357 0.98696
3.358 0.981419
3.359 0.974913
3.36 0.967445
3.361 0.959021
3.362 0.949655
3.363 0.939348
3.364 0.92812
3.365 0.915972
3.366 0.902926
3.367 0.88899
3.368 0.874172
3.369 0.858497
3.37 0.841971
3.371 0.824621
3.372 0.80645
3.373 0.787492
3.374 0.76775
3.375 0.747259
3.376 0.726032
3.377 0.70408
3.378 0.681443
3.379 0.658125
3.38 0.634167
3.381 0.609575
3.382 0.584391
3.383 0.558621
3.384 0.532311
3.385 0.505476
3.386 0.478132
3.387 0.450327
3.388 0.422068
3.389 0.393403
3.39 0.364339
3.391 0.334928
3.392 0.305186
3.393 0.275132
3.394 0.244819
3.395 0.214252
3.396 0.183486
3.397 0.152527
3.398 0.121429
3.399 0.0902001
3.4 0.0588941
3.401 0.02753
3.402 -0.00387324
3.403 -0.0352607
3.404 -0.0666253
3.405 -0.0979123
3.406 -0.129115
3.407 -0.160178
3.408 -0.191095
3.409 -0.221812
3.41 -0.25231
3.411 -0.282571
3.412 -0.312543
3.413 -0.342217
3.414 -0.371543
3.415 -0.400513
3.416 -0.429078
3.417 -0.457219
3.418 -0.484921
3.419 -0.512134
3.42 -0.538852
3.421 -0.565029
3.422 -0.590659
3.423 -0.615697
3.424 -0.640137
3.425 -0.663937
3.426 -0.687083
3.427 -0.70956
3.428 -0.731329
3.429 -0.752385
3.43 -0.772691
3.431 -0.792243
3.432 -0.811007
3.433 -0.828978
3.434 -0.846125
3.435 -0.862438
3.436 -0.877907
3.437 -0.892505
3.438 -0.906228
3.439 -0.919053
3.44 -0.930976
3.441 -0.941977
3.442 -0.952049
3.443 -0.961187
3.444 -0.969374
3.445 -0.976608
3.446 -0.982876
3.447 -0.988178
3.448 -0.992503
3.449 -0.995852
3.45 -0.998217
3.451 -0.999599
3.452 -0.999995
3.453 -0.999406
3.454 -0.997831
3.455 -0.995273
3.456 -0.991732
3.457 -0.987215
3.458 -0.981723
3.459 -0.975266
3.46 -0.967847
3.461 -0.959471
3.462 -0.950152
3.463 -0.939893
3.464 -0.928712
3.465 -0.91661
3.466 -0.903609
3.467 -0.889718
3.468 -0.874944
3.469 -0.859313
3.47 -0.842829
3.471 -0.82552
3.472 -0.807391
3.473 -0.788473
3.474 -0.76877
3.475 -0.748317
3.476 -0.727126
3.477 -0.70521
3.478 -0.682607
3.479 -0.659323
3.48 -0.635398
3.481 -0.610836
3.482 -0.585682
3.483 -0.559941
3.484 -0.533658
3.485 -0.506849
3.486 -0.47953
3.487 -0.451748
3.488 -0.423511
3.489 -0.394867
3.49 -0.365822
3.491 -0.336428
3.492 -0.306702
3.493 -0.276663
3.494 -0.246362
3.495 -0.215807
3.496 -0.185051
3.497 -0.1541
3.498 -0.12301
3.499 -0.0917862
3.5 -0.0604839
3.501 -0.029122
3.502 0.0022806
3.503 0.033669
3.504 0.0650361
3.505 0.0963272
3.506 0.127535
3.507 0.158606
3.508 0.189531
3.509 0.220259
3.51 0.250769
3.511 0.281043
3.512 0.311029
3.513 0.34072
3.514 0.370063
3.515 0.399053
3.516 0.427638
3.517 0.455802
3.518 0.483527
3.519 0.510765
3.52 0.53751
3.521 0.563715
3.522 0.589373
3.523 0.614441
3.524 0.638913
3.525 0.662746
3.526 0.685925
3.527 0.708437
3.528 0.730241
3.529 0.751335
3.53 0.771679
3.531 0.79127
3.532 0.810074
3.533 0.828086
3.534 0.845275
3.535 0.861631
3.536 0.877143
3.537 0.891785
3.538 0.905553
3.539 0.918424
3.54 0.930393
3.541 0.941441
3.542 0.951561
3.543 0.960746
3.544 0.968981
3.545 0.976264
3.546 0.982581
3.547 0.987932
3.548 0.992307
3.549 0.995705
3.55 0.998121
3.551 0.999552
3.552 0.999999
3.553 0.99946
3.554 0.997934
3.555 0.995426
3.556 0.991935
3.557 0.987468
3.558 0.982025
3.559 0.975617
3.56 0.968246
3.561 0.959919
3.562 0.950648
3.563 0.940436
3.564 0.929301
3.565 0.917245
3.566 0.90429
3.567 0.890444
3.568 0.875714
3.569 0.860127
3.57 0.843685
3.571 0.826418
3.572 0.80833
3.573 0.789452
3.574 0.769788
3.575 0.749372
3.576 0.728218
3.577 0.706338
3.578 0.68377
3.579 0.66052
3.58 0.636627
3.581 0.612097
3.582 0.586973
3.583 0.56126
3.584 0.535004
3.585 0.508221
3.586 0.480927
3.587 0.453169
3.588 0.424953
3.589 0.396329
3.59 0.367304
3.591 0.337927
3.592 0.308218
3.593 0.278193
3.594 0.247906
3.595 0.217362
3.596 0.186616
3.597 0.155674
3.598 0.12459
3.599 0.093372
3.6 0.0620736
3.601 0.0307139
3.602 -0.000687947
3.603 -0.0320772
3.604 -0.0634467
3.605 -0.0947418
3.606 -0.125955
3.607 -0.157033
3.608 -0.187967
3.609 -0.218705
3.61 -0.249227
3.611 -0.279515
3.612 -0.309515
3.613 -0.339222
3.614 -0.368583
3.615 -0.397592
3.616 -0.426198
3.617 -0.454384
3.618 -0.482133
3.619 -0.509396
3.62 -0.536166
3.621 -0.562398
3.622 -0.588086
3.623 -0.613184
3.624 -0.637687
3.625 -0.661552
3.626 -0.684765
3.627 -0.707312
3.628 -0.729152
3.629 -0.750283
3.63 -0.770665
3.631 -0.790295
3.632 -0.809139
3.633 -0.827192
3.634 -0.844423
3.635 -0.860821
3.636 -0.876377
3.637 -0.891064
3.638 -0.904877
3.639 -0.917792
3.64 -0.929808
3.641 -0.940903
3.642 -0.95107
3.643 -0.960303
3.644 -0.968586
3.645 -0.975918
3.646 -0.982284
3.647 -0.987684
3.648 -0.992109
3.649 -0.995557
3.65 -0.998022
3.651 -0.999503
3.652 -1
3.653 -0.999511
3.654 -0.998035
3.655 -0.995577
3.656 -0.992136
3.657 -0.987718
3.658 -0.982325
3.659 -0.975965
3.66 -0.968643
3.661 -0.960364
3.662 -0.951141
3.663 -0.940976
3.664 -0.929888
3.665 -0.917879
3.666 -0.904969
3.667 -0.891167
3.668 -0.876482
3.669 -0.860938
3.67 -0.844539
3.671 -0.827314
3.672 -0.809266
3.673 -0.790428
3.674 -0.770803
3.675 -0.750426
3.676 -0.729309
3.677 -0.707465
3.678 -0.684932
3.679 -0.661715
3.68 -0.637854
3.681 -0.613355
3.682 -0.588261
3.683 -0.562578
3.684 -0.536349
3.685 -0.509592
3.686 -0.482323
3.687 -0.454588
3.688 -0.426394
3.689 -0.397791
3.69 -0.368785
3.691 -0.339426
3.692 -0.309733
3.693 -0.279723
3.694 -0.249448
3.695 -0.218916
3.696 -0.18818
3.697 -0.157247
3.698 -0.12617
3.699 -0.0949576
3.7 -0.0636631
3.701 -0.0323058
3.702 -0.000904706
3.703 0.0304853
3.704 0.0618572
3.705 0.0931562
3.706 0.124375
3.707 0.15546
3.708 0.186403
3.709 0.21715
3.71 0.247684
3.711 0.277985
3.712 0.308
3.713 0.337723
3.714 0.367102
3.715 0.39613
3.716 0.424757
3.717 0.452965
3.718 0.480737
3.719 0.508024
3.72 0.534821
3.721 0.561081
3.722 0.586797
3.723 0.611925
3.724 0.636459
3.725 0.660357
3.726 0.683604
3.727 0.706185
3.728 0.728062
3.729 0.749229
3.73 0.769649
3.731 0.789318
3.732 0.808202
3.733 0.826296
3.734 0.843569
3.735 0.86001
3.736 0.875609
3.737 0.89034
3.738 0.904198
3.739 0.917159
3.74 0.929221
3.741 0.940362
3.742 0.950577
3.743 0.959858
3.744 0.968189
3.745 0.975569
3.746 0.981984
3.747 0.987434
3.748 0.991908
3.749 0.995405
3.75 0.99792
3.751 0.999452
3.752 0.999999
3.753 0.999559
3.754 0.998134
3.755 0.995725
3.756 0.992334
3.757 0.987966
3.758 0.982621
3.759 0.976311
3.76 0.969038
3.761 0.960806
3.762 0.951631
3.763 0.941514
3.764 0.930473
3.765 0.918509
3.766 0.905645
3.767 0.891889
3.768 0.877247
3.769 0.861747
3.77 0.845391
3.771 0.828208
3.772 0.810201
3.773 0.791403
3.774 0.771817
3.775 0.751478
3.776 0.730398
3.777 0.70859
3.778 0.686091
3.779 0.662908
3.78 0.63908
3.781 0.614612
3.782 0.589549
3.783 0.563894
3.784 0.537693
3.785 0.510962
3.786 0.483717
3.787 0.456006
3.788 0.427834
3.789 0.399252
3.79 0.370265
3.791 0.340924
3.792 0.311247
3.793 0.281251
3.794 0.25099
3.795 0.22047
3.796 0.189744
3.797 0.15882
3.798 0.12775
3.799 0.0965429
3.8 0.0652524
3.801 0.0338976
3.802 0.00249736
3.803 -0.0288933
3.804 -0.0602675
3.805 -0.0915703
3.806 -0.122795
3.807 -0.153886
3.808 -0.184838
3.809 -0.215596
3.81 -0.246141
3.811 -0.276455
3.812 -0.306485
3.813 -0.336224
3.814 -0.36562
3.815 -0.394668
3.816 -0.423315
3.817 -0.451544
3.818 -0.47934
3.819 -0.506652
3.82 -0.533475
3.821 -0.559762
3.822 -0.585507
3.823 -0.610665
3.824 -0.63523
3.825 -0.65916
3.826 -0.68244
3.827 -0.705056
3.828 -0.726969
3.829 -0.748173
3.83 -0.768631
3.831 -0.78834
3.832 -0.807263
3.833 -0.825398
3.834 -0.842712
3.835 -0.859196
3.836 -0.874839
3.837 -0.889613
3.838 -0.903516
3.839 -0.916523
3.84 -0.928631
3.841 -0.939819
3.842 -0.950081
3.843 -0.95941
3.844 -0.967789
3.845 -0.975218
3.846 -0.981682
3.847 -0.987181
3.848 -0.991704
3.849 -0.995252
3.85 -0.997817
3.851 -0.999398
3.852 -0.999995
3.853 -0.999605
3.854 -0.99823
3.855 -0.995871
3.856 -0.99253
3.857 -0.988211
3.858 -0.982916
3.859 -0.976654
3.86 -0.96943
3.861 -0.961247
3.862 -0.952119
3.863 -0.94205
3.864 -0.931055
3.865 -0.919138
3.866 -0.90632
3.867 -0.892608
3.868 -0.878011
3.869 -0.862554
3.87 -0.84624
3.871 -0.829099
3.872 -0.811134
3.873 -0.792375
3.874 -0.772829
3.875 -0.752527
3.876 -0.731485
3.877 -0.709713
3.878 -0.687249
3.879 -0.664099
3.88 -0.640304
3.881 -0.615868
3.882 -0.590834
3.883 -0.565208
3.884 -0.539035
3.885 -0.51233
3.886 -0.48511
3.887 -0.457423
3.888 -0.429273
3.889 -0.400712
3.89 -0.371744
3.891 -0.34242
3.892 -0.31276
3.893 -0.282779
3.894 -0.252532
3.895 -0.222023
3.896 -0.191308
3.897 -0.160392
3.898 -0.12933
3.899 -0.098128
3.9 -0.0668416
3.901 -0.0354893
3.902 -0.00409
3.903 0.0273013
3.904 0.0586777
3.905 0.0899843
3.906 0.121214
3.907 0.152312
3.908 0.183272
3.909 0.21404
3.91 0.244597
3.911 0.274924
3.912 0.304968
3.913 0.334724
3.914 0.364138
3.915 0.393204
3.916 0.421871
3.917 0.450123
3.918 0.477941
3.919 0.505278
3.92 0.532127
3.921 0.558441
3.922 0.584215
3.923 0.609403
3.924 0.633999
3.925 0.657961
3.926 0.681275
3.927 0.703926
3.928 0.725874
3.929 0.747115
3.93 0.767612
3.931 0.787359
3.932 0.806322
3.933 0.824498
3.934 0.841854
3.935 0.85838
3.936 0.874066
3.937 0.888885
3.938 0.902833
3.939 0.915885
3.94 0.928039
3.941 0.939274
3.942 0.949583
3.943 0.95896
3.944 0.967387
3.945 0.974864
3.946 0.981377
3.947 0.986925
3.948 0.991498
3.949 0.995095
3.95 0.99771
3.951 0.999341
3.952 0.999988
3.953 0.999649
3.954 0.998323
3.955 0.996015
3.956 0.992723
3.957 0.988453
3.958 0.983208
3.959 0.976995
3.96 0.969819
3.961 0.961685
3.962 0.952605
3.963 0.942583
3.964 0.931635
3.965 0.919764
3.966 0.906991
3.967 0.893325
3.968 0.878772
3.969 0.863359
3.97 0.847088
3.971 0.829988
3.972 0.812064
3.973 0.793346
3.974 0.773838
3.975 0.753575
3.976 0.73257
3.977 0.710834
3.978 0.688405
3.979 0.665289
3.98 0.641526
3.981 0.617122
3.982 0.592118
3.983 0.566521
3.984 0.540376
3.985 0.513698
3.986 0.486503
3.987 0.458838
3.988 0.430711
3.989 0.40217
3.99 0.373222
3.991 0.343916
3.992 0.314272
3.993 0.284307
3.994 0.254072
3.995 0.223576
3.996 0.192871
3.997 0.161964
3.998 0.130909
3.999 0.0997129
4 0.0684306
