0 32925
0.001 31896
0.002 30868
0.003 29842
0.004 28819
0.005 27799
0.006 26785
0.007 25776
0.008 24775
0.009 23781
0.01 22796
0.011 21821
0.012 20857
0.013 19904
0.014 18965
0.015 18038
0.016 17127
0.017 16230
0.018 15350
0.019 14488
0.02 13643
0.021 12817
0.022 12011
0.023 11225
0.024 10460
0.025 9718
0.026 8998
0.027 8302
0.028 7629
0.029 6982
0.03 6360
0.031 5764
0.032 5194
0.033 4652
0.034 4138
0.035 3651
0.036 3194
0.037 2765
0.038 2366
0.039 1998
0.04 1659
0.041 1351
0.042 1074
0.043 829
0.044 615
0.045 432
0.046 282
0.047 163
0.048 77
0.049 22
0.05 1
0.051 11
0.052 54
0.053 129
0.054 236
0.055 375
0.056 546
0.057 749
0.058 984
0.059 1249
0.06 1546
0.061 1874
0.062 2232
0.063 2620
0.064 3038
0.065 3486
0.066 3962
0.067 4466
0.068 4999
0.069 5558
0.07 6145
0.071 6758
0.072 7397
0.073 8060
0.074 8748
0.075 9460
0.076 10194
0.077 10951
0.078 11729
0.079 12528
0.08 13347
0.081 14186
0.082 15042
0.083 15916
0.084 16807
0.085 17713
0.086 18634
0.087 19569
0.088 20517
0.089 21477
0.09 22449
0.091 23430
0.092 24421
0.093 25420
0.094 26426
0.095 27438
0.096 28456
0.097 29478
0.098 30503
0.099 31531
0.1 32559
0.101 33588
0.102 34616
0.103 35642
0.104 36666
0.105 37685
0.106 38700
0.107 39709
0.108 40711
0.109 41705
0.11 42690
0.111 43666
0.112 44631
0.113 45584
0.114 46524
0.115 47451
0.116 48364
0.117 49261
0.118 50141
0.119 51005
0.12 51851
0.121 52678
0.122 53485
0.123 54272
0.124 55037
0.125 55781
0.126 56502
0.127 57200
0.128 57873
0.129 58522
0.13 59145
0.131 59743
0.132 60313
0.133 60857
0.134 61373
0.135 61861
0.136 62320
0.137 62750
0.138 63150
0.139 63520
0.14 63860
0.141 64170
0.142 64448
0.143 64696
0.144 64911
0.145 65095
0.146 65248
0.147 65368
0.148 65456
0.149 65512
0.15 65535
0.151 65526
0.152 65485
0.153 65412
0.154 65306
0.155 65169
0.156 64999
0.157 64798
0.158 64565
0.159 64301
0.16 64006
0.161 63679
0.162 63323
0.163 62936
0.164 62520
0.165 62074
0.166 61599
0.167 61096
0.168 60565
0.169 60007
0.17 59421
0.171 58810
0.172 58172
0.173 57510
0.174 56823
0.175 56113
0.176 55380
0.177 54624
0.178 53847
0.179 53049
0.18 52231
0.181 51393
0.182 50538
0.183 49665
0.184 48775
0.185 47869
0.186 46949
0.187 46015
0.188 45067
0.189 44108
0.19 43137
0.191 42156
0.192 41166
0.193 40167
0.194 39161
0.195 38149
0.196 37132
0.197 36110
0.198 35085
0.199 34058
0.2 33029
0.201 32000
0.202 30972
0.203 29946
0.204 28922
0.205 27902
0.206 26887
0.207 25878
0.208 24876
0.209 23881
0.21 22896
0.211 21920
0.212 20954
0.213 20000
0.214 19059
0.215 18132
0.216 17218
0.217 16321
0.218 15439
0.219 14574
0.22 13728
0.221 12900
0.222 12092
0.223 11304
0.224 10537
0.225 9792
0.226 9070
0.227 8371
0.228 7696
0.229 7046
0.23 6422
0.231 5823
0.232 5251
0.233 4706
0.234 4188
0.235 3699
0.236 3239
0.237 2807
0.238 2406
0.239 2034
0.24 1692
0.241 1381
0.242 1101
0.243 852
0.244 635
0.245 449
0.246 295
0.247 174
0.248 84
0.249 26
0.25 1
0.251 8
0.252 48
0.253 120
0.254 223
0.255 359
0.256 527
0.257 727
0.258 958
0.259 1221
0.26 1515
0.261 1839
0.262 2194
0.263 2580
0.264 2995
0.265 3439
0.266 3912
0.267 4414
0.268 4943
0.269 5500
0.27 6084
0.271 6695
0.272 7331
0.273 7992
0.274 8677
0.275 9386
0.276 10119
0.277 10873
0.278 11649
0.279 12446
0.28 13263
0.281 14100
0.282 14954
0.283 15827
0.284 16715
0.285 17620
0.286 18540
0.287 19474
0.288 20421
0.289 21380
0.29 22350
0.291 23330
0.292 24320
0.293 25318
0.294 26324
0.295 27335
0.296 28353
0.297 29374
0.298 30399
0.299 31426
0.3 32455
0.301 33484
0.302 34512
0.303 35538
0.304 36562
0.305 37582
0.306 38597
0.307 39607
0.308 40609
0.309 41604
0.31 42591
0.311 43567
0.312 44533
0.313 45488
0.314 46429
0.315 47358
0.316 48272
0.317 49170
0.318 50053
0.319 50918
0.32 51766
0.321 52595
0.322 53404
0.323 54193
0.324 54961
0.325 55707
0.326 56430
0.327 57130
0.328 57806
0.329 58457
0.33 59083
0.331 59683
0.332 60257
0.333 60803
0.334 61322
0.335 61813
0.336 62275
0.337 62707
0.338 63111
0.339 63484
0.34 63827
0.341 64140
0.342 64422
0.343 64672
0.344 64891
0.345 65078
0.346 65234
0.347 65357
0.348 65448
0.349 65507
0.35 65534
0.351 65529
0.352 65491
0.353 65421
0.354 65319
0.355 65184
0.356 65018
0.357 64820
0.358 64590
0.359 64329
0.36 64037
0.361 63714
0.362 63360
0.363 62977
0.364 62563
0.365 62120
0.366 61649
0.367 61148
0.368 60620
0.369 60064
0.37 59482
0.371 58873
0.372 58238
0.373 57578
0.374 56894
0.375 56186
0.376 55455
0.377 54702
0.378 53927
0.379 53131
0.38 52315
0.381 51479
0.382 50625
0.383 49754
0.384 48866
0.385 47962
0.386 47043
0.387 46110
0.388 45164
0.389 44205
0.39 43236
0.391 42256
0.392 41266
0.393 40269
0.394 39263
0.395 38252
0.396 37235
0.397 36214
0.398 35189
0.399 34162
0.4 33133
0.401 32104
0.402 31076
0.403 30050
0.404 29026
0.405 28006
0.406 26990
0.407 25980
0.408 24977
0.409 23982
0.41 22995
0.411 22018
0.412 21052
0.413 20097
0.414 19154
0.415 18225
0.416 17310
0.417 16411
0.418 15528
0.419 14661
0.42 13813
0.421 12983
0.422 12173
0.423 11383
0.424 10614
0.425 9867
0.426 9142
0.427 8441
0.428 7764
0.429 7111
0.43 6484
0.431 5882
0.432 5308
0.433 4760
0.434 4240
0.435 3748
0.436 3284
0.437 2850
0.438 2445
0.439 2070
0.44 1725
0.441 1411
0.442 1128
0.443 876
0.444 655
0.445 467
0.446 309
0.447 184
0.448 91
0.449 31
0.45 2
0.451 6
0.452 42
0.453 111
0.454 211
0.455 344
0.456 509
0.457 705
0.458 933
0.459 1193
0.46 1483
0.461 1805
0.462 2157
0.463 2539
0.464 2951
0.465 3392
0.466 3863
0.467 4362
0.468 4888
0.469 5443
0.47 6024
0.471 6632
0.472 7265
0.473 7923
0.474 8606
0.475 9313
0.476 10043
0.477 10796
0.478 11570
0.479 12365
0.48 13180
0.481 14014
0.482 14867
0.483 15737
0.484 16625
0.485 17528
0.486 18446
0.487 19378
0.488 20324
0.489 21282
0.49 22251
0.491 23230
0.492 24219
0.493 25217
0.494 26221
0.495 27233
0.496 28249
0.497 29270
0.498 30295
0.499 31322
0.5 32351
0.501 33379
0.502 34408
0.503 35434
0.504 36458
0.505 37479
0.506 38494
0.507 39505
0.508 40508
0.509 41504
0.51 42491
0.511 43469
0.512 44436
0.513 45391
0.514 46334
0.515 47264
0.516 48180
0.517 49080
0.518 49964
0.519 50831
0.52 51681
0.521 52511
0.522 53323
0.523 54114
0.524 54884
0.525 55632
0.526 56358
0.527 57060
0.528 57739
0.529 58392
0.53 59021
0.531 59624
0.532 60200
0.533 60749
0.534 61271
0.535 61764
0.536 62229
0.537 62665
0.538 63071
0.539 63448
0.54 63794
0.541 64110
0.542 64394
0.543 64648
0.544 64870
0.545 65061
0.546 65219
0.547 65346
0.548 65441
0.549 65503
0.55 65533
0.551 65531
0.552 65496
0.553 65429
0.554 65330
0.555 65199
0.556 65036
0.557 64841
0.558 64615
0.559 64357
0.56 64068
0.561 63748
0.562 63398
0.563 63017
0.564 62607
0.565 62167
0.566 61698
0.567 61200
0.568 60675
0.569 60122
0.57 59542
0.571 58936
0.572 58304
0.573 57647
0.574 56965
0.575 56259
0.576 55530
0.577 54779
0.578 54006
0.579 53212
0.58 52398
0.581 51565
0.582 50713
0.583 49843
0.584 48957
0.585 48054
0.586 47137
0.587 46205
0.588 45260
0.589 44303
0.59 43335
0.591 42356
0.592 41367
0.593 40370
0.594 39366
0.595 38355
0.596 37338
0.597 36317
0.598 35293
0.599 34266
0.6 33238
0.601 32209
0.602 31180
0.603 30154
0.604 29130
0.605 28109
0.606 27093
0.607 26083
0.608 25079
0.609 24082
0.61 23095
0.611 22117
0.612 21149
0.613 20193
0.614 19249
0.615 18319
0.616 17402
0.617 16501
0.618 15616
0.619 14748
0.62 13898
0.621 13066
0.622 12254
0.623 11462
0.624 10691
0.625 9941
0.626 9215
0.627 8511
0.628 7831
0.629 7176
0.63 6546
0.631 5942
0.632 5365
0.633 4814
0.634 4291
0.635 3796
0.636 3330
0.637 2893
0.638 2485
0.639 2107
0.64 1759
0.641 1442
0.642 1155
0.643 900
0.644 676
0.645 484
0.646 324
0.647 196
0.648 99
0.649 35
0.65 4
0.651 4
0.652 37
0.653 102
0.654 200
0.655 329
0.656 491
0.657 684
0.658 909
0.659 1165
0.66 1453
0.661 1771
0.662 2120
0.663 2499
0.664 2908
0.665 3346
0.666 3814
0.667 4310
0.668 4834
0.669 5385
0.67 5964
0.671 6569
0.672 7200
0.673 7856
0.674 8536
0.675 9241
0.676 9968
0.677 10718
0.678 11490
0.679 12283
0.68 13096
0.681 13928
0.682 14779
0.683 15648
0.684 16534
0.685 17435
0.686 18352
0.687 19283
0.688 20227
0.689 21184
0.69 22152
0.691 23131
0.692 24119
0.693 25115
0.694 26119
0.695 27130
0.696 28146
0.697 29167
0.698 30191
0.699 31218
0.7 32246
0.701 33275
0.702 34303
0.703 35330
0.704 36355
0.705 37375
0.706 38392
0.707 39402
0.708 40407
0.709 41403
0.71 42391
0.711 43370
0.712 44338
0.713 45295
0.714 46239
0.715 47170
0.716 48087
0.717 48989
0.718 49875
0.719 50744
0.72 51595
0.721 52428
0.722 53241
0.723 54035
0.724 54807
0.725 55557
0.726 56285
0.727 56990
0.728 57671
0.729 58327
0.73 58958
0.731 59564
0.732 60143
0.733 60695
0.734 61219
0.735 61715
0.736 62183
0.737 62622
0.738 63031
0.739 63411
0.74 63760
0.741 64079
0.742 64367
0.743 64624
0.744 64849
0.745 65043
0.746 65205
0.747 65335
0.748 65432
0.749 65498
0.75 65531
0.751 65532
0.752 65501
0.753 65438
0.754 65342
0.755 65214
0.756 65054
0.757 64863
0.758 64639
0.759 64385
0.76 64099
0.761 63782
0.762 63435
0.763 63057
0.764 62650
0.765 62213
0.766 61747
0.767 61252
0.768 60730
0.769 60179
0.77 59602
0.771 58999
0.772 58369
0.773 57714
0.774 57035
0.775 56332
0.776 55605
0.777 54856
0.778 54085
0.779 53294
0.78 52482
0.781 51650
0.782 50800
0.783 49932
0.784 49047
0.785 48147
0.786 47231
0.787 46300
0.788 45357
0.789 44401
0.79 43433
0.791 42455
0.792 41468
0.793 40472
0.794 39468
0.795 38458
0.796 37442
0.797 36421
0.798 35397
0.799 34370
0.8 33342
0.801 32313
0.802 31285
0.803 30258
0.804 29233
0.805 28212
0.806 27196
0.807 26185
0.808 25180
0.809 24183
0.81 23195
0.811 22216
0.812 21247
0.813 20289
0.814 19344
0.815 18412
0.816 17495
0.817 16592
0.818 15705
0.819 14836
0.82 13983
0.821 13150
0.822 12335
0.823 11541
0.824 10768
0.825 10016
0.826 9287
0.827 8581
0.828 7899
0.829 7241
0.83 6609
0.831 6002
0.832 5422
0.833 4869
0.834 4343
0.835 3845
0.836 3376
0.837 2936
0.838 2525
0.839 2144
0.84 1793
0.841 1472
0.842 1183
0.843 925
0.844 698
0.845 502
0.846 339
0.847 207
0.848 108
0.849 40
0.85 5
0.851 3
0.852 32
0.853 94
0.854 188
0.855 315
0.856 473
0.857 663
0.858 885
0.859 1138
0.86 1422
0.861 1737
0.862 2083
0.863 2459
0.864 2865
0.865 3300
0.866 3765
0.867 4258
0.868 4779
0.869 5328
0.87 5904
0.871 6506
0.872 7134
0.873 7788
0.874 8466
0.875 9168
0.876 9893
0.877 10641
0.878 11411
0.879 12202
0.88 13013
0.881 13843
0.882 14692
0.883 15559
0.884 16443
0.885 17343
0.886 18259
0.887 19188
0.888 20131
0.889 21086
0.89 22053
0.891 23031
0.892 24018
0.893 25014
0.894 26017
0.895 27027
0.896 28043
0.897 29063
0.898 30087
0.899 31114
0.9 32142
0.901 33171
0.902 34199
0.903 35226
0.904 36251
0.905 37272
0.906 38289
0.907 39300
0.908 40305
0.909 41302
0.91 42291
0.911 43271
0.912 44240
0.913 45198
0.914 46144
0.915 47077
0.916 47995
0.917 48898
0.918 49786
0.919 50657
0.92 51510
0.921 52344
0.922 53160
0.923 53955
0.924 54729
0.925 55482
0.926 56212
0.927 56920
0.928 57603
0.929 58262
0.93 58896
0.931 59504
0.932 60085
0.933 60640
0.934 61167
0.935 61666
0.936 62137
0.937 62579
0.938 62991
0.939 63374
0.94 63726
0.941 64048
0.942 64339
0.943 64599
0.944 64828
0.945 65025
0.946 65190
0.947 65323
0.948 65424
0.949 65493
0.95 65530
0.951 65534
0.952 65506
0.953 65446
0.954 65353
0.955 65229
0.956 65072
0.957 64884
0.958 64663
0.959 64412
0.96 64129
0.961 63815
0.962 63471
0.963 63097
0.964 62692
0.965 62258
0.966 61795
0.967 61304
0.968 60784
0.969 60236
0.97 59662
0.971 59061
0.972 58434
0.973 57782
0.974 57105
0.975 56404
0.976 55680
0.977 54933
0.978 54165
0.979 53375
0.98 52565
0.981 51735
0.982 50887
0.983 50021
0.984 49138
0.985 48239
0.986 47324
0.987 46395
0.988 45453
0.989 44498
0.99 43532
0.991 42555
0.992 41568
0.993 40573
0.994 39570
0.995 38560
0.996 37545
0.997 36525
0.998 35501
0.999 34475
1 33446
1.001 32418
1.002 31389
1.003 30362
1.004 29337
1.005 28316
1.006 27299
1.007 26287
1.008 25282
1.009 24284
1.01 23294
1.011 22314
1.012 21345
1.013 20386
1.014 19440
1.015 18506
1.016 17587
1.017 16683
1.018 15795
1.019 14923
1.02 14069
1.021 13233
1.022 12417
1.023 11621
1.024 10845
1.025 10092
1.026 9360
1.027 8652
1.028 7967
1.029 7307
1.03 6672
1.031 6063
1.032 5480
1.033 4924
1.034 4395
1.035 3894
1.036 3422
1.037 2979
1.038 2565
1.039 2181
1.04 1827
1.041 1504
1.042 1211
1.043 949
1.044 719
1.045 521
1.046 354
1.047 219
1.048 116
1.049 46
1.05 8
1.051 2
1.052 28
1.053 87
1.054 177
1.055 300
1.056 455
1.057 642
1.058 861
1.059 1111
1.06 1392
1.061 1704
1.062 2047
1.063 2420
1.064 2823
1.065 3255
1.066 3717
1.067 4207
1.068 4725
1.069 5271
1.07 5844
1.071 6444
1.072 7069
1.073 7720
1.074 8396
1.075 9096
1.076 9819
1.077 10564
1.078 11332
1.079 12120
1.08 12930
1.081 13758
1.082 14605
1.083 15471
1.084 16353
1.085 17251
1.086 18165
1.087 19093
1.088 20035
1.089 20989
1.09 21955
1.091 22931
1.092 23917
1.093 24912
1.094 25915
1.095 26924
1.096 27939
1.097 28959
1.098 29983
1.099 31009
1.1 32037
1.101 33066
1.102 34095
1.103 35122
1.104 36147
1.105 37169
1.106 38186
1.107 39198
1.108 40203
1.109 41202
1.11 42192
1.111 43172
1.112 44143
1.113 45102
1.114 46049
1.115 46983
1.116 47903
1.117 48808
1.118 49697
1.119 50569
1.12 51424
1.121 52261
1.122 53078
1.123 53875
1.124 54652
1.125 55407
1.126 56139
1.127 56849
1.128 57535
1.129 58196
1.13 58832
1.131 59443
1.132 60027
1.133 60585
1.134 61115
1.135 61617
1.136 62091
1.137 62535
1.138 62951
1.139 63336
1.14 63692
1.141 64017
1.142 64311
1.143 64574
1.144 64806
1.145 65006
1.146 65174
1.147 65311
1.148 65415
1.149 65487
1.15 65527
1.151 65535
1.152 65510
1.153 65453
1.154 65364
1.155 65243
1.156 65089
1.157 64904
1.158 64687
1.159 64439
1.16 64159
1.161 63849
1.162 63508
1.163 63136
1.164 62735
1.165 62304
1.166 61844
1.167 61355
1.168 60838
1.169 60293
1.17 59721
1.171 59123
1.172 58499
1.173 57849
1.174 57175
1.175 56476
1.176 55754
1.177 55010
1.178 54244
1.179 53456
1.18 52648
1.181 51820
1.182 50974
1.183 50110
1.184 49228
1.185 48331
1.186 47418
1.187 46490
1.188 45549
1.189 44596
1.19 43631
1.191 42655
1.192 41669
1.193 40674
1.194 39672
1.195 38663
1.196 37648
1.197 36629
1.198 35605
1.199 34579
1.2 33551
1.201 32522
1.202 31493
1.203 30466
1.204 29441
1.205 28419
1.206 27402
1.207 26389
1.208 25383
1.209 24385
1.21 23394
1.211 22413
1.212 21442
1.213 20483
1.214 19535
1.215 18600
1.216 17680
1.217 16774
1.218 15884
1.219 15011
1.22 14155
1.221 13317
1.222 12499
1.223 11701
1.224 10923
1.225 10167
1.226 9433
1.227 8723
1.228 8036
1.229 7373
1.23 6735
1.231 6123
1.232 5538
1.233 4979
1.234 4447
1.235 3944
1.236 3469
1.237 3023
1.238 2606
1.239 2219
1.24 1861
1.241 1535
1.242 1239
1.243 974
1.244 741
1.245 539
1.246 369
1.247 231
1.248 125
1.249 52
1.25 10
1.251 1
1.252 24
1.253 79
1.254 167
1.255 286
1.256 438
1.257 622
1.258 837
1.259 1084
1.26 1362
1.261 1671
1.262 2010
1.263 2380
1.264 2780
1.265 3210
1.266 3668
1.267 4156
1.268 4671
1.269 5214
1.27 5785
1.271 6382
1.272 7005
1.273 7653
1.274 8326
1.275 9024
1.276 9744
1.277 10488
1.278 11253
1.279 12040
1.28 12847
1.281 13673
1.282 14519
1.283 15382
1.284 16263
1.285 17159
1.286 18072
1.287 18998
1.288 19939
1.289 20892
1.29 21856
1.291 22832
1.292 23817
1.293 24811
1.294 25813
1.295 26822
1.296 27836
1.297 28856
1.298 29879
1.299 30905
1.3 31933
1.301 32962
1.302 33991
1.303 35018
1.304 36043
1.305 37065
1.306 38083
1.307 39095
1.308 40102
1.309 41101
1.31 42092
1.311 43073
1.312 44045
1.313 45005
1.314 45953
1.315 46889
1.316 47810
1.317 48716
1.318 49607
1.319 50481
1.32 51338
1.321 52177
1.322 52996
1.323 53795
1.324 54574
1.325 55331
1.326 56066
1.327 56778
1.328 57466
1.329 58130
1.33 58769
1.331 59382
1.332 59969
1.333 60529
1.334 61062
1.335 61567
1.336 62044
1.337 62492
1.338 62910
1.339 63299
1.34 63657
1.341 63985
1.342 64283
1.343 64549
1.344 64784
1.345 64987
1.346 65159
1.347 65298
1.348 65406
1.349 65482
1.35 65525
1.351 65536
1.352 65514
1.353 65460
1.354 65375
1.355 65256
1.356 65106
1.357 64924
1.358 64711
1.359 64465
1.36 64189
1.361 63882
1.362 63544
1.363 63175
1.364 62777
1.365 62349
1.366 61892
1.367 61406
1.368 60892
1.369 60350
1.37 59781
1.371 59185
1.372 58563
1.373 57916
1.374 57244
1.375 56548
1.376 55829
1.377 55087
1.378 54322
1.379 53537
1.38 52731
1.381 51905
1.382 51061
1.383 50198
1.384 49318
1.385 48422
1.386 47511
1.387 46585
1.388 45645
1.389 44693
1.39 43729
1.391 42754
1.392 41769
1.393 40776
1.394 39774
1.395 38766
1.396 37751
1.397 36732
1.398 35709
1.399 34683
1.4 33655
1.401 32626
1.402 31598
1.403 30570
1.404 29545
1.405 28523
1.406 27505
1.407 26492
1.408 25485
1.409 24486
1.41 23494
1.411 22512
1.412 21540
1.413 20579
1.414 19630
1.415 18695
1.416 17772
1.417 16865
1.418 15973
1.419 15098
1.42 14241
1.421 13401
1.422 12581
1.423 11781
1.424 11001
1.425 10243
1.426 9507
1.427 8794
1.428 8104
1.429 7439
1.43 6799
1.431 6184
1.432 5596
1.433 5034
1.434 4500
1.435 3994
1.436 3516
1.437 3066
1.438 2647
1.439 2256
1.44 1896
1.441 1567
1.442 1268
1.443 1000
1.444 763
1.445 558
1.446 385
1.447 244
1.448 135
1.449 58
1.45 13
1.451 0
1.452 20
1.453 72
1.454 156
1.455 273
1.456 421
1.457 602
1.458 814
1.459 1057
1.46 1332
1.461 1638
1.462 1975
1.463 2342
1.464 2738
1.465 3165
1.466 3621
1.467 4105
1.468 4618
1.469 5158
1.47 5726
1.471 6320
1.472 6940
1.473 7586
1.474 8257
1.475 8952
1.476 9670
1.477 10411
1.478 11174
1.479 11959
1.48 12764
1.481 13588
1.482 14432
1.483 15294
1.484 16173
1.485 17068
1.486 17978
1.487 18904
1.488 19843
1.489 20794
1.49 21758
1.491 22732
1.492 23717
1.493 24710
1.494 25711
1.495 26719
1.496 27733
1.497 28752
1.498 29775
1.499 30801
1.5 31829
1.501 32858
1.502 33886
1.503 34914
1.504 35939
1.505 36962
1.506 37980
1.507 38993
1.508 40000
1.509 41000
1.51 41991
1.511 42974
1.512 43947
1.513 44908
1.514 45858
1.515 46794
1.516 47717
1.517 48625
1.518 49518
1.519 50394
1.52 51252
1.521 52092
1.522 52914
1.523 53715
1.524 54496
1.525 55255
1.526 55993
1.527 56707
1.528 57397
1.529 58064
1.53 58705
1.531 59321
1.532 59911
1.533 60474
1.534 61010
1.535 61517
1.536 61997
1.537 62447
1.538 62869
1.539 63261
1.54 63622
1.541 63953
1.542 64254
1.543 64523
1.544 64761
1.545 64968
1.546 65143
1.547 65286
1.548 65397
1.549 65475
1.55 65522
1.551 65536
1.552 65518
1.553 65467
1.554 65385
1.555 65270
1.556 65123
1.557 64944
1.558 64734
1.559 64492
1.56 64218
1.561 63914
1.562 63579
1.563 63214
1.564 62818
1.565 62393
1.566 61939
1.567 61456
1.568 60945
1.569 60406
1.57 59840
1.571 59247
1.572 58628
1.573 57983
1.574 57314
1.575 56620
1.576 55903
1.577 55163
1.578 54401
1.579 53617
1.58 52814
1.581 51990
1.582 51147
1.583 50286
1.584 49408
1.585 48514
1.586 47604
1.587 46680
1.588 45741
1.589 44790
1.59 43827
1.591 42853
1.592 41870
1.593 40877
1.594 39876
1.595 38868
1.596 37855
1.597 36836
1.598 35813
1.599 34787
1.6 33759
1.601 32731
1.602 31702
1.603 30674
1.604 29649
1.605 28626
1.606 27608
1.607 26594
1.608 25587
1.609 24587
1.61 23595
1.611 22612
1.612 21638
1.613 20676
1.614 19726
1.615 18789
1.616 17865
1.617 16956
1.618 16063
1.619 15186
1.62 14327
1.621 13486
1.622 12663
1.623 11861
1.624 11079
1.625 10319
1.626 9580
1.627 8865
1.628 8173
1.629 7505
1.63 6863
1.631 6245
1.632 5654
1.633 5090
1.634 4553
1.635 4044
1.636 3563
1.637 3111
1.638 2688
1.639 2295
1.64 1931
1.641 1599
1.642 1297
1.643 1026
1.644 786
1.645 578
1.646 401
1.647 257
1.648 144
1.649 64
1.65 16
1.651 0
1.652 17
1.653 65
1.654 146
1.655 260
1.656 405
1.657 582
1.658 791
1.659 1031
1.66 1303
1.661 1606
1.662 1939
1.663 2303
1.664 2697
1.665 3120
1.666 3573
1.667 4055
1.668 4564
1.669 5102
1.67 5667
1.671 6259
1.672 6876
1.673 7520
1.674 8188
1.675 8880
1.676 9596
1.677 10335
1.678 11096
1.679 11878
1.68 12681
1.681 13504
1.682 14346
1.683 15205
1.684 16083
1.685 16976
1.686 17885
1.687 18809
1.688 19747
1.689 20697
1.69 21660
1.691 22633
1.692 23616
1.693 24609
1.694 25609
1.695 26616
1.696 27630
1.697 28648
1.698 29671
1.699 30697
1.7 31724
1.701 32753
1.702 33782
1.703 34810
1.704 35835
1.705 36858
1.706 37877
1.707 38890
1.708 39898
1.709 40899
1.71 41891
1.711 42875
1.712 43848
1.713 44811
1.714 45762
1.715 46700
1.716 47624
1.717 48534
1.718 49428
1.719 50306
1.72 51166
1.721 52008
1.722 52831
1.723 53635
1.724 54418
1.725 55179
1.726 55919
1.727 56635
1.728 57329
1.729 57997
1.73 58641
1.731 59260
1.732 59852
1.733 60418
1.734 60956
1.735 61467
1.736 61949
1.737 62403
1.738 62827
1.739 63222
1.74 63587
1.741 63921
1.742 64225
1.743 64497
1.744 64739
1.745 64948
1.746 65127
1.747 65273
1.748 65387
1.749 65469
1.75 65519
1.751 65536
1.752 65521
1.753 65474
1.754 65395
1.755 65283
1.756 65139
1.757 64964
1.758 64757
1.759 64518
1.76 64248
1.761 63946
1.762 63615
1.763 63252
1.764 62860
1.765 62438
1.766 61987
1.767 61507
1.768 60998
1.769 60462
1.77 59898
1.771 59308
1.772 58692
1.773 58050
1.774 57383
1.775 56691
1.776 55977
1.777 55239
1.778 54479
1.779 53698
1.78 52896
1.781 52074
1.782 51234
1.783 50375
1.784 49498
1.785 48605
1.786 47697
1.787 46774
1.788 45837
1.789 44887
1.79 43925
1.791 42953
1.792 41970
1.793 40978
1.794 39978
1.795 38971
1.796 37958
1.797 36939
1.798 35917
1.799 34891
1.8 33864
1.801 32835
1.802 31806
1.803 30778
1.804 29752
1.805 28730
1.806 27711
1.807 26697
1.808 25689
1.809 24688
1.81 23695
1.811 22711
1.812 21737
1.813 20774
1.814 19822
1.815 18883
1.816 17958
1.817 17048
1.818 16153
1.819 15275
1.82 14413
1.821 13570
1.822 12746
1.823 11941
1.824 11157
1.825 10395
1.826 9654
1.827 8936
1.828 8242
1.829 7572
1.83 6927
1.831 6307
1.832 5713
1.833 5146
1.834 4606
1.835 4094
1.836 3610
1.837 3155
1.838 2729
1.839 2333
1.84 1967
1.841 1631
1.842 1326
1.843 1052
1.844 809
1.845 597
1.846 418
1.847 270
1.848 154
1.849 71
1.85 19
1.851 0
1.852 13
1.853 59
1.854 137
1.855 247
1.856 389
1.857 563
1.858 768
1.859 1005
1.86 1274
1.861 1574
1.862 1904
1.863 2265
1.864 2655
1.865 3076
1.866 3526
1.867 4004
1.868 4511
1.869 5046
1.87 5608
1.871 6197
1.872 6812
1.873 7453
1.874 8119
1.875 8809
1.876 9523
1.877 10259
1.878 11018
1.879 11798
1.88 12599
1.881 13420
1.882 14259
1.883 15117
1.884 15993
1.885 16885
1.886 17793
1.887 18715
1.888 19651
1.889 20600
1.89 21561
1.891 22534
1.892 23516
1.893 24508
1.894 25507
1.895 26514
1.896 27527
1.897 28545
1.898 29567
1.899 30593
1.9 31620
1.901 32649
1.902 33678
1.903 34706
1.904 35732
1.905 36754
1.906 37774
1.907 38788
1.908 39796
1.909 40798
1.91 41791
1.911 42776
1.912 43750
1.913 44714
1.914 45666
1.915 46605
1.916 47531
1.917 48442
1.918 49338
1.919 50217
1.92 51079
1.921 51923
1.922 52749
1.923 53554
1.924 54339
1.925 55103
1.926 55845
1.927 56564
1.928 57259
1.929 57931
1.93 58577
1.931 59198
1.932 59793
1.933 60362
1.934 60903
1.935 61417
1.936 61902
1.937 62358
1.938 62786
1.939 63183
1.94 63551
1.941 63889
1.942 64195
1.943 64471
1.944 64716
1.945 64929
1.946 65110
1.947 65259
1.948 65377
1.949 65462
1.95 65515
1.951 65536
1.952 65524
1.953 65480
1.954 65404
1.955 65296
1.956 65155
1.957 64983
1.958 64779
1.959 64543
1.96 64276
1.961 63978
1.962 63650
1.963 63290
1.964 62901
1.965 62482
1.966 62034
1.967 61557
1.968 61051
1.969 60517
1.97 59957
1.971 59369
1.972 58755
1.973 58116
1.974 57451
1.975 56763
1.976 56050
1.977 55315
1.978 54557
1.979 53778
1.98 52978
1.981 52159
1.982 51320
1.983 50463
1.984 49588
1.985 48697
1.986 47790
1.987 46868
1.988 45933
1.989 44984
1.99 44024
1.991 43052
1.992 42070
1.993 41079
1.994 40080
1.995 39073
1.996 38061
1.997 37043
1.998 36021
1.999 34996
2 33968
2.001 32939
2.002 31911
2.003 30883
2.004 29856
2.005 28833
2.006 27814
2.007 26799
2.008 25791
2.009 24789
2.01 23795
2.011 22810
2.012 21835
2.013 20871
2.014 19918
2.015 18978
2.016 18052
2.017 17140
2.018 16243
2.019 15363
2.02 14500
2.021 13655
2.022 12829
2.023 12022
2.024 11236
2.025 10471
2.026 9728
2.027 9008
2.028 8311
2.029 7639
2.03 6991
2.031 6369
2.032 5772
2.033 5202
2.034 4660
2.035 4145
2.036 3658
2.037 3200
2.038 2771
2.039 2372
2.04 2003
2.041 1664
2.042 1355
2.043 1078
2.044 832
2.045 617
2.046 435
2.047 283
2.048 164
2.049 78
2.05 23
2.051 1
2.052 11
2.053 53
2.054 127
2.055 234
2.056 373
2.057 543
2.058 746
2.059 980
2.06 1245
2.061 1542
2.062 1869
2.063 2227
2.064 2614
2.065 3032
2.066 3479
2.067 3955
2.068 4459
2.069 4991
2.07 5550
2.071 6136
2.072 6749
2.073 7387
2.074 8050
2.075 8738
2.076 9449
2.077 10183
2.078 10940
2.079 11718
2.08 12517
2.081 13335
2.082 14173
2.083 15030
2.084 15903
2.085 16794
2.086 17700
2.087 18621
2.088 19555
2.089 20503
2.09 21463
2.091 22435
2.092 23416
2.093 24407
2.094 25405
2.095 26412
2.096 27424
2.097 28441
2.098 29463
2.099 30488
2.1 31516
2.101 32544
2.102 33573
2.103 34601
2.104 35628
2.105 36651
2.106 37670
2.107 38685
2.108 39694
2.109 40696
2.11 41691
2.111 42676
2.112 43652
2.113 44617
2.114 45570
2.115 46511
2.116 47438
2.117 48350
2.118 49248
2.119 50129
2.12 50993
2.121 51839
2.122 52666
2.123 53473
2.124 54261
2.125 55027
2.126 55771
2.127 56492
2.128 57190
2.129 57864
2.13 58513
2.131 59136
2.132 59734
2.133 60305
2.134 60849
2.135 61366
2.136 61854
2.137 62313
2.138 62744
2.139 63144
2.14 63515
2.141 63856
2.142 64166
2.143 64445
2.144 64692
2.145 64908
2.146 65093
2.147 65246
2.148 65366
2.149 65455
2.15 65511
2.151 65535
2.152 65527
2.153 65486
2.154 65413
2.155 65308
2.156 65171
2.157 65002
2.158 64801
2.159 64569
2.16 64305
2.161 64010
2.162 63684
2.163 63328
2.164 62942
2.165 62526
2.166 62081
2.167 61606
2.168 61104
2.169 60573
2.17 60015
2.171 59430
2.172 58819
2.173 58182
2.174 57520
2.175 56834
2.176 56123
2.177 55390
2.178 54635
2.179 53858
2.18 53060
2.181 52243
2.182 51406
2.183 50550
2.184 49677
2.185 48788
2.186 47883
2.187 46962
2.188 46028
2.189 45081
2.19 44121
2.191 43151
2.192 42170
2.193 41180
2.194 40181
2.195 39176
2.196 38164
2.197 37146
2.198 36125
2.199 35100
2.2 34072
2.201 33044
2.202 32015
2.203 30987
2.204 29960
2.205 28937
2.206 27917
2.207 26902
2.208 25893
2.209 24890
2.21 23896
2.211 22910
2.212 21933
2.213 20968
2.214 20014
2.215 19073
2.216 18145
2.217 17231
2.218 16333
2.219 15451
2.22 14587
2.221 13740
2.222 12912
2.223 12103
2.224 11315
2.225 10548
2.226 9803
2.227 9080
2.228 8381
2.229 7706
2.23 7056
2.231 6431
2.232 5831
2.233 5259
2.234 4713
2.235 4196
2.236 3706
2.237 3245
2.238 2813
2.239 2411
2.24 2039
2.241 1697
2.242 1385
2.243 1105
2.244 856
2.245 638
2.246 452
2.247 297
2.248 175
2.249 85
2.25 27
2.251 1
2.252 8
2.253 47
2.254 118
2.255 222
2.256 357
2.257 525
2.258 724
2.259 955
2.26 1217
2.261 1510
2.262 1834
2.263 2189
2.264 2574
2.265 2988
2.266 3432
2.267 3905
2.268 4406
2.269 4936
2.27 5492
2.271 6076
2.272 6686
2.273 7321
2.274 7982
2.275 8667
2.276 9376
2.277 10108
2.278 10862
2.279 11638
2.28 12435
2.281 13251
2.282 14087
2.283 14942
2.284 15814
2.285 16703
2.286 17607
2.287 18527
2.288 19460
2.289 20407
2.29 21366
2.291 22336
2.292 23316
2.293 24306
2.294 25304
2.295 26309
2.296 27321
2.297 28338
2.298 29359
2.299 30384
2.3 31411
2.301 32440
2.302 33469
2.303 34497
2.304 35524
2.305 36547
2.306 37567
2.307 38583
2.308 39592
2.309 40595
2.31 41590
2.311 42577
2.312 43553
2.313 44519
2.314 45474
2.315 46416
2.316 47344
2.317 48259
2.318 49157
2.319 50040
2.32 50906
2.321 51754
2.322 52583
2.323 53392
2.324 54182
2.325 54950
2.326 55696
2.327 56420
2.328 57120
2.329 57796
2.33 58448
2.331 59074
2.332 59675
2.333 60249
2.334 60796
2.335 61315
2.336 61806
2.337 62268
2.338 62701
2.339 63105
2.34 63479
2.341 63823
2.342 64136
2.343 64418
2.344 64669
2.345 64888
2.346 65076
2.347 65232
2.348 65356
2.349 65447
2.35 65507
2.351 65534
2.352 65529
2.353 65492
2.354 65422
2.355 65320
2.356 65186
2.357 65021
2.358 64823
2.359 64594
2.36 64333
2.361 64041
2.362 63719
2.363 63366
2.364 62982
2.365 62569
2.366 62127
2.367 61656
2.368 61156
2.369 60628
2.37 60073
2.371 59491
2.372 58882
2.373 58248
2.374 57588
2.375 56904
2.376 56197
2.377 55466
2.378 54713
2.379 53938
2.38 53142
2.381 52326
2.382 51491
2.383 50638
2.384 49767
2.385 48879
2.386 47975
2.387 47056
2.388 46124
2.389 45178
2.39 44219
2.391 43250
2.392 42270
2.393 41281
2.394 40283
2.395 39278
2.396 38267
2.397 37250
2.398 36228
2.399 35204
2.4 34177
2.401 33148
2.402 32119
2.403 31091
2.404 30064
2.405 29041
2.406 28020
2.407 27005
2.408 25995
2.409 24992
2.41 23996
2.411 23009
2.412 22032
2.413 21065
2.414 20110
2.415 19168
2.416 18238
2.417 17323
2.418 16424
2.419 15540
2.42 14674
2.421 13825
2.422 12995
2.423 12184
2.424 11394
2.425 10625
2.426 9877
2.427 9152
2.428 8451
2.429 7773
2.43 7120
2.431 6493
2.432 5891
2.433 5316
2.434 4768
2.435 4247
2.436 3755
2.437 3291
2.438 2856
2.439 2451
2.44 2075
2.441 1730
2.442 1415
2.443 1132
2.444 879
2.445 658
2.446 469
2.447 312
2.448 186
2.449 93
2.45 31
2.451 3
2.452 6
2.453 42
2.454 110
2.455 210
2.456 342
2.457 506
2.458 702
2.459 930
2.46 1189
2.461 1479
2.462 1800
2.463 2152
2.464 2533
2.465 2945
2.466 3386
2.467 3856
2.468 4354
2.469 4881
2.47 5435
2.471 6015
2.472 6623
2.473 7256
2.474 7914
2.475 8596
2.476 9303
2.477 10033
2.478 10785
2.479 11558
2.48 12353
2.481 13168
2.482 14002
2.483 14854
2.484 15725
2.485 16612
2.486 17515
2.487 18433
2.488 19365
2.489 20310
2.49 21268
2.491 22237
2.492 23216
2.493 24205
2.494 25202
2.495 26207
2.496 27218
2.497 28235
2.498 29256
2.499 30280
2.5 31307
2.501 32336
2.502 33365
2.503 34393
2.504 35420
2.505 36443
2.506 37464
2.507 38480
2.508 39490
2.509 40494
2.51 41490
2.511 42477
2.512 43455
2.513 44422
2.514 45378
2.515 46321
2.516 47251
2.517 48167
2.518 49067
2.519 49951
2.52 50819
2.521 51668
2.522 52500
2.523 53311
2.524 54103
2.525 54873
2.526 55621
2.527 56347
2.528 57050
2.529 57729
2.53 58383
2.531 59012
2.532 59615
2.533 60192
2.534 60741
2.535 61263
2.536 61757
2.537 62223
2.538 62659
2.539 63066
2.54 63442
2.541 63789
2.542 64105
2.543 64391
2.544 64645
2.545 64867
2.546 65058
2.547 65217
2.548 65344
2.549 65439
2.55 65502
2.551 65533
2.552 65531
2.553 65497
2.554 65431
2.555 65332
2.556 65201
2.557 65039
2.558 64844
2.559 64618
2.56 64361
2.561 64072
2.562 63753
2.563 63403
2.564 63023
2.565 62613
2.566 62173
2.567 61705
2.568 61208
2.569 60683
2.57 60130
2.571 59551
2.572 58945
2.573 58313
2.574 57656
2.575 56975
2.576 56269
2.577 55541
2.578 54790
2.579 54017
2.58 53224
2.581 52410
2.582 51577
2.583 50725
2.584 49856
2.585 48970
2.586 48067
2.587 47150
2.588 46219
2.589 45274
2.59 44317
2.591 43349
2.592 42370
2.593 41381
2.594 40385
2.595 39380
2.596 38370
2.597 37353
2.598 36332
2.599 35308
2.6 34281
2.601 33252
2.602 32224
2.603 31195
2.604 30168
2.605 29144
2.606 28124
2.607 27108
2.608 26097
2.609 25093
2.61 24097
2.611 23109
2.612 22131
2.613 21163
2.614 20207
2.615 19263
2.616 18332
2.617 17416
2.618 16514
2.619 15629
2.62 14761
2.621 13910
2.622 13078
2.623 12265
2.624 11473
2.625 10702
2.626 9952
2.627 9225
2.628 8521
2.629 7841
2.63 7186
2.631 6555
2.632 5951
2.633 5373
2.634 4822
2.635 4299
2.636 3803
2.637 3336
2.638 2899
2.639 2490
2.64 2112
2.641 1764
2.642 1446
2.643 1159
2.644 904
2.645 679
2.646 487
2.647 326
2.648 197
2.649 101
2.65 36
2.651 4
2.652 4
2.653 37
2.654 101
2.655 198
2.656 327
2.657 488
2.658 681
2.659 905
2.66 1161
2.661 1448
2.662 1766
2.663 2115
2.664 2493
2.665 2902
2.666 3340
2.667 3807
2.668 4302
2.669 4826
2.67 5377
2.671 5955
2.672 6560
2.673 7190
2.674 7846
2.675 8526
2.676 9230
2.677 9958
2.678 10707
2.679 11479
2.68 12271
2.681 13084
2.682 13916
2.683 14767
2.684 15636
2.685 16521
2.686 17422
2.687 18339
2.688 19270
2.689 20214
2.69 21170
2.691 22138
2.692 23116
2.693 24104
2.694 25101
2.695 26105
2.696 27115
2.697 28131
2.698 29152
2.699 30176
2.7 31203
2.701 32231
2.702 33260
2.703 34289
2.704 35316
2.705 36340
2.706 37361
2.707 38377
2.708 39388
2.709 40392
2.71 41389
2.711 42377
2.712 43356
2.713 44324
2.714 45281
2.715 46226
2.716 47157
2.717 48074
2.718 48976
2.719 49862
2.72 50732
2.721 51583
2.722 52416
2.723 53230
2.724 54023
2.725 54796
2.726 55546
2.727 56275
2.728 56980
2.729 57661
2.73 58318
2.731 58949
2.732 59555
2.733 60134
2.734 60687
2.735 61212
2.736 61708
2.737 62177
2.738 62616
2.739 63026
2.74 63406
2.741 63755
2.742 64075
2.743 64363
2.744 64620
2.745 64846
2.746 65040
2.747 65203
2.748 65333
2.749 65431
2.75 65497
2.751 65531
2.752 65533
2.753 65502
2.754 65439
2.755 65344
2.756 65216
2.757 65057
2.758 64866
2.759 64643
2.76 64388
2.761 64103
2.762 63787
2.763 63440
2.764 63063
2.765 62656
2.766 62219
2.767 61754
2.768 61259
2.769 60737
2.77 60188
2.771 59611
2.772 59008
2.773 58378
2.774 57724
2.775 57045
2.776 56342
2.777 55616
2.778 54867
2.779 54097
2.78 53305
2.781 52494
2.782 51662
2.783 50813
2.784 49945
2.785 49060
2.786 48160
2.787 47244
2.788 46314
2.789 45371
2.79 44415
2.791 43447
2.792 42470
2.793 41482
2.794 40486
2.795 39482
2.796 38472
2.797 37456
2.798 36436
2.799 35412
2.8 34385
2.801 33357
2.802 32328
2.803 31300
2.804 30272
2.805 29248
2.806 28227
2.807 27210
2.808 26199
2.809 25195
2.81 24197
2.811 23209
2.812 22229
2.813 21261
2.814 20303
2.815 19358
2.816 18426
2.817 17508
2.818 16605
2.819 15718
2.82 14848
2.821 13996
2.822 13162
2.823 12347
2.824 11553
2.825 10779
2.826 10027
2.827 9298
2.828 8591
2.829 7909
2.83 7251
2.831 6618
2.832 6011
2.833 5430
2.834 4877
2.835 4350
2.836 3852
2.837 3382
2.838 2942
2.839 2530
2.84 2149
2.841 1798
2.842 1477
2.843 1187
2.844 928
2.845 701
2.846 505
2.847 341
2.848 209
2.849 109
2.85 41
2.851 6
2.852 3
2.853 32
2.854 93
2.855 187
2.856 313
2.857 470
2.858 660
2.859 881
2.86 1134
2.861 1418
2.862 1733
2.863 2078
2.864 2453
2.865 2859
2.866 3294
2.867 3758
2.868 4251
2.869 4772
2.87 5320
2.871 5895
2.872 6497
2.873 7125
2.874 7778
2.875 8456
2.876 9158
2.877 9883
2.878 10630
2.879 11400
2.88 12190
2.881 13001
2.882 13831
2.883 14680
2.884 15547
2.885 16430
2.886 17330
2.887 18245
2.888 19175
2.889 20117
2.89 21073
2.891 22039
2.892 23017
2.893 24004
2.894 24999
2.895 26002
2.896 27012
2.897 28028
2.898 29048
2.899 30072
2.9 31099
2.901 32127
2.902 33156
2.903 34184
2.904 35211
2.905 36236
2.906 37257
2.907 38274
2.908 39286
2.909 40291
2.91 41288
2.911 42277
2.912 43257
2.913 44226
2.914 45185
2.915 46131
2.916 47063
2.917 47982
2.918 48886
2.919 49773
2.92 50644
2.921 51498
2.922 52333
2.923 53148
2.924 53944
2.925 54718
2.926 55471
2.927 56202
2.928 56910
2.929 57593
2.93 58252
2.931 58887
2.932 59495
2.933 60077
2.934 60632
2.935 61160
2.936 61659
2.937 62130
2.938 62573
2.939 62985
2.94 63368
2.941 63721
2.942 64044
2.943 64335
2.944 64596
2.945 64825
2.946 65022
2.947 65188
2.948 65321
2.949 65423
2.95 65492
2.951 65529
2.952 65534
2.953 65506
2.954 65447
2.955 65355
2.956 65231
2.957 65074
2.958 64886
2.959 64667
2.96 64416
2.961 64133
2.962 63820
2.963 63476
2.964 63102
2.965 62698
2.966 62265
2.967 61802
2.968 61311
2.969 60792
2.97 60245
2.971 59671
2.972 59070
2.973 58443
2.974 57792
2.975 57115
2.976 56414
2.977 55691
2.978 54944
2.979 54176
2.98 53387
2.981 52577
2.982 51748
2.983 50900
2.984 50034
2.985 49151
2.986 48252
2.987 47337
2.988 46409
2.989 45467
2.99 44512
2.991 43546
2.992 42569
2.993 41583
2.994 40587
2.995 39585
2.996 38575
2.997 37560
2.998 36540
2.999 35516
3 34489
3.001 33461
3.002 32432
3.003 31404
3.004 30377
3.005 29352
3.006 28330
3.007 27313
3.008 26302
3.009 25296
3.01 24298
3.011 23309
3.012 22328
3.013 21359
3.014 20400
3.015 19453
3.016 18520
3.017 17600
3.018 16696
3.019 15807
3.02 14935
3.021 14081
3.022 13245
3.023 12429
3.024 11632
3.025 10856
3.026 10102
3.027 9371
3.028 8662
3.029 7977
3.03 7316
3.031 6681
3.032 6071
3.033 5488
3.034 4931
3.035 4402
3.036 3901
3.037 3429
3.038 2985
3.039 2571
3.04 2186
3.041 1832
3.042 1508
3.043 1215
3.044 953
3.045 722
3.046 523
3.047 356
3.048 221
3.049 118
3.05 47
3.051 8
3.052 1
3.053 27
3.054 85
3.055 176
3.056 298
3.057 453
3.058 639
3.059 857
3.06 1107
3.061 1388
3.062 1699
3.063 2041
3.064 2414
3.065 2817
3.066 3249
3.067 3710
3.068 4200
3.069 4717
3.07 5263
3.071 5836
3.072 6435
3.073 7060
3.074 7711
3.075 8386
3.076 9085
3.077 9808
3.078 10553
3.079 11321
3.08 12109
3.081 12918
3.082 13746
3.083 14593
3.084 15458
3.085 16340
3.086 17238
3.087 18152
3.088 19080
3.089 20021
3.09 20975
3.091 21941
3.092 22917
3.093 23903
3.094 24898
3.095 25900
3.096 26910
3.097 27925
3.098 28944
3.099 29968
3.1 30994
3.101 32023
3.102 33051
3.103 34080
3.104 35107
3.105 36132
3.106 37154
3.107 38171
3.108 39183
3.109 40189
3.11 41187
3.111 42177
3.112 43158
3.113 44129
3.114 45088
3.115 46035
3.116 46969
3.117 47889
3.118 48795
3.119 49684
3.12 50557
3.121 51412
3.122 52249
3.123 53066
3.124 53864
3.125 54641
3.126 55396
3.127 56129
3.128 56839
3.129 57525
3.13 58187
3.131 58823
3.132 59434
3.133 60019
3.134 60577
3.135 61107
3.136 61610
3.137 62084
3.138 62529
3.139 62945
3.14 63331
3.141 63687
3.142 64012
3.143 64307
3.144 64571
3.145 64803
3.146 65003
3.147 65172
3.148 65309
3.149 65414
3.15 65487
3.151 65527
3.152 65535
3.153 65511
3.154 65454
3.155 65366
3.156 65245
3.157 65092
3.158 64907
3.159 64691
3.16 64443
3.161 64163
3.162 63853
3.163 63513
3.164 63142
3.165 62741
3.166 62310
3.167 61850
3.168 61362
3.169 60845
3.17 60301
3.171 59730
3.172 59132
3.173 58508
3.174 57859
3.175 57185
3.176 56487
3.177 55765
3.178 55021
3.179 54255
3.18 53468
3.181 52660
3.182 51833
3.183 50986
3.184 50122
3.185 49241
3.186 48344
3.187 47431
3.188 46504
3.189 45563
3.19 44610
3.191 43645
3.192 42669
3.193 41683
3.194 40689
3.195 39687
3.196 38678
3.197 37663
3.198 36643
3.199 35620
3.2 34594
3.201 33566
3.202 32537
3.203 31508
3.204 30481
3.205 29456
3.206 28434
3.207 27416
3.208 26404
3.209 25398
3.21 24399
3.211 23409
3.212 22428
3.213 21456
3.214 20496
3.215 19548
3.216 18614
3.217 17693
3.218 16787
3.219 15897
3.22 15023
3.221 14167
3.222 13329
3.223 12511
3.224 11712
3.225 10934
3.226 10178
3.227 9444
3.228 8733
3.229 8045
3.23 7382
3.231 6744
3.232 6132
3.233 5546
3.234 4987
3.235 4455
3.236 3951
3.237 3475
3.238 3029
3.239 2611
3.24 2224
3.241 1866
3.242 1539
3.243 1243
3.244 978
3.245 744
3.246 542
3.247 372
3.248 233
3.249 127
3.25 52
3.251 10
3.252 1
3.253 23
3.254 78
3.255 165
3.256 284
3.257 436
3.258 619
3.259 834
3.26 1080
3.261 1358
3.262 1666
3.263 2005
3.264 2375
3.265 2774
3.266 3203
3.267 3662
3.268 4149
3.269 4664
3.27 5206
3.271 5776
3.272 6373
3.273 6996
3.274 7644
3.275 8317
3.276 9013
3.277 9734
3.278 10477
3.279 11242
3.28 12028
3.281 12835
3.282 13661
3.283 14506
3.284 15369
3.285 16250
3.286 17146
3.287 18058
3.288 18985
3.289 19925
3.29 20878
3.291 21842
3.292 22817
3.293 23803
3.294 24796
3.295 25798
3.296 26807
3.297 27822
3.298 28841
3.299 29864
3.3 30890
3.301 31918
3.302 32947
3.303 33976
3.304 35003
3.305 36028
3.306 37051
3.307 38068
3.308 39081
3.309 40087
3.31 41086
3.311 42077
3.312 43059
3.313 44031
3.314 44991
3.315 45940
3.316 46875
3.317 47797
3.318 48704
3.319 49594
3.32 50469
3.321 51326
3.322 52165
3.323 52984
3.324 53784
3.325 54563
3.326 55320
3.327 56056
3.328 56768
3.329 57456
3.33 58121
3.331 58760
3.332 59374
3.333 59961
3.334 60522
3.335 61055
3.336 61560
3.337 62037
3.338 62485
3.339 62904
3.34 63293
3.341 63652
3.342 63981
3.343 64279
3.344 64545
3.345 64781
3.346 64984
3.347 65157
3.348 65297
3.349 65405
3.35 65481
3.351 65524
3.352 65536
3.353 65515
3.354 65461
3.355 65376
3.356 65258
3.357 65109
3.358 64927
3.359 64714
3.36 64469
3.361 64193
3.362 63886
3.363 63549
3.364 63181
3.365 62783
3.366 62355
3.367 61898
3.368 61413
3.369 60899
3.37 60358
3.371 59789
3.372 59194
3.373 58573
3.374 57926
3.375 57254
3.376 56559
3.377 55839
3.378 55098
3.379 54333
3.38 53548
3.381 52743
3.382 51917
3.383 51073
3.384 50211
3.385 49331
3.386 48435
3.387 47524
3.388 46598
3.389 45659
3.39 44707
3.391 43743
3.392 42768
3.393 41784
3.394 40790
3.395 39789
3.396 38780
3.397 37766
3.398 36747
3.399 35724
3.4 34698
3.401 33670
3.402 32641
3.403 31613
3.404 30585
3.405 29560
3.406 28537
3.407 27519
3.408 26506
3.409 25500
3.41 24500
3.411 23509
3.412 22527
3.413 21554
3.414 20593
3.415 19644
3.416 18708
3.417 17786
3.418 16878
3.419 15986
3.42 15111
3.421 14253
3.422 13413
3.423 12593
3.424 11792
3.425 11012
3.426 10254
3.427 9517
3.428 8804
3.429 8114
3.43 7448
3.431 6808
3.432 6193
3.433 5604
3.434 5042
3.435 4508
3.436 4001
3.437 3522
3.438 3073
3.439 2652
3.44 2262
3.441 1901
3.442 1571
3.443 1272
3.444 1004
3.445 767
3.446 561
3.447 387
3.448 246
3.449 136
3.45 58
3.451 13
3.452 0
3.453 19
3.454 71
3.455 155
3.456 271
3.457 419
3.458 599
3.459 810
3.46 1054
3.461 1328
3.462 1633
3.463 1970
3.464 2336
3.465 2733
3.466 3159
3.467 3614
3.468 4098
3.469 4610
3.47 5150
3.471 5717
3.472 6311
3.473 6931
3.474 7577
3.475 8247
3.476 8942
3.477 9660
3.478 10400
3.479 11163
3.48 11947
3.481 12752
3.482 13576
3.483 14420
3.484 15281
3.485 16160
3.486 17055
3.487 17965
3.488 18890
3.489 19829
3.49 20781
3.491 21744
3.492 22718
3.493 23702
3.494 24695
3.495 25696
3.496 26704
3.497 27718
3.498 28737
3.499 29760
3.5 30786
3.501 31814
3.502 32843
3.503 33871
3.504 34899
3.505 35924
3.506 36947
3.507 37965
3.508 38979
3.509 39985
3.51 40985
3.511 41977
3.512 42960
3.513 43933
3.514 44894
3.515 45844
3.516 46781
3.517 47704
3.518 48612
3.519 49505
3.52 50381
3.521 51240
3.522 52081
3.523 52902
3.524 53704
3.525 54485
3.526 55244
3.527 55982
3.528 56697
3.529 57388
3.53 58054
3.531 58696
3.532 59312
3.533 59903
3.534 60466
3.535 61002
3.536 61510
3.537 61990
3.538 62441
3.539 62863
3.54 63255
3.541 63617
3.542 63949
3.543 64250
3.544 64520
3.545 64758
3.546 64965
3.547 65141
3.548 65284
3.549 65395
3.55 65474
3.551 65521
3.552 65536
3.553 65518
3.554 65468
3.555 65386
3.556 65272
3.557 65125
3.558 64947
3.559 64737
3.56 64495
3.561 64223
3.562 63919
3.563 63584
3.564 63219
3.565 62824
3.566 62400
3.567 61946
3.568 61463
3.569 60953
3.57 60414
3.571 59848
3.572 59255
3.573 58637
3.574 57992
3.575 57323
3.576 56630
3.577 55913
3.578 55174
3.579 54412
3.58 53629
3.581 52825
3.582 52002
3.583 51159
3.584 50299
3.585 49421
3.586 48527
3.587 47617
3.588 46693
3.589 45755
3.59 44804
3.591 43841
3.592 42868
3.593 41884
3.594 40891
3.595 39891
3.596 38883
3.597 37869
3.598 36851
3.599 35828
3.6 34802
3.601 33774
3.602 32745
3.603 31717
3.604 30689
3.605 29663
3.606 28641
3.607 27622
3.608 26609
3.609 25601
3.61 24601
3.611 23609
3.612 22626
3.613 21652
3.614 20690
3.615 19740
3.616 18802
3.617 17879
3.618 16969
3.619 16076
3.62 15199
3.621 14339
3.622 13498
3.623 12675
3.624 11872
3.625 11090
3.626 10330
3.627 9591
3.628 8875
3.629 8183
3.63 7515
3.631 6872
3.632 6254
3.633 5663
3.634 5098
3.635 4561
3.636 4051
3.637 3570
3.638 3117
3.639 2694
3.64 2300
3.641 1936
3.642 1603
3.643 1301
3.644 1029
3.645 789
3.646 581
3.647 404
3.648 259
3.649 146
3.65 65
3.651 16
3.652 0
3.653 16
3.654 64
3.655 145
3.656 258
3.657 402
3.658 579
3.659 788
3.66 1027
3.661 1299
3.662 1601
3.663 1934
3.664 2297
3.665 2691
3.666 3114
3.667 3566
3.668 4047
3.669 4557
3.67 5094
3.671 5659
3.672 6250
3.673 6867
3.674 7510
3.675 8178
3.676 8870
3.677 9586
3.678 10324
3.679 11085
3.68 11867
3.681 12670
3.682 13492
3.683 14333
3.684 15193
3.685 16070
3.686 16963
3.687 17872
3.688 18796
3.689 19733
3.69 20684
3.691 21646
3.692 22619
3.693 23602
3.694 24594
3.695 25595
3.696 26602
3.697 27615
3.698 28634
3.699 29656
3.7 30682
3.701 31709
3.702 32738
3.703 33767
3.704 34795
3.705 35821
3.706 36844
3.707 37862
3.708 38876
3.709 39884
3.71 40884
3.711 41877
3.712 42861
3.713 43835
3.714 44797
3.715 45748
3.716 46686
3.717 47611
3.718 48521
3.719 49415
3.72 50293
3.721 51153
3.722 51996
3.723 52820
3.724 53623
3.725 54407
3.726 55168
3.727 55908
3.728 56625
3.729 57319
3.73 57988
3.731 58632
3.732 59251
3.733 59844
3.734 60410
3.735 60949
3.736 61460
3.737 61943
3.738 62397
3.739 62821
3.74 63217
3.741 63582
3.742 63916
3.743 64221
3.744 64494
3.745 64735
3.746 64946
3.747 65124
3.748 65271
3.749 65385
3.75 65468
3.751 65518
3.752 65536
3.753 65522
3.754 65475
3.755 65396
3.756 65285
3.757 65142
3.758 64967
3.759 64760
3.76 64521
3.761 64252
3.762 63951
3.763 63620
3.764 63258
3.765 62866
3.766 62444
3.767 61993
3.768 61514
3.769 61006
3.77 60470
3.771 59907
3.772 59317
3.773 58701
3.774 58059
3.775 57392
3.776 56702
3.777 55987
3.778 55250
3.779 54490
3.78 53709
3.781 52908
3.782 52086
3.783 51246
3.784 50387
3.785 49511
3.786 48618
3.787 47710
3.788 46787
3.789 45851
3.79 44901
3.791 43939
3.792 42967
3.793 41984
3.794 40992
3.795 39992
3.796 38986
3.797 37972
3.798 36954
3.799 35932
3.8 34906
3.801 33879
3.802 32850
3.803 31821
3.804 30793
3.805 29767
3.806 28744
3.807 27725
3.808 26711
3.809 25703
3.81 24702
3.811 23709
3.812 22725
3.813 21751
3.814 20787
3.815 19836
3.816 18897
3.817 17972
3.818 17061
3.819 16166
3.82 15287
3.821 14426
3.822 13582
3.823 12758
3.824 11953
3.825 11169
3.826 10406
3.827 9665
3.828 8947
3.829 8252
3.83 7581
3.831 6936
3.832 6316
3.833 5721
3.834 5154
3.835 4614
3.836 4101
3.837 3617
3.838 3162
3.839 2735
3.84 2339
3.841 1972
3.842 1636
3.843 1330
3.844 1055
3.845 812
3.846 600
3.847 420
3.848 272
3.849 156
3.85 72
3.851 20
3.852 0
3.853 13
3.854 58
3.855 135
3.856 245
3.857 386
3.858 560
3.859 765
3.86 1002
3.861 1270
3.862 1569
3.863 1899
3.864 2259
3.865 2650
3.866 3070
3.867 3519
3.868 3997
3.869 4504
3.87 5038
3.871 5600
3.872 6189
3.873 6803
3.874 7444
3.875 8109
3.876 8799
3.877 9512
3.878 10248
3.879 11007
3.88 11787
3.881 12587
3.882 13408
3.883 14247
3.884 15105
3.885 15980
3.886 16872
3.887 17779
3.888 18702
3.889 19637
3.89 20587
3.891 21548
3.892 22519
3.893 23502
3.894 24493
3.895 25493
3.896 26499
3.897 27512
3.898 28530
3.899 29553
3.9 30578
3.901 31605
3.902 32634
3.903 33663
3.904 34691
3.905 35717
3.906 36740
3.907 37759
3.908 38773
3.909 39782
3.91 40783
3.911 41777
3.912 42761
3.913 43736
3.914 44700
3.915 45652
3.916 46592
3.917 47518
3.918 48429
3.919 49325
3.92 50205
3.921 51067
3.922 51912
3.923 52737
3.924 53543
3.925 54328
3.926 55092
3.927 55834
3.928 56553
3.929 57249
3.93 57921
3.931 58568
3.932 59190
3.933 59785
3.934 60354
3.935 60895
3.936 61409
3.937 61895
3.938 62352
3.939 62780
3.94 63178
3.941 63546
3.942 63884
3.943 64191
3.944 64467
3.945 64712
3.946 64926
3.947 65108
3.948 65257
3.949 65375
3.95 65461
3.951 65514
3.952 65536
3.953 65524
3.954 65481
3.955 65405
3.956 65298
3.957 65158
3.958 64986
3.959 64782
3.96 64547
3.961 64280
3.962 63983
3.963 63655
3.964 63296
3.965 62907
3.966 62488
3.967 62040
3.968 61564
3.969 61059
3.97 60525
3.971 59965
3.972 59378
3.973 58764
3.974 58125
3.975 57461
3.976 56773
3.977 56061
3.978 55326
3.979 54568
3.98 53790
3.981 52990
3.982 52171
3.983 51332
3.984 50475
3.985 49601
3.986 48710
3.987 47803
3.988 46882
3.989 45946
3.99 44998
3.991 44037
3.992 43066
3.993 42084
3.994 41093
3.995 40094
3.996 39088
3.997 38075
3.998 37058
3.999 36035
4 35010
