0 15.6323
1.80832 18.9225
3.61664 24.027
5.42495 16.9093
7.23327 14.4485
9.04159 12.956
10.8499 11.8895
12.6582 11.0601
14.4665 10.3809
16.2749 9.80501
18.0832 9.30443
19.8915 8.86118
21.6998 8.4631
23.5081 8.10151
25.3165 7.77008
27.1248 7.464
28.9331 7.17955
30.7414 6.91378
32.5497 6.66434
34.358 6.42926
36.1664 6.20697
37.9747 5.99611
39.783 5.79555
41.5913 5.60431
43.3996 5.42155
45.208 5.24656
47.0163 5.07869
48.8246 4.91738
50.6329 4.76215
52.4412 4.61255
54.2495 4.46818
56.0579 4.3287
57.8662 4.1938
59.6745 4.0632
61.4828 3.93661
63.2911 3.81382
65.0995 3.6946
66.9078 3.57877
68.7161 3.46611
70.5244 3.3565
72.3327 3.24977
74.1411 3.14579
75.9494 3.04441
77.7577 2.9455
79.566 2.84898
81.3743 2.75466
83.1826 2.66257
84.991 2.57257
86.7993 2.48454
88.6076 2.39841
90.4159 2.31413
92.2242 2.23165
94.0325 2.15078
95.8409 2.07157
97.6492 1.99394
99.4575 1.91784
101.266 1.8432
103.074 1.76997
104.882 1.69812
106.691 1.62759
108.499 1.55832
110.307 1.49029
112.116 1.42348
113.924 1.35781
115.732 1.29327
117.541 1.22985
119.349 1.16746
121.157 1.10613
122.966 1.04577
124.774 0.986422
126.582 0.927996
128.391 0.870517
130.199 0.813957
132.007 0.758189
133.816 0.703359
135.624 0.649275
137.432 0.596089
139.241 0.54363
141.049 0.49195
142.857 0.441063
144.665 0.390921
146.474 0.341479
148.282 0.292748
150.09 0.244681
151.899 0.197323
153.707 0.150582
155.515 0.104461
157.324 0.0589964
159.132 0.0141547
160.94 -0.0300689
162.749 -0.0737179
164.557 -0.116763
166.365 -0.159251
168.174 -0.201217
169.982 -0.242584
171.79 -0.283437
173.599 -0.323783
175.407 -0.36357
177.215 -0.402879
179.024 -0.441711
180.832 -0.479963
182.64 -0.517843
184.448 -0.555205
186.257 -0.592115
188.065 -0.628552
189.873 -0.664543
191.682 -0.700113
193.49 -0.735231
195.298 -0.769911
197.107 -0.8042
198.915 -0.838042
200.723 -0.871502
202.532 -0.904545
204.34 -0.93718
206.148 -0.969454
207.957 -1.00134
209.765 -1.03284
211.573 -1.06401
213.382 -1.09481
215.19 -1.12524
216.998 -1.15533
218.807 -1.18502
220.615 -1.21435
222.423 -1.24335
224.231 -1.27203
226.04 -1.30033
227.848 -1.32833
229.656 -1.35607
231.465 -1.38342
233.273 -1.41045
235.081 -1.43717
236.89 -1.46363
238.698 -1.48977
240.506 -1.5156
242.315 -1.54115
244.123 -1.56641
245.931 -1.59135
247.74 -1.61596
249.548 -1.64035
251.356 -1.66446
253.165 -1.68827
254.973 -1.71181
256.781 -1.73509
258.59 -1.75812
260.398 -1.78084
262.206 -1.80331
264.014 -1.82554
265.823 -1.84745
267.631 -1.86919
269.439 -1.89066
271.248 -1.91184
273.056 -1.93277
274.864 -1.95353
276.673 -1.97397
278.481 -1.99423
280.289 -2.01419
282.098 -2.03393
283.906 -2.05345
285.714 -2.07274
287.523 -2.09176
289.331 -2.11063
291.139 -2.12926
292.948 -2.14762
294.756 -2.16573
296.564 -2.18376
298.373 -2.2014
300.181 -2.2189
301.989 -2.23619
303.797 -2.25328
305.606 -2.27012
307.414 -2.2868
309.222 -2.30324
311.031 -2.31949
312.839 -2.33555
314.647 -2.35143
316.456 -2.36706
318.264 -2.38249
320.072 -2.39774
321.881 -2.41276
323.689 -2.42756
325.497 -2.44221
327.306 -2.45665
329.114 -2.47091
330.922 -2.48498
332.731 -2.49891
334.539 -2.51263
336.347 -2.52612
338.156 -2.53941
339.964 -2.55259
341.772 -2.56551
343.58 -2.57828
345.389 -2.59082
347.197 -2.60325
349.005 -2.61549
350.814 -2.62755
352.622 -2.63945
354.43 -2.65112
356.239 -2.66264
358.047 -2.67401
359.855 -2.68519
361.664 -2.69618
363.472 -2.70701
365.28 -2.71774
367.089 -2.72819
368.897 -2.73849
370.705 -2.74866
372.514 -2.75866
374.322 -2.76846
376.13 -2.7781
377.939 -2.78763
379.747 -2.79699
381.555 -2.80604
383.363 -2.81507
385.172 -2.82397
386.98 -2.83264
388.788 -2.84118
390.597 -2.84948
392.405 -2.85775
394.213 -2.8657
396.022 -2.87364
397.83 -2.88129
399.638 -2.88889
401.447 -2.89632
403.255 -2.9036
405.063 -2.91063
406.872 -2.91764
408.68 -2.9244
410.488 -2.93105
412.297 -2.93753
414.105 -2.94385
415.913 -2.95002
417.722 -2.95608
419.53 -2.9619
421.338 -2.96763
423.146 -2.97311
424.955 -2.97867
426.763 -2.98396
428.571 -2.98895
430.38 -2.994
432.188 -2.99884
433.996 -3.00355
435.805 -3.0079
437.613 -3.01249
439.421 -3.01669
441.23 -3.02079
443.038 -3.02471
444.846 -3.02849
446.655 -3.03206
448.463 -3.03553
450.271 -3.03898
452.08 -3.04221
453.888 -3.0453
455.696 -3.04821
457.505 -3.05103
459.313 -3.05367
461.121 -3.05609
462.929 -3.05838
464.738 -3.06061
466.546 -3.06265
468.354 -3.06453
470.163 -3.06629
471.971 -3.06794
473.779 -3.06953
475.588 -3.07079
477.396 -3.072
479.204 -3.07306
481.013 -3.07398
482.821 -3.0747
484.629 -3.07531
486.438 -3.07585
488.246 -3.07622
490.054 -3.07636
491.863 -3.07641
493.671 -3.07636
495.479 -3.07615
497.288 -3.07578
499.096 -3.07525
500.904 -3.07462
502.712 -3.07382
504.521 -3.07284
506.329 -3.07175
508.137 -3.07058
509.946 -3.06919
511.754 -3.06767
513.562 -3.06597
515.371 -3.06426
517.179 -3.06232
518.987 -3.06023
520.796 -3.058
522.604 -3.05569
524.412 -3.05313
526.221 -3.05042
528.029 -3.04762
529.837 -3.04473
531.646 -3.04167
533.454 -3.03842
535.262 -3.03508
537.07 -3.03162
538.879 -3.02801
540.687 -3.02417
542.495 -3.0202
544.304 -3.01609
546.112 -3.01185
547.92 -3.00735
549.729 -3.00286
551.537 -2.99824
553.345 -2.99344
555.154 -2.9885
556.962 -2.98337
558.77 -2.97817
560.579 -2.97258
562.387 -2.96707
564.195 -2.96145
566.004 -2.95551
567.812 -2.94951
569.62 -2.94335
571.429 -2.93717
573.237 -2.93051
575.045 -2.92399
576.854 -2.91723
578.662 -2.91036
580.47 -2.90327
582.279 -2.89612
584.087 -2.88872
585.895 -2.88121
587.703 -2.87354
589.512 -2.8657
591.32 -2.85769
593.128 -2.8496
594.937 -2.84127
596.745 -2.83285
598.553 -2.82419
600.362 -2.81544
602.17 -2.80652
603.978 -2.79748
605.787 -2.78823
607.595 -2.77881
609.403 -2.76928
611.212 -2.75951
613.02 -2.74964
614.828 -2.73953
616.637 -2.72938
618.445 -2.71901
620.253 -2.70844
622.061 -2.69771
623.87 -2.68688
625.678 -2.67584
627.486 -2.66459
629.295 -2.65323
631.103 -2.64171
632.911 -2.62996
634.72 -2.61804
636.528 -2.60599
638.336 -2.59375
640.145 -2.58133
641.953 -2.56873
643.761 -2.55598
645.57 -2.54301
647.378 -2.52988
649.186 -2.51661
650.995 -2.5031
652.803 -2.48945
654.611 -2.47559
656.42 -2.46161
658.228 -2.44736
660.036 -2.43298
661.844 -2.41841
663.653 -2.40361
665.461 -2.38862
667.269 -2.37343
669.078 -2.35808
670.886 -2.34255
672.694 -2.3268
674.503 -2.3109
676.311 -2.29476
678.119 -2.27845
679.928 -2.2619
681.736 -2.24517
683.544 -2.22821
685.353 -2.21101
687.161 -2.19362
688.969 -2.17614
690.778 -2.15826
692.586 -2.14034
694.394 -2.12212
696.203 -2.10371
698.011 -2.08506
699.819 -2.0663
701.628 -2.04715
703.436 -2.02788
705.244 -2.00836
707.052 -1.98865
708.861 -1.96858
710.669 -1.94842
712.477 -1.92799
714.286 -1.90733
716.094 -1.88641
717.902 -1.86525
719.711 -1.84383
721.519 -1.82224
723.327 -1.80031
725.136 -1.77821
726.944 -1.75581
728.752 -1.73315
730.561 -1.71024
732.369 -1.68711
734.177 -1.66371
735.986 -1.64003
737.794 -1.61607
739.602 -1.59185
741.41 -1.56734
743.219 -1.54256
745.027 -1.51752
746.835 -1.49217
748.644 -1.46653
750.452 -1.44069
752.26 -1.41449
754.069 -1.38798
755.877 -1.36114
757.685 -1.33404
759.494 -1.30663
761.302 -1.27888
763.11 -1.25084
764.919 -1.22251
766.727 -1.19385
768.535 -1.16481
770.344 -1.13548
772.152 -1.10583
773.96 -1.07582
775.769 -1.04549
777.577 -1.01477
779.385 -0.983723
781.193 -0.952272
783.002 -0.920454
784.81 -0.88827
786.618 -0.85569
788.427 -0.822773
790.235 -0.789438
792.043 -0.755741
793.852 -0.721646
795.66 -0.687135
797.468 -0.652237
799.277 -0.616896
801.085 -0.581105
802.893 -0.544914
804.702 -0.508275
806.51 -0.471177
808.318 -0.433636
810.127 -0.395617
811.935 -0.357142
813.743 -0.318172
815.552 -0.278703
817.36 -0.238816
819.168 -0.198312
820.977 -0.157371
822.785 -0.115881
824.593 -0.0738445
826.401 -0.0312921
828.21 0.0118603
830.018 0.0555548
831.826 0.0998281
833.635 0.14469
835.443 0.190152
837.251 0.236241
839.06 0.282942
840.868 0.330313
842.676 0.378346
844.485 0.427057
846.293 0.476394
848.101 0.526468
849.91 0.577255
851.718 0.62878
853.526 0.681001
855.335 0.73406
857.143 0.787894
858.951 0.842551
860.76 0.898025
862.568 0.954361
864.376 1.01154
866.184 1.06968
867.993 1.12867
869.801 1.1886
871.609 1.24956
873.418 1.31147
875.226 1.37443
877.034 1.43844
878.843 1.50356
880.651 1.56978
882.459 1.63716
884.268 1.70576
886.076 1.77556
887.884 1.84665
889.693 1.91905
891.501 1.9928
893.309 2.06796
895.118 2.14457
896.926 2.2227
898.734 2.30237
900.542 2.38367
902.351 2.46667
904.159 2.55142
905.967 2.63796
907.776 2.72636
909.584 2.81678
911.392 2.90922
913.201 3.00381
915.009 3.10061
916.817 3.19983
918.626 3.30143
920.434 3.4056
922.242 3.51246
924.051 3.62214
925.859 3.73478
927.667 3.85056
929.476 3.96965
931.284 4.0922
933.092 4.21845
934.901 4.3486
936.709 4.4829
938.517 4.6216
940.326 4.76501
942.134 4.91345
943.942 5.06727
945.75 5.22686
947.559 5.39266
949.367 5.56517
951.175 5.74494
952.984 5.93259
954.792 6.12886
956.6 6.33454
958.409 6.55057
960.217 6.77803
962.025 7.01821
963.834 7.27258
965.642 7.54291
967.45 7.83133
969.259 8.14042
971.067 8.47335
972.875 8.83409
974.684 9.22771
976.492 9.66077
978.3 10.142
980.109 10.6836
981.917 11.3028
983.725 12.0255
985.533 12.8934
987.342 13.9798
989.15 15.433
990.958 17.6338
992.767 22.3186
994.575 22.5922
996.383 17.7412
998.192 15.538
