0 36.5792
1.80832 78.0276
3.61664 252.757
5.42495 49.0834
7.23327 27.8514
9.04159 19.7517
10.8499 15.4507
12.6582 12.7647
14.4665 10.9167
16.2749 9.56095
18.0832 8.52006
19.8915 7.6934
21.6998 7.01956
23.5081 6.45879
25.3165 5.98423
27.1248 5.57699
28.9331 5.22342
30.7414 4.91336
32.5497 4.6391
34.358 4.39467
36.1664 4.17539
37.9747 3.97751
39.783 3.798
41.5913 3.63439
43.3996 3.48462
45.208 3.347
47.0163 3.2201
48.8246 3.10269
50.6329 2.99375
52.4412 2.89238
54.2495 2.79781
56.0579 2.70938
57.8662 2.62652
59.6745 2.54871
61.4828 2.47549
63.2911 2.40648
65.0995 2.34131
66.9078 2.27969
68.7161 2.22132
70.5244 2.16596
72.3327 2.11338
74.1411 2.06338
75.9494 2.01577
77.7577 1.97038
79.566 1.92707
81.3743 1.88567
83.1826 1.84611
84.991 1.80824
86.7993 1.77196
88.6076 1.73716
90.4159 1.70378
92.2242 1.67172
94.0325 1.64088
95.8409 1.61123
97.6492 1.58268
99.4575 1.55519
101.266 1.52869
103.074 1.50313
104.882 1.47847
106.691 1.45465
108.499 1.43163
110.307 1.40938
112.116 1.38787
113.924 1.36704
115.732 1.34688
117.541 1.32735
119.349 1.30842
121.157 1.29007
122.966 1.27226
124.774 1.255
126.582 1.23822
128.391 1.22195
130.199 1.20613
132.007 1.19075
133.816 1.17581
135.624 1.16125
137.432 1.14712
139.241 1.13335
141.049 1.11994
142.857 1.10689
144.665 1.09419
146.474 1.0818
148.282 1.06973
150.09 1.05796
151.899 1.04648
153.707 1.03528
155.515 1.02434
157.324 1.01368
159.132 1.00326
160.94 0.9931
162.749 0.983169
164.557 0.973473
166.365 0.963995
168.174 0.954725
169.982 0.945674
171.79 0.93682
173.599 0.928157
175.407 0.919693
177.215 0.911406
179.024 0.903293
180.832 0.895372
182.64 0.887597
184.448 0.879994
186.257 0.872546
188.065 0.865256
189.873 0.858115
191.682 0.851116
193.49 0.844261
195.298 0.837546
197.107 0.83096
198.915 0.82451
200.723 0.818182
202.532 0.81198
204.34 0.805902
206.148 0.799935
207.957 0.794083
209.765 0.788344
211.573 0.782706
213.382 0.777176
215.19 0.771749
216.998 0.766421
218.807 0.761198
220.615 0.756074
222.423 0.751043
224.231 0.7461
226.04 0.741254
227.848 0.73649
229.656 0.731802
231.465 0.727207
233.273 0.722695
235.081 0.718261
236.89 0.713899
238.698 0.709615
240.506 0.705407
242.315 0.70127
244.123 0.697202
245.931 0.69321
247.74 0.689293
249.548 0.685434
251.356 0.681639
253.165 0.677912
254.973 0.674247
256.781 0.670642
258.59 0.667095
260.398 0.663615
262.206 0.66019
264.014 0.65682
265.823 0.653514
267.631 0.65025
269.439 0.647045
271.248 0.643897
273.056 0.640801
274.864 0.637745
276.673 0.634751
278.481 0.631797
280.289 0.628899
282.098 0.626047
283.906 0.623239
285.714 0.620477
287.523 0.617766
289.331 0.615088
291.139 0.612454
292.948 0.609872
294.756 0.607334
296.564 0.604817
298.373 0.602366
300.181 0.599943
301.989 0.597559
303.797 0.595213
305.606 0.592909
307.414 0.590637
309.222 0.588404
311.031 0.586207
312.839 0.584043
314.647 0.581911
316.456 0.579821
318.264 0.577764
320.072 0.57574
321.881 0.573752
323.689 0.5718
325.497 0.569874
327.306 0.567983
329.114 0.56612
330.922 0.56429
332.731 0.562482
334.539 0.560709
336.347 0.55897
338.156 0.557261
339.964 0.555573
341.772 0.553923
343.58 0.552297
345.389 0.550704
347.197 0.549129
349.005 0.547584
350.814 0.546065
352.622 0.544572
354.43 0.54311
356.239 0.541672
358.047 0.540256
359.855 0.538866
361.664 0.537505
363.472 0.536165
365.28 0.534843
367.089 0.533557
368.897 0.532293
370.705 0.531048
372.514 0.529827
374.322 0.528633
376.13 0.527461
377.939 0.526304
379.747 0.525172
381.555 0.524078
383.363 0.522989
385.172 0.521918
386.98 0.520877
388.788 0.519855
390.597 0.518862
392.405 0.517876
394.213 0.516928
396.022 0.515983
397.83 0.515076
399.638 0.514175
401.447 0.513296
403.255 0.512437
405.063 0.511608
406.872 0.510782
408.68 0.509988
410.488 0.509208
412.297 0.508448
414.105 0.507709
415.913 0.506988
417.722 0.506282
419.53 0.505603
421.338 0.504937
423.146 0.5043
424.955 0.503655
426.763 0.503042
428.571 0.502464
430.38 0.50188
432.188 0.501321
433.996 0.500777
435.805 0.500276
437.613 0.499748
439.421 0.499264
441.23 0.498793
443.038 0.498343
444.846 0.49791
446.655 0.497501
448.463 0.497104
450.271 0.496709
452.08 0.49634
453.888 0.495987
455.696 0.495654
457.505 0.495332
459.313 0.495032
461.121 0.494755
462.929 0.494495
464.738 0.494242
466.546 0.494009
468.354 0.493796
470.163 0.493596
471.971 0.493408
473.779 0.493227
475.588 0.493084
477.396 0.492947
479.204 0.492826
481.013 0.492722
482.821 0.49264
484.629 0.492571
486.438 0.49251
488.246 0.492468
490.054 0.492453
491.863 0.492446
493.671 0.492452
495.479 0.492476
497.288 0.492517
499.096 0.492578
500.904 0.492649
502.712 0.49274
504.521 0.492852
506.329 0.492975
508.137 0.493108
509.946 0.493265
511.754 0.493438
513.562 0.493631
515.371 0.493826
517.179 0.494047
518.987 0.494284
520.796 0.494538
522.604 0.494801
524.412 0.495093
526.221 0.495402
528.029 0.495721
529.837 0.496052
531.646 0.496402
533.454 0.496772
535.262 0.497155
537.07 0.497552
538.879 0.497965
540.687 0.498405
542.495 0.498861
544.304 0.499333
546.112 0.499822
547.92 0.50034
549.729 0.500857
551.537 0.50139
553.345 0.501945
555.154 0.502516
556.962 0.50311
558.77 0.503713
560.579 0.504361
562.387 0.505002
564.195 0.505655
566.004 0.506348
567.812 0.507048
569.62 0.507768
571.429 0.50849
573.237 0.509271
575.045 0.510037
576.854 0.510831
578.662 0.511639
580.47 0.512475
582.279 0.51332
584.087 0.514195
585.895 0.515085
587.703 0.515996
589.512 0.516927
591.32 0.517882
593.128 0.518848
594.937 0.519844
596.745 0.520853
598.553 0.521892
600.362 0.522945
602.17 0.52402
603.978 0.525112
605.787 0.526232
607.595 0.527374
609.403 0.528533
611.212 0.529723
613.02 0.530929
614.828 0.532166
616.637 0.533411
618.445 0.534687
620.253 0.535989
622.061 0.537315
623.87 0.538657
625.678 0.540027
627.486 0.541429
629.295 0.542846
631.103 0.544288
632.911 0.545763
634.72 0.547263
636.528 0.548784
638.336 0.550333
640.145 0.551908
641.953 0.553512
643.761 0.555139
645.57 0.556799
647.378 0.558485
649.186 0.560195
650.995 0.56194
652.803 0.563709
654.611 0.565511
656.42 0.567334
658.228 0.569199
660.036 0.571087
661.844 0.573006
663.653 0.574962
665.461 0.57695
667.269 0.578971
669.078 0.581022
670.886 0.583102
672.694 0.585221
674.503 0.587368
676.311 0.589554
678.119 0.591772
679.928 0.594032
681.736 0.596325
683.544 0.598659
685.353 0.601033
687.161 0.603445
688.969 0.605879
690.778 0.608379
692.586 0.610894
694.394 0.613463
696.203 0.616069
698.011 0.61872
699.819 0.621398
701.628 0.624145
703.436 0.62692
705.244 0.629743
707.052 0.632609
708.861 0.635538
710.669 0.638496
712.477 0.641507
714.286 0.644565
716.094 0.647677
717.902 0.650841
719.711 0.654059
721.519 0.657318
723.327 0.660646
725.136 0.664017
726.944 0.66745
728.752 0.670942
730.561 0.67449
732.369 0.678093
734.177 0.681757
735.986 0.685484
737.794 0.689276
739.602 0.69313
741.41 0.697054
743.219 0.701042
745.027 0.705096
746.835 0.709223
748.644 0.713422
750.452 0.717681
752.26 0.722023
754.069 0.726444
755.877 0.730947
757.685 0.735523
759.494 0.740179
761.302 0.744923
763.11 0.749749
764.919 0.754655
766.727 0.759652
768.535 0.764749
770.344 0.769932
772.152 0.775205
773.96 0.780581
775.769 0.786051
777.577 0.791632
779.385 0.797311
781.193 0.803106
783.002 0.809011
784.81 0.815029
786.618 0.821166
788.427 0.827414
790.235 0.833789
792.043 0.840284
793.852 0.846906
795.66 0.853663
797.468 0.86055
799.277 0.867582
801.085 0.874761
802.893 0.882081
804.702 0.889554
806.51 0.897186
808.318 0.904975
810.127 0.912932
811.935 0.921056
813.743 0.929358
815.552 0.937842
817.36 0.946495
819.168 0.955364
820.977 0.964413
822.785 0.97367
824.593 0.98314
826.401 0.992821
828.21 1.00273
830.018 1.01287
831.826 1.02325
833.635 1.03388
835.443 1.04476
837.251 1.0559
839.06 1.06732
840.868 1.07902
842.676 1.09102
844.485 1.10333
846.293 1.11594
848.101 1.12888
849.91 1.14216
851.718 1.15579
853.526 1.16977
855.335 1.18415
857.143 1.19892
858.951 1.2141
860.76 1.22971
862.568 1.24576
864.376 1.26228
866.184 1.27929
867.993 1.29678
869.801 1.3148
871.609 1.33339
873.418 1.35253
875.226 1.37228
877.034 1.39266
878.843 1.4137
880.651 1.43542
882.459 1.45786
884.268 1.48107
886.076 1.50507
887.884 1.52991
889.693 1.55563
891.501 1.58227
893.309 1.60989
895.118 1.63854
896.926 1.66828
898.734 1.69917
900.542 1.73128
902.351 1.76469
904.159 1.79946
905.967 1.83568
907.776 1.87342
909.584 1.91284
911.392 1.95399
913.201 1.99701
915.009 2.04203
916.817 2.08921
918.626 2.13867
920.434 2.19059
922.242 2.24515
924.051 2.30257
925.859 2.36308
927.667 2.42692
929.476 2.49439
931.284 2.56578
933.092 2.64146
934.901 2.72183
936.709 2.80731
938.517 2.89841
940.326 2.99572
942.134 3.09988
943.942 3.21164
945.75 3.33185
947.559 3.46151
949.367 3.60178
951.175 3.754
952.984 3.91976
954.792 4.10096
956.6 4.29985
958.409 4.51915
960.217 4.76215
962.025 5.03293
963.834 5.33652
965.642 5.67925
967.45 6.06922
969.259 6.51691
971.067 7.03615
972.875 7.64556
974.684 8.37087
976.492 9.24861
978.3 10.3325
980.109 11.7048
981.917 13.4983
983.725 15.9422
985.533 19.4688
987.342 25.0024
989.15 34.938
990.958 57.9936
992.767 170.552
994.575 181.643
996.383 59.4463
998.192 35.7931
