0 0
0.02 0.99476
0.04 1.92701
0.06 2.73819
0.08 3.37731
0.1 3.80423
0.12 3.99211
0.14 3.92915
0.16 3.61931
0.18 3.08205
0.2 2.35114
0.22 1.4725
0.24 0.501333
0.26 -0.501333
0.28 -1.4725
0.3 -2.35114
0.32 -3.08205
0.34 -3.61931
0.36 -3.92915
0.38 -3.99211
0.4 -3.80423
0.42 -3.37731
0.44 -2.73819
0.46 -1.92701
0.48 -0.994759
0.5 6.99382e-07
0.52 0.994759
0.54 1.92702
0.56 2.73819
0.58 3.37731
0.6 3.80423
0.62 3.99211
0.64 3.92915
0.66 3.61931
0.68 3.08205
0.7 2.35114
0.72 1.4725
0.74 0.501333
0.76 -0.501333
0.78 -1.4725
0.8 -2.35114
0.82 -3.08205
0.84 -3.61931
0.86 -3.92915
0.88 -3.99211
0.9 -3.80423
0.92 -3.37731
0.94 -2.73819
0.96 -1.92701
0.98 -0.994759
1 1.39876e-06
1.02 0.994761
1.04 1.92701
1.06 2.73819
1.08 3.37731
1.1 3.80423
1.12 3.99211
1.14 3.92915
1.16 3.61931
1.18 3.08205
1.2 2.35114
1.22 1.4725
1.24 0.50133
1.26 -0.501336
1.28 -1.4725
1.3 -2.35114
1.32 -3.08206
1.34 -3.61931
1.36 -3.92915
1.38 -3.99211
1.4 -3.80423
1.42 -3.37731
1.44 -2.73818
1.46 -1.92701
1.48 -0.99476
1.5 1.90798e-07
1.52 0.99476
1.54 1.92702
1.56 2.73819
1.58 3.37731
1.6 3.80423
1.62 3.99211
1.64 3.92915
1.66 3.61931
1.68 3.08206
1.7 2.35114
1.72 1.47249
1.74 0.501328
1.76 -0.501338
1.78 -1.4725
1.8 -2.35114
1.82 -3.08206
1.84 -3.61931
1.86 -3.92915
1.88 -3.99211
1.9 -3.80423
1.92 -3.37731
1.94 -2.73818
1.96 -1.92701
1.98 -0.994757
2 2.79753e-06
2.02 0.994763
2.04 1.92702
2.06 2.73819
2.08 3.37731
2.1 3.80423
2.12 3.99211
2.14 3.92915
2.16 3.61931
2.18 3.08205
2.2 2.35114
2.22 1.47249
2.24 0.501333
2.26 -0.501333
2.28 -1.4725
2.3 -2.35114
2.32 -3.08205
2.34 -3.61931
2.36 -3.92915
2.38 -3.99211
2.4 -3.80422
2.42 -3.37731
2.44 -2.73819
2.46 -1.92701
2.48 -0.994755
2.5 5.40426e-06
2.52 0.994765
2.54 1.92701
2.56 2.73819
2.58 3.37732
2.6 3.80422
2.62 3.99211
2.64 3.92915
2.66 3.6193
2.68 3.08205
2.7 2.35113
2.72 1.47249
2.74 0.501323
2.76 -0.501344
2.78 -1.47249
2.8 -2.35114
2.82 -3.08205
2.84 -3.61931
2.86 -3.92915
2.88 -3.99211
2.9 -3.80422
2.92 -3.3773
2.94 -2.73818
2.96 -1.92702
2.98 -0.99476
3 3.81596e-07
3.02 0.99476
3.04 1.92702
3.06 2.73819
3.08 3.37731
3.1 3.80423
3.12 3.99211
3.14 3.92915
3.16 3.61931
3.18 3.08205
3.2 2.35114
3.22 1.47249
3.24 0.501328
3.26 -0.501339
3.28 -1.4725
3.3 -2.35115
3.32 -3.08206
3.34 -3.61931
3.36 -3.92915
3.38 -3.99211
3.4 -3.80422
3.42 -3.37731
3.44 -2.73818
3.46 -1.92701
3.48 -0.99475
3.5 1.06177e-05
3.52 0.99477
3.54 1.92701
3.56 2.73819
3.58 3.37731
3.6 3.80423
3.62 3.99211
3.64 3.92915
3.66 3.6193
3.68 3.08204
3.7 2.35113
3.72 1.4725
3.74 0.501333
3.76 -0.501334
3.78 -1.4725
3.8 -2.35114
3.82 -3.08205
3.84 -3.61931
3.86 -3.92915
3.88 -3.99211
3.9 -3.80422
3.92 -3.37731
3.94 -2.73819
3.96 -1.92701
3.98 -0.994755
4 5.59506e-06
