0 0.843854
0.0002 0.905298
0.0004 0.127098
0.0006 -0.768663
0.0008 -0.952426
0.001 -0.254956
0.0012 0.678007
0.0014 0.984437
0.0016 0.382209
0.0018 -0.572314
0.002 -0.999216
0.0022 -0.506038
0.0024 0.452519
0.0026 0.994855
0.0028 0.62333
0.003 -0.320109
0.0032 -0.969758
0.0034 -0.730738
0.0036 0.177166
0.0038 0.922756
0.004 0.82477
0.0042 -0.0263841
0.0044 -0.853221
0.0046 -0.901905
0.0048 -0.128937
0.005 0.761178
0.0052 0.958723
0.0054 0.284924
0.0056 -0.647415
0.0058 -0.992064
0.006 -0.437199
0.0062 0.51356
0.0064 0.999197
0.0066 0.580985
0.0068 -0.362153
0.007 -0.978003
0.0072 -0.711248
0.0074 0.196669
0.0076 0.927161
0.0078 0.822874
0.008 -0.021502
0.0082 -0.846318
0.0084 -0.910895
0.0086 -0.158092
0.0088 0.736251
0.009 0.970724
0.0092 0.336117
0.0094 -0.598983
0.0096 -0.99843
0.0098 -0.506016
0.01 0.437867
0.0102 0.991009
0.0104 0.660907
0.0106 -0.257597
0.0108 -0.946654
0.011 -0.793871
0.0112 0.0641579
0.0114 0.865002
0.0116 0.8983
0.0118 0.135313
0.012 -0.747328
0.0122 -0.968265
0.0124 -0.332746
0.0126 0.596693
0.0128 0.998906
0.013 0.519447
0.0132 -0.417986
0.0134 -0.986823
0.0136 -0.686488
0.0138 0.21788
0.014 0.93042
0.0142 0.825166
0.0144 -0.00467236
0.0146 -0.830202
0.0148 -0.927509
0.015 -0.212006
0.0152 0.688975
0.0154 0.986807
0.0156 0.421592
0.0158 -0.511924
0.016 -0.998134
0.0162 -0.613107
0.0164 0.306561
0.0166 0.958813
0.0168 0.775766
0.017 -0.0825059
0.0172 -0.868806
0.0174 -0.899646
0.0176 -0.148892
0.0178 0.730961
0.018 0.97638
0.0182 0.375095
0.0184 -0.551108
0.0186 -0.999815
0.0188 -0.583059
0.019 0.337949
0.0192 0.966608
0.0194 0.760023
0.0196 -0.102755
0.0198 -0.876679
0.02 -0.894364
0.0202 -0.141165
0.0204 0.733481
0.0206 0.976461
0.0208 0.379187
0.021 -0.544058
0.0212 -0.9995
0.0214 -0.596253
0.0216 0.318833
0.0218 0.96015
0.022 0.777882
0.0222 -0.0711403
0.0224 -0.859053
0.0226 -0.911217
0.0228 -0.183503
0.023 0.701049
0.0232 0.98605
0.0234 0.428355
0.0236 -0.495119
0.0238 -0.995731
0.024 -0.646576
0.0242 0.253996
0.0244 0.937878
0.0246 0.822456
0.0248 0.00653909
0.025 -0.814812
0.0252 -0.942648
0.0254 -0.268649
0.0256 0.633656
0.0258 0.997299
0.026 0.513674
0.0262 -0.406066
0.0264 -0.980998
0.0266 -0.723506
0.0268 0.147572
0.027 0.893415
0.0272 0.882015
0.0274 0.123423
0.0276 -0.739584
0.0278 -0.976406
0.028 -0.386953
0.0282 0.529751
0.0284 0.998374
0.0286 0.622989
0.0288 -0.2788
0.029 -0.944962
0.0292 -0.813036
0.0294 0.00525439
0.0296 0.819018
0.0298 0.941687
0.03 0.270079
0.0302 -0.629188
0.0304 -0.997981
0.0306 -0.525714
0.0308 0.389417
0.031 0.976466
0.0312 0.741225
0.0314 -0.117985
0.0316 -0.877818
0.0318 -0.898965
0.032 -0.163873
0.0322 0.708982
0.0324 0.985617
0.0326 0.433649
0.0328 -0.482758
0.033 -0.993423
0.0332 -0.669412
0.0334 0.216888
0.0336 0.920975
0.0338 0.851667
0.034 0.0673325
0.0342 -0.773477
0.0344 -0.96506
0.0346 -0.346777
0.0348 0.562439
0.035 0.999757
0.0352 0.598422
0.0354 -0.304811
0.0356 -0.952381
0.0358 -0.801312
0.036 0.0216194
0.0362 0.826397
0.0364 0.938376
0.0366 0.263772
0.0368 -0.6319
0.037 -0.997946
0.0372 -0.527644
0.0374 0.384823
0.0376 0.974802
0.0378 0.747949
0.038 -0.105613
0.0382 -0.870675
0.0384 -0.906225
0.0386 -0.182494
0.0388 0.694135
0.039 0.989191
0.0392 0.455463
0.0394 -0.459877
0.0396 -0.989909
0.0398 -0.69052
0.04 0.187464
0.0402 0.908377
0.0404 0.868108
0.0406 0.100353
0.0408 -0.751519
0.041 -0.973556
0.0412 -0.379597
0.0414 0.532568
0.0416 0.998311
0.0418 0.627117
0.042 -0.269895
0.0422 -0.940624
0.0424 -0.822555
0.0426 -0.0145938
0.0428 0.805645
0.043 0.950053
0.0432 0.297349
0.0434 -0.604906
0.0436 -0.999535
0.0438 -0.55519
0.044 0.355272
0.0442 0.967484
0.0444 0.767248
0.0446 -0.0774424
0.0448 -0.85713
0.045 -0.916672
0.0452 -0.205842
0.0454 0.678065
0.0456 0.991961
0.0458 0.471722
0.046 -0.445323
0.0462 -0.987799
0.0464 -0.699112
0.0466 0.178022
0.0468 0.905362
0.047 0.870383
0.0472 0.102289
0.0474 -0.752056
0.0476 -0.97271
0.0478 -0.373444
0.048 0.540761
0.0482 0.998976
0.0484 0.614457
0.0486 -0.288638
0.0488 -0.94818
0.049 -0.807161
0.0492 0.0156388
0.0494 0.825319
0.0496 0.937555
0.0498 0.257154
0.05 -0.640808
0.0502 -0.996757
0.0504 -0.509213
0.0506 0.409477
0.0508 0.981513
0.051 0.722125
0.0512 -0.149268
0.0514 -0.894232
0.0516 -0.880921
0.0518 -0.120246
0.052 0.742587
0.0522 0.975064
0.0524 0.3794
0.0526 -0.538718
0.0528 -0.999049
0.053 -0.609901
0.0532 0.298145
0.0534 0.952592
0.0536 0.796108
0.0538 -0.038482
0.054 -0.840409
0.0542 -0.926042
0.0544 -0.221932
0.0546 0.671641
0.0548 0.992064
0.055 0.465368
0.0552 -0.458989
0.0554 -0.991195
0.0556 -0.675922
0.0558 0.217646
0.056 0.925085
0.0562 0.840514
0.0564 0.0358784
0.0566 -0.799646
0.0568 -0.949628
0.057 -0.284949
0.0572 0.624422
0.0574 0.997743
0.0576 0.51392
0.0578 -0.411743
0.058 -0.983473
0.0582 -0.709098
0.0584 0.175764
0.0586 0.909403
0.0588 0.859512
0.059 0.0685603
0.0592 -0.781681
0.0594 -0.957438
0.0596 -0.306463
0.0598 0.609411
0.06 0.99867
0.0602 0.52427
0.0604 -0.403894
0.0606 -0.982545
0.0608 -0.710157
0.061 0.177805
0.0612 0.911748
0.0614 0.854727
0.0616 0.0556567
0.0618 -0.791918
0.062 -0.951394
0.0622 -0.283573
0.0624 0.631114
0.0626 0.996558
0.0628 0.494019
0.063 -0.439182
0.0632 -0.98959
0.0634 -0.676661
0.0636 0.227077
0.0638 0.932643
0.064 0.8232
0.0642 -0.00617783
0.0644 -0.830322
0.0646 -0.927659
0.0648 -0.212347
0.065 0.689248
0.0652 0.986518
0.0654 0.418108
0.0656 -0.517557
0.0658 -0.998693
0.066 -0.601962
0.0662 0.324358
0.0664 0.96539
0.0666 0.756366
0.0668 -0.119208
0.067 -0.88986
0.0672 -0.875608
0.0674 -0.0883988
0.0676 0.77706
0.0678 0.955927
0.068 0.289467
0.0682 -0.633276
0.0684 -0.995515
0.0686 -0.475877
0.0688 0.465717
0.069 0.994427
0.0692 0.640676
0.0694 -0.282105
0.0696 -0.954409
0.0698 -0.778274
0.07 0.0902928
0.0702 0.878668
0.0704 0.884563
0.0706 0.102086
0.0708 -0.771598
0.071 -0.956951
0.0712 -0.287917
0.0714 0.638484
0.0716 0.99432
0.0718 0.460841
0.072 -0.485208
0.0722 -0.996934
0.0724 -0.615437
0.0726 0.31795
0.0728 0.966287
0.073 0.747339
0.0732 -0.142931
0.0734 -0.904929
0.0736 -0.853294
0.0738 -0.0338346
0.074 0.816261
0.0742 0.931173
0.0744 0.206729
0.0746 -0.704327
0.0748 -0.979927
0.075 -0.370695
0.0752 0.573604
0.0754 0.999517
0.0756 0.521351
0.0758 -0.428805
0.076 -0.990806
0.0762 -0.65507
0.0764 0.274691
0.0766 0.955434
0.0768 0.769015
0.077 -0.115918
0.0772 -0.895685
0.0774 -0.861149
0.0776 -0.0431049
0.0778 0.814343
0.078 0.930206
0.0782 0.198323
0.0784 -0.714554
0.0786 -0.975651
0.0788 -0.346118
0.079 0.599689
0.0792 0.997609
0.0794 0.483364
0.0796 -0.473226
0.0798 -0.996793
0.08 -0.607466
0.0802 0.338636
0.0804 0.974413
0.0806 0.716364
0.0808 -0.199292
0.081 -0.93209
0.0812 -0.808536
0.0814 0.0583891
0.0816 0.871764
0.0818 0.882967
0.082 0.0811178
0.0822 -0.795611
0.0824 -0.939124
0.0826 -0.216559
0.0828 0.705958
0.083 0.976908
0.0832 0.345584
0.0834 -0.605211
0.0836 -0.996607
0.0838 -0.466176
0.084 0.495788
0.0842 0.998844
0.0844 0.576662
0.0846 -0.380067
0.0848 -0.984524
0.085 -0.675708
0.0852 0.260331
0.0854 0.954779
0.0856 0.762309
0.0858 -0.138738
0.086 -0.910917
0.0862 -0.835766
0.0864 0.0172864
0.0866 0.854376
0.0868 0.89567
0.087 0.102204
0.0872 -0.78668
0.0874 -0.941867
0.0876 -0.218105
0.0878 0.709394
0.088 0.974439
0.0882 0.328989
0.0884 -0.624097
0.0886 -0.993666
0.0888 -0.43363
0.089 0.532347
0.0892 1
0.0894 0.531
0.0896 -0.435658
0.0898 -0.994037
0.09 -0.620262
0.0902 0.335482
0.0904 0.976488
0.0906 0.700759
0.0908 -0.233189
0.091 -0.948154
0.0912 -0.772008
0.0914 0.130058
0.0916 0.909901
0.0918 0.833677
0.092 -0.0272699
0.0922 -0.862642
0.0924 -0.885578
0.0926 -0.074099
0.0928 0.807315
0.093 0.92765
0.0932 0.173079
0.0934 -0.744868
0.0936 -0.959941
0.0938 -0.268805
0.094 0.676247
0.0942 0.982597
0.0944 0.360517
0.0946 -0.602381
0.0948 -0.995849
0.095 -0.447554
0.0952 0.524177
0.0954 0.999995
0.0956 0.529351
0.0958 -0.442507
0.096 -0.995393
0.0962 -0.605433
0.0964 0.358209
0.0966 0.982445
0.0968 0.675406
0.097 -0.272076
0.0972 -0.961593
0.0974 -0.738957
0.0976 0.184861
0.0978 0.933303
0.098 0.795839
0.0982 -0.0972675
0.0984 -0.898065
0.0986 -0.845872
0.0988 0.00995628
0.099 0.856381
0.0992 0.888931
0.0994 0.0764587
0.0996 -0.808759
0.0998 -0.924942
0.1 -0.161407
0.1002 0.755714
0.1004 0.953878
0.1006 0.244362
0.1008 -0.697758
0.101 -0.975751
0.1012 -0.324835
0.1014 0.635401
0.1016 0.990607
0.1018 0.402379
0.102 -0.569148
0.1022 -0.998525
0.1024 -0.476579
0.1026 0.499497
0.1028 0.99961
0.103 0.547057
0.1032 -0.426939
0.1034 -0.99399
0.1036 -0.613462
0.1038 0.351957
0.104 0.981816
0.1042 0.675474
0.1044 -0.275025
0.1046 -0.963257
0.1048 -0.732797
0.105 0.196612
0.1052 0.938499
0.1054 0.785161
0.1056 -0.117179
0.1058 -0.907744
0.106 -0.832316
0.1062 0.0371803
0.1064 0.871211
0.1066 0.874033
0.1068 0.0429331
0.107 -0.829133
0.1072 -0.910103
0.1074 -0.122715
0.1076 0.781759
0.1078 0.940334
0.108 0.20172
0.1082 -0.729351
0.1084 -0.964553
0.1086 -0.279507
0.1088 0.672192
0.109 0.982604
0.1092 0.355633
0.1094 -0.61058
0.1096 -0.99435
0.1098 -0.429656
0.11 0.544831
0.1102 0.999671
0.1104 0.501133
0.1106 -0.475283
0.1108 -0.998468
0.111 -0.56962
0.1112 0.402295
0.1114 0.990664
0.1116 0.63467
0.1118 -0.326252
0.112 -0.976203
0.1122 -0.695838
0.1124 0.247561
0.1126 0.955056
0.1128 0.752677
0.113 -0.166658
0.1132 -0.927224
0.1134 -0.804742
0.1136 0.0840089
0.1138 0.892737
0.114 0.851591
0.1142 -0.000107332
0.1144 -0.851661
0.1146 -0.892786
0.1148 -0.0845203
0.115 0.804101
0.1152 0.927899
0.1154 0.169316
0.1156 -0.750206
0.1158 -0.956514
0.116 -0.253689
0.1162 0.69017
0.1164 0.97823
0.1166 0.337016
0.1168 -0.62424
0.117 -0.992669
0.1172 -0.418644
0.1174 0.552719
0.1176 0.999479
0.1178 0.497888
0.118 -0.47597
0.1182 -0.99834
0.1184 -0.574038
0.1186 0.39442
0.1188 0.988976
0.119 0.646358
0.1192 -0.308565
0.1194 -0.971158
0.1196 -0.714095
0.1198 0.21897
0.12 0.944711
0.1202 0.776481
0.1204 -0.126277
0.1206 -0.909531
0.1208 -0.832743
0.121 0.0312027
0.1212 0.865583
0.1214 0.882108
0.1216 0.0654615
0.1218 -0.812922
0.122 -0.923816
0.1222 -0.162847
0.1224 0.751693
0.1226 0.957129
0.1228 0.260012
0.123 -0.682146
0.1232 -0.981344
0.1234 -0.355945
0.1236 0.604643
0.1238 0.995808
0.124 0.449571
0.1242 -0.519666
0.1244 -0.999931
0.1246 -0.539759
0.1248 0.427825
0.125 0.993204
0.1252 0.625331
0.1254 -0.329863
0.1256 -0.975216
0.1258 -0.705079
0.126 0.226662
0.1262 0.945671
0.1264 0.777774
0.1266 -0.119241
0.1268 -0.904405
0.127 -0.84219
0.1272 0.00875838
0.1274 0.851408
0.1276 0.897121
0.1278 0.103492
0.128 -0.786836
0.1282 -0.941405
0.1284 -0.216091
0.1286 0.711031
0.1288 0.973951
0.129 0.327503
0.1292 -0.624534
0.1294 -0.993764
0.1296 -0.436091
0.1298 0.528099
0.13 0.999975
0.1302 0.540138
0.1304 -0.422696
0.1306 -0.991876
0.1308 -0.637871
0.131 0.309524
0.1312 0.968942
0.1314 0.727488
0.1316 -0.190006
0.1318 -0.93087
0.132 -0.807196
0.1322 0.0657821
0.1324 0.877605
0.1326 0.875244
0.1328 0.0612952
0.133 -0.809364
0.1332 -0.929968
0.1334 -0.189185
0.1336 0.726666
0.1338 0.969835
0.134 0.31568
0.1342 -0.630346
0.1344 -0.99349
0.1346 -0.438442
0.1348 0.521571
0.135 0.999805
0.1352 0.555039
0.1354 -0.401841
0.1356 -0.987928
0.1358 -0.662994
0.136 0.272996
0.1362 0.95733
0.1364 0.759842
0.1366 -0.137194
0.1368 -0.907847
0.137 -0.843188
0.1372 -0.00310536
0.1374 0.839721
0.1376 0.910774
0.1378 0.145176
0.138 -0.75363
0.1382 -0.96055
0.1384 -0.28607
0.1386 0.650712
0.1388 0.990744
0.139 0.422674
0.1392 -0.532575
0.1394 -0.999936
0.1396 -0.551779
0.1398 0.401295
0.14 0.987125
0.1402 0.670154
0.1404 -0.259404
0.1406 -0.951792
0.1408 -0.774639
0.141 0.109856
0.1412 0.893959
0.1414 0.862235
0.1416 0.0440225
0.1418 -0.814226
0.142 -0.930202
0.1422 -0.198593
0.1424 0.71381
0.1426 0.976163
0.1428 0.34999
0.143 -0.594549
0.1432 -0.998202
0.1434 -0.494215
0.1436 0.458904
0.1438 0.994951
0.144 0.627247
0.1442 -0.309925
0.1444 -0.965682
0.1446 -0.745165
0.1448 0.151205
0.145 0.910369
0.1452 0.844277
0.1454 0.0131926
0.1456 -0.829744
0.1458 -0.92125
0.146 -0.178833
0.1462 0.725324
0.1464 0.973246
0.1466 0.341025
0.1468 -0.599417
0.147 -0.998042
0.1472 -0.494953
0.1474 0.455098
0.1476 0.99415
0.1478 0.635837
0.148 -0.296156
0.1482 -0.960906
0.1484 -0.759086
0.1486 0.127012
0.1488 0.898552
0.149 0.860471
0.1492 0.0473927
0.1494 -0.808273
0.1496 -0.936289
0.1498 -0.22174
0.15 0.692219
0.1502 0.983525
0.1504 0.390497
0.1506 -0.553478
0.1508 -0.999995
0.151 -0.548098
0.1512 0.396019
0.1514 0.984465
0.1516 0.689147
0.1518 -0.224596
0.152 -0.936751
0.1522 -0.808617
0.1524 0.0446155
0.1526 0.857775
0.1528 0.902055
0.153 0.138033
0.1532 -0.749579
0.1534 -0.965769
0.1536 -0.31717
0.1538 0.61531
0.154 0.997007
0.1542 0.486545
0.1544 -0.459143
0.1546 -0.994096
0.1548 -0.640071
0.155 0.286167
0.1552 0.956549
0.1554 0.772059
0.1556 -0.102229
0.1558 -0.885135
0.156 -0.877458
0.1562 -0.0862613
0.1564 0.781894
0.1566 0.952068
0.1568 0.272565
0.157 -0.6501
0.1572 -0.992737
0.1574 -0.449861
0.1576 0.494177
0.1578 0.997516
0.158 0.611514
0.1582 -0.319561
0.1584 -0.965777
0.1586 -0.751344
0.1588 0.132509
0.159 0.898271
0.1592 0.863883
0.1594 0.0601204
0.1596 -0.79714
0.1598 -0.944614
0.16 -0.251134
0.1602 0.665862
0.1604 0.990176
0.1606 0.433282
0.1608 -0.50914
0.161 -0.998523
0.1612 -0.599553
0.1614 0.332742
0.1616 0.96904
0.1618 0.74346
0.162 -0.143281
0.1622 -0.902585
0.1624 -0.85932
0.1626 -0.0520393
0.1628 0.801486
0.163 0.942494
0.1632 0.245708
0.1634 -0.669462
0.1636 -0.989594
0.1638 -0.430214
0.164 0.511491
0.1642 0.998635
0.1644 0.598356
0.1646 -0.333613
0.1648 -0.969135
0.165 -0.743539
0.1652 0.142697
0.1654 0.902141
0.1656 0.860053
0.1658 0.0538436
0.166 -0.8002
0.1662 -0.943311
0.1664 -0.24835
0.1666 0.667255
0.1668 0.990046
0.167 0.433235
0.1672 -0.508488
0.1674 -0.998441
0.1676 -0.601296
0.1678 0.330108
0.168 0.96821
0.1682 0.746009
0.1684 -0.13909
0.1686 -0.900603
0.1688 -0.861798
0.169 -0.0571122
0.1692 0.798346
0.1694 0.944257
0.1696 0.250874
0.1698 -0.665526
0.17 -0.990325
0.1702 -0.434717
0.1704 0.507405
0.1706 0.998393
0.1708 0.601605
0.171 -0.3302
0.1712 -0.968363
0.1714 -0.745233
0.1716 0.140818
0.1718 0.901626
0.172 0.86027
0.1722 0.0534342
0.1724 -0.800985
0.1726 -0.942554
0.1728 -0.245149
0.173 0.670524
0.1732 0.989248
0.1734 0.427115
0.1736 -0.515417
0.1738 -0.998922
0.174 -0.592605
0.1742 0.341704
0.1744 0.971582
0.1746 0.735625
0.1748 -0.156031
0.175 -0.90864
0.1752 -0.851137
0.1754 -0.034623
0.1756 0.81282
0.1758 0.935233
0.176 0.223228
0.1762 -0.688023
0.1764 -0.985253
0.1766 -0.402975
0.1768 0.539142
0.177 0.999854
0.1772 0.567529
0.1774 -0.371842
0.1776 -0.97902
0.1778 -0.71126
0.178 0.192326
0.1782 0.92402
0.1784 0.829426
0.1786 -0.00708291
0.1788 -0.83732
0.179 -0.918326
0.1792 -0.177367
0.1794 0.722445
0.1796 0.975393
0.1798 0.35471
0.18 -0.583811
0.1802 -0.999249
0.1804 -0.519064
0.1806 0.42653
0.1808 0.989707
0.181 0.665172
0.1812 -0.256199
0.1814 -0.947728
0.1816 -0.788562
0.1818 0.0786791
0.182 0.875336
0.1822 0.885677
0.1824 0.100123
0.1826 -0.775504
0.1828 -0.953947
0.183 -0.274462
0.1832 0.652
0.1834 0.991842
0.1836 0.438941
0.1838 -0.509228
0.184 -0.998865
0.1842 -0.58868
0.1844 0.352041
0.1846 0.975523
0.1848 0.719452
0.185 -0.185561
0.1852 -0.923252
0.1854 -0.827786
0.1856 0.0149947
0.1858 0.844326
0.186 0.911044
0.1862 0.15454
0.1864 -0.741734
0.1866 -0.967451
0.1868 -0.318172
0.187 0.619046
0.1872 0.99611
0.1874 0.471412
0.1876 -0.480265
0.1878 -0.996974
0.188 -0.610277
0.1882 0.329683
0.1884 0.970795
0.1886 0.731373
0.1888 -0.171727
0.189 -0.919056
0.1892 -0.831963
0.1894 0.0108242
0.1896 0.843876
0.1898 0.910006
0.19 0.148732
0.1902 -0.747912
0.1904 -0.964171
0.1906 -0.302896
0.1908 0.634241
0.191 0.993827
0.1912 0.447967
0.1914 -0.506251
0.1916 -0.999012
0.1918 -0.580668
0.192 0.367521
0.1922 0.980389
0.1924 0.69821
0.1926 -0.221713
0.1928 -0.939178
0.193 -0.798327
0.1932 0.0724678
0.1934 0.877089
0.1936 0.879301
0.1938 0.0766917
0.194 -0.796239
0.1942 -0.939964
0.1944 -0.222439
0.1946 0.699065
0.1948 0.979689
0.195 0.361715
0.1952 -0.588244
0.1954 -0.99836
0.1956 -0.491782
0.1958 0.466602
0.196 0.996341
0.1962 0.610267
0.1964 -0.337041
0.1966 -0.974423
0.1968 -0.715186
0.197 0.202459
0.1972 0.933776
0.1974 0.804964
0.1976 -0.065686
0.1978 -0.875891
0.198 -0.878433
0.1982 -0.0705767
0.1984 0.802515
0.1986 0.934825
0.1988 0.203803
0.199 -0.715597
0.1992 -0.973758
0.1994 -0.331685
0.1996 0.617229
0.1998 0.99521
0.2 0.45216
0.2002 -0.509584
0.2004 -0.999488
0.2006 -0.563437
0.2008 0.394869
0.201 0.987193
0.2012 0.664005
0.2014 -0.275277
0.2016 -0.959186
0.2018 -0.752641
0.202 0.152944
0.2022 0.916542
0.2024 0.828408
0.2026 -0.0299125
0.2028 -0.860515
0.203 -0.890645
0.2032 -0.0918966
0.2034 0.792499
0.2036 0.938959
0.2038 0.21071
0.204 -0.713984
0.2042 -0.973201
0.2044 -0.324919
0.2046 0.62653
0.2048 0.993452
0.205 0.433092
0.2052 -0.531726
0.2054 -0.999999
0.2056 -0.533986
0.2058 0.431162
0.206 0.993308
0.2062 0.626544
0.2064 -0.326406
0.2066 -0.974004
0.2068 -0.7099
0.207 0.21898
0.2072 0.942843
0.2074 0.783369
0.2076 -0.110336
0.2078 -0.900691
0.208 -0.846446
0.2082 0.00184878
0.2084 0.848496
0.2086 0.898793
0.2088 0.105204
0.209 -0.787271
0.2092 -0.940227
0.2094 -0.209645
0.2096 0.718071
0.2098 0.970711
0.21 0.310411
0.2102 -0.641977
0.2104 -0.990337
0.2106 -0.406546
0.2108 0.560075
0.211 0.999317
0.2112 0.497213
0.2114 -0.473446
0.2116 -0.997961
0.2118 -0.581688
0.212 0.38315
0.2122 0.986672
0.2124 0.659356
0.2126 -0.290218
0.2128 -0.965928
0.213 -0.729714
0.2132 0.19564
0.2134 0.936269
0.2136 0.792359
0.2138 -0.100362
0.214 -0.898286
0.2142 -0.846987
0.2144 0.00527527
0.2146 0.852612
0.2148 0.893385
0.215 0.0887826
0.2152 -0.799906
0.2154 -0.931422
0.2156 -0.181034
0.2158 0.740851
0.216 0.961049
0.2162 0.27076
0.2164 -0.676141
0.2166 -0.982284
0.2168 -0.357306
0.217 0.606474
0.2172 0.99521
0.2174 0.440073
0.2176 -0.53255
0.2178 -0.999966
0.218 -0.518525
0.2182 0.45506
0.2184 0.996745
0.2186 0.592183
0.2188 -0.374684
0.219 -0.985781
0.2192 -0.660624
0.2194 0.292092
0.2196 0.967349
0.2198 0.723478
0.22 -0.207931
0.2202 -0.941757
0.2204 -0.780427
0.2206 0.122834
0.2208 0.909344
0.221 0.831202
0.2212 -0.0374097
0.2214 -0.870473
0.2216 -0.875577
0.2218 -0.0477536
0.222 0.825529
0.2222 0.913372
0.2224 0.132091
0.2226 -0.774916
0.2228 -0.944445
0.223 -0.215059
0.2232 0.719054
0.2234 0.968695
0.2236 0.29614
0.2238 -0.658375
0.224 -0.986054
0.2242 -0.374836
0.2244 0.593325
0.2246 0.996489
0.2248 0.450674
0.225 -0.524358
0.2252 -1
0.2254 -0.523201
0.2256 0.45194
0.2258 0.996615
0.226 0.591987
0.2262 -0.376543
0.2264 -0.986395
0.2266 -0.656624
0.2268 0.298648
0.227 0.969428
0.2272 0.716721
0.2274 -0.218742
0.2276 -0.945829
0.2278 -0.771914
0.228 0.137322
0.2282 0.915742
0.2284 0.821853
0.2286 -0.0548884
0.2288 -0.87934
0.229 -0.866215
0.2292 -0.0280482
0.2294 0.836822
0.2296 0.904693
0.2298 0.110972
0.23 -0.788417
0.2302 -0.937006
0.2304 -0.19336
0.2306 0.734382
0.2308 0.962894
0.231 0.274681
0.2312 -0.675007
0.2314 -0.982123
0.2316 -0.354402
0.2318 0.610612
0.232 0.994482
0.2322 0.431979
0.2324 -0.541549
0.2326 -0.999792
0.2328 -0.506866
0.233 0.468204
0.2332 0.997902
0.2334 0.578514
0.2336 -0.391
0.2338 -0.988694
0.234 -0.646371
0.2342 0.310396
0.2344 0.972087
0.2346 0.709885
0.2348 -0.226887
0.235 -0.948041
0.2352 -0.768508
0.2354 0.141008
0.2356 0.916558
0.2358 0.821697
0.236 -0.053333
0.2362 -0.877687
0.2364 -0.868918
0.2366 -0.0355258
0.2368 0.831529
0.237 0.909651
0.2372 0.124916
0.2374 -0.778242
0.2376 -0.943396
0.2378 -0.214148
0.238 0.718043
0.2382 0.969677
0.2384 0.302493
0.2386 -0.651214
0.2388 -0.988047
0.239 -0.389192
0.2392 0.578107
0.2394 0.9981
0.2396 0.47345
0.2398 -0.499147
0.24 -0.999472
0.2402 -0.554448
0.2404 0.414833
0.2406 0.991857
0.2408 0.631344
0.241 -0.325746
0.2412 -0.975009
0.2414 -0.703281
0.2416 0.232549
0.2418 0.948753
0.242 0.769393
0.2422 -0.135988
0.2424 -0.912999
0.2426 -0.828817
0.2428 0.0368908
0.243 0.867745
0.2432 0.8807
0.2434 0.06383
0.2436 -0.813093
0.2438 -0.924214
0.244 -0.165183
0.2442 0.749255
0.2444 0.958566
0.2446 0.266102
0.2448 -0.67656
0.245 -0.983017
0.2452 -0.365451
0.2454 0.595468
0.2456 0.996892
0.2458 0.462033
0.246 -0.506574
0.2462 -0.999601
0.2464 -0.554602
0.2466 0.410611
0.2468 0.990654
0.247 0.641876
0.2472 -0.30846
0.2474 -0.969681
0.2476 -0.722553
0.2478 0.201144
0.248 0.93645
0.2482 0.795327
0.2484 -0.089835
0.2486 -0.890884
0.2488 -0.858914
0.249 -0.0241578
0.2492 0.833079
0.2494 0.912071
0.2496 0.139391
0.2498 -0.76332
0.25 -0.953623
0.2502 -0.254299
0.2504 0.682096
0.2506 0.982492
0.2508 0.367212
0.251 -0.590112
0.2512 -0.997728
0.2514 -0.476374
0.2516 0.488295
0.2518 0.998532
0.252 0.579965
0.2522 -0.377804
0.2524 -0.984297
0.2526 -0.676135
0.2528 0.260026
0.253 0.95463
0.2532 0.763035
0.2534 -0.13657
0.2536 -0.909386
0.2538 -0.838851
0.254 0.00926142
0.2542 0.84869
0.2544 0.901851
0.2546 0.119881
0.2548 -0.772968
0.255 -0.950425
0.2552 -0.248666
0.2554 0.682958
0.2556 0.983133
0.2558 0.374765
0.256 -0.579728
0.2562 -0.998753
0.2564 -0.495745
0.2566 0.464681
0.2568 0.996326
0.257 0.609123
0.2572 -0.339554
0.2574 -0.975206
0.2576 -0.71241
0.2578 0.206407
0.258 0.935099
0.2582 0.803176
0.2584 -0.0675996
0.2586 -0.876104
0.2588 -0.87911
0.259 -0.0742332
0.2592 0.798742
0.2594 0.938091
0.2596 0.216229
0.2598 -0.703982
0.26 -0.978251
0.2602 -0.35535
0.2604 0.59325
0.2606 0.998048
0.2608 0.488442
0.261 -0.468435
0.2612 -0.996335
0.2614 -0.612314
0.2616 0.331871
0.2618 0.972416
0.262 0.723815
0.2622 -0.186311
0.2624 -0.926102
0.2626 -0.819928
0.2628 0.0348893
0.263 0.857761
0.2632 0.897854
0.2634 0.118943
0.2636 -0.76834
0.2638 -0.955118
0.264 -0.271489
0.2642 0.659387
0.2644 0.989653
0.2646 0.418891
0.2648 -0.53305
0.265 -0.999897
0.2652 -0.557237
0.2654 0.392051
0.2656 0.984867
0.2658 0.682667
0.266 -0.239653
0.2662 -0.944233
0.2664 -0.791495
0.2666 0.0795869
0.2668 0.878365
0.267 0.880332
0.2672 0.0840212
0.2674 -0.788374
0.2676 -0.946207
0.2678 -0.24676
0.268 0.676117
0.2682 0.986689
0.2684 0.40405
0.2686 -0.544186
0.2688 -0.999991
0.269 -0.551283
0.2692 0.395869
0.2694 0.985071
0.2696 0.683963
0.2698 -0.235082
0.27 -0.941699
0.2702 -0.797863
0.2704 0.0662748
0.2706 0.870518
0.2708 0.889178
0.271 0.105686
0.2712 -0.773056
0.2714 -0.95467
0.2716 -0.275661
0.2718 0.651732
0.272 0.991808
0.2722 0.438397
0.2724 -0.509805
0.2726 -0.998887
0.2728 -0.588699
0.273 0.351308
0.2732 0.975122
0.2734 0.721617
0.2736 -0.18094
0.2738 -0.920715
0.274 -0.832622
0.2742 0.00392832
0.2744 0.83689
0.2746 0.917786
0.2748 0.174131
0.275 -0.725888
0.2752 -0.973944
0.2754 -0.347461
0.2756 0.590922
0.2758 0.99883
0.276 0.510302
0.2762 -0.436101
0.2764 -0.991192
0.2766 -0.657118
0.2768 0.266307
0.277 0.950869
0.2772 0.782811
0.2774 -0.087039
0.2776 -0.878826
0.2778 -0.882908
0.278 -0.0957646
0.2782 0.777154
0.2784 0.953753
0.2786 0.275938
0.2788 -0.649017
0.279 -0.992653
0.2792 -0.447309
0.2794 0.498561
0.2796 0.998003
0.2798 0.603926
0.28 -0.33078
0.2802 -0.969366
0.2804 -0.740286
0.2806 0.151345
0.2808 0.907509
0.281 0.851545
0.2812 0.033598
0.2814 -0.814395
0.2816 -0.933712
0.2818 -0.21765
0.282 0.693121
0.2822 0.983806
0.2824 0.394397
0.2826 -0.547815
0.2828 -0.999983
0.283 -0.557654
0.2832 0.38349
0.2834 0.981605
0.2836 0.701698
0.2838 -0.205859
0.284 -0.929281
0.2842 -0.821483
0.2844 0.0211232
0.2846 0.844839
0.2848 0.912836
0.285 0.164263
0.2852 -0.731262
0.2854 -0.972613
0.2856 -0.343836
0.2858 0.592571
0.286 0.998813
0.2862 0.511364
0.2864 -0.433671
0.2866 -0.990648
0.2868 -0.661081
0.287 0.260158
0.2872 0.948565
0.2874 0.7879
0.2876 -0.0781053
0.2878 -0.874212
0.288 -0.887598
0.2882 -0.10617
0.2884 0.770369
0.2886 0.956955
0.2888 0.286345
0.289 -0.640821
0.2892 -0.993866
0.2894 -0.456328
0.2896 0.490204
0.2898 0.997394
0.29 0.610478
0.2902 -0.323814
0.2904 -0.967781
0.2906 -0.743801
0.2908 0.147401
0.291 0.906412
0.2912 0.852118
0.2914 0.0330532
0.2916 -0.815735
0.2918 -0.932196
0.292 -0.21156
0.2922 0.699144
0.2924 0.981837
0.2926 0.382336
0.2928 -0.560825
0.293 -0.999923
0.2932 -0.54001
0.2934 0.405581
0.2936 0.986419
0.2938 0.67979
0.294 -0.238642
0.2942 -0.942336
0.2944 -0.797619
0.2946 0.0654635
0.2948 0.869653
0.295 0.890282
0.2952 0.108475
0.2954 -0.771206
0.2956 -0.955481
0.2958 -0.277856
0.296 0.650558
0.2962 0.991875
0.2964 0.4377
0.2966 -0.511836
0.2968 -0.999078
0.297 -0.58352
0.2972 0.359569
0.2974 0.977621
0.2976 0.711439
0.2978 -0.198514
0.298 -0.928891
0.2982 -0.818295
0.2984 0.0334874
0.2986 0.855032
0.2988 0.901694
0.299 0.130797
0.2992 -0.758834
0.2994 -0.960051
0.2996 -0.289873
0.2998 0.643602
0.3 0.99258
0.3002 0.439648
0.3004 -0.51302
0.3006 -0.999279
0.3008 -0.576507
0.301 0.37101
0.3012 0.980865
0.3014 0.697394
0.3016 -0.221591
0.3018 -0.938711
0.302 -0.799865
0.3022 0.0687552
0.3024 0.87475
0.3026 0.882114
0.3028 0.0836567
0.303 -0.791377
0.3032 -0.942983
0.3034 -0.232053
0.3036 0.691344
0.3038 0.981941
0.304 0.37318
0.3042 -0.577647
0.3044 -0.999051
0.3046 -0.504185
0.3048 0.45342
0.305 0.994914
0.3052 0.622666
0.3054 -0.321838
0.3056 -0.970609
0.3058 -0.726697
0.306 0.186018
0.3062 0.927619
0.3064 0.814842
0.3066 -0.0489444
0.3068 -0.867751
0.307 -0.886146
0.3072 -0.0866037
0.3074 0.79306
0.3076 0.940115
0.3078 0.218106
0.308 -0.705767
0.3082 -0.976683
0.3084 -0.343341
0.3086 0.608184
0.3088 0.996174
0.309 0.460415
0.3092 -0.502646
0.3094 -0.99925
0.3096 -0.567778
0.3098 0.391452
0.31 0.986862
0.3102 0.664223
0.3104 -0.276803
0.3106 -0.960192
0.3108 -0.748881
0.311 0.160765
0.3112 0.9206
0.3114 0.821206
0.3116 -0.0452329
0.3118 -0.86957
0.312 -0.880949
0.3122 -0.0680989
0.3124 0.808664
0.3126 0.928134
0.3128 0.177751
0.313 -0.739473
0.3132 -0.963021
0.3134 -0.282468
0.3136 0.663576
0.3138 0.986076
0.314 0.381223
0.3142 -0.58251
0.3144 -0.997935
0.3146 -0.47321
0.3148 0.497736
0.315 0.999368
0.3152 0.557836
0.3154 -0.410622
0.3156 -0.991246
0.3158 -0.634708
0.316 0.322419
0.3162 0.974512
0.3164 0.703615
0.3166 -0.234254
0.3168 -0.950149
0.317 -0.76451
0.3172 0.147121
0.3174 0.919157
0.3176 0.81749
0.3178 -0.0618798
0.318 -0.882532
0.3182 -0.862774
0.3184 -0.0207464
0.3186 0.841243
0.3188 0.900685
0.319 0.100163
0.3192 -0.796222
0.3194 -0.931628
0.3196 -0.175901
0.3198 0.748348
0.32 0.95607
0.3202 0.247606
0.3204 -0.698441
0.3206 -0.974527
0.3208 -0.315029
0.321 0.647253
0.3212 0.987546
0.3214 0.378017
0.3216 -0.595468
0.3218 -0.995688
0.322 -0.4365
0.3222 0.543696
0.3224 0.999522
0.3226 0.490482
0.3228 -0.492478
0.323 -0.99961
0.3232 -0.540027
0.3234 0.442284
0.3236 0.9965
0.3238 0.585251
0.324 -0.39352
0.3242 -0.990719
0.3244 -0.62631
0.3246 0.346527
0.3248 0.982768
0.325 0.663393
0.3252 -0.301591
0.3254 -0.973119
0.3256 -0.696708
0.3258 0.258944
0.326 0.962208
0.3262 0.726483
0.3264 -0.218771
0.3266 -0.950437
0.3268 -0.752951
0.327 0.181215
0.3272 0.938173
0.3274 0.776348
0.3276 -0.146382
0.3278 -0.925746
0.328 -0.796909
0.3282 0.114347
0.3284 0.913452
0.3286 0.814859
0.3288 -0.0851589
0.329 -0.90155
0.3292 -0.830415
0.3294 0.0588421
0.3296 0.890266
0.3298 0.84378
0.33 -0.035404
0.3302 -0.879795
0.3304 -0.85514
0.3306 0.0148369
0.3308 0.870301
0.331 0.864667
0.3312 0.00287856
0.3314 -0.861919
0.3316 -0.87251
0.3318 -0.0177708
0.332 0.854757
0.3322 0.878803
0.3324 0.0298748
0.3326 -0.848897
0.3328 -0.883658
0.333 -0.0392305
0.3332 0.844398
0.3334 0.887169
0.3336 0.0458809
0.3338 -0.841296
0.334 -0.889409
0.3342 -0.0498716
0.3344 0.839606
0.3346 0.890434
0.3348 0.0512497
0.335 -0.839324
0.3352 -0.89028
0.3354 -0.0500634
0.3356 0.840427
0.3358 0.888969
0.336 0.0463619
0.3362 -0.842876
0.3364 -0.886503
0.3366 -0.0401958
0.3368 0.846612
0.337 0.882873
0.3372 0.0316172
0.3374 -0.851565
0.3376 -0.878056
0.3378 -0.0206801
0.338 0.857647
0.3382 0.872015
0.3384 0.00744167
0.3386 -0.864759
0.3388 -0.864706
0.339 0.00803757
0.3392 0.872786
0.3394 0.856075
0.3396 -0.0256924
0.3398 -0.881605
0.34 -0.846061
0.3402 0.0454523
0.3404 0.891078
0.3406 0.834599
0.3408 -0.0672402
0.341 -0.90106
0.3412 -0.821623
0.3414 0.0909717
0.3416 0.911394
0.3418 0.807063
0.342 -0.116554
0.3422 -0.921919
0.3424 -0.790852
0.3426 0.143886
0.3428 0.932463
0.343 0.772927
0.3432 -0.172857
0.3434 -0.942852
0.3436 -0.753229
0.3438 0.203344
0.344 0.952907
0.3442 0.731706
0.3444 -0.235218
0.3446 -0.962447
0.3448 -0.708315
0.345 0.268334
0.3452 0.971291
0.3454 0.683026
0.3456 -0.302541
0.3458 -0.979258
0.346 -0.655817
0.3462 0.337676
0.3464 0.986172
0.3466 0.626682
0.3468 -0.373567
0.347 -0.991862
0.3472 -0.595632
0.3474 0.410033
0.3476 0.996163
0.3478 0.56269
0.348 -0.446886
0.3482 -0.99892
0.3484 -0.527898
0.3486 0.483931
0.3488 0.999991
0.349 0.491314
0.3492 -0.520968
0.3494 -0.999245
0.3496 -0.453016
0.3498 0.557795
0.35 0.996566
0.3502 0.413097
0.3504 -0.594209
0.3506 -0.991857
0.3508 -0.371667
0.351 0.630007
0.3512 0.985038
0.3514 0.328853
0.3516 -0.66499
0.3518 -0.976047
0.352 -0.284798
0.3522 0.698963
0.3524 0.964845
0.3526 0.239657
0.3528 -0.73174
0.353 -0.951414
0.3532 -0.193601
0.3534 0.763145
0.3536 0.935756
0.3538 0.146809
0.354 -0.793013
0.3542 -0.917899
0.3544 -0.0994682
0.3546 0.821194
0.3548 0.897888
0.355 0.0517753
0.3552 -0.847552
0.3554 -0.875796
0.3556 -0.00392938
0.3558 0.871972
0.356 0.85171
0.3562 -0.0438681
0.3564 -0.894355
0.3566 -0.825743
0.3568 0.0914159
0.357 0.914625
0.3572 0.798024
0.3574 -0.138516
0.3576 -0.932725
0.3578 -0.768698
0.358 0.184975
0.3582 0.948621
0.3584 0.737927
0.3586 -0.230608
0.3588 -0.962301
0.359 -0.705887
0.3592 0.275238
0.3594 0.973777
0.3596 0.672764
0.3598 -0.318701
0.36 -0.98308
0.3602 -0.638754
0.3604 0.360846
0.3606 0.990264
0.3608 0.604058
0.361 -0.401535
0.3612 -0.995402
0.3614 -0.568885
0.3616 0.440646
0.3618 0.99859
0.362 0.533445
0.3622 -0.478076
0.3624 -0.999936
0.3626 -0.497946
0.3628 0.513736
0.363 0.999569
0.3632 0.462599
0.3634 -0.547556
0.3636 -0.997629
0.3638 -0.427608
0.364 0.579481
0.3642 0.994272
0.3644 0.393172
0.3646 -0.609476
0.3648 -0.989661
0.365 -0.359487
0.3652 0.637518
0.3654 0.983969
0.3656 0.326738
0.3658 -0.663602
0.366 -0.977375
0.3662 -0.295101
0.3664 0.687736
0.3666 0.970063
0.3668 0.264746
0.367 -0.709939
0.3672 -0.962216
0.3674 -0.235831
0.3676 0.730241
0.3678 0.954021
0.368 0.208505
0.3682 -0.748682
0.3684 -0.945661
0.3686 -0.182905
0.3688 0.765307
0.369 0.937315
0.3692 0.159161
0.3694 -0.780165
0.3696 -0.929157
0.3698 -0.137393
0.37 0.793311
0.3702 0.921355
0.3704 0.117712
0.3706 -0.804796
0.3708 -0.914066
0.371 -0.100221
0.3712 0.81467
0.3714 0.907437
0.3716 0.0850174
0.3718 -0.82298
0.372 -0.901606
0.3722 -0.0721904
0.3724 0.829765
0.3726 0.896695
0.3728 0.061825
0.373 -0.835055
0.3732 -0.892812
0.3734 -0.0540011
0.3736 0.838869
0.3738 0.890049
0.374 0.048795
0.3742 -0.841214
0.3744 -0.888483
0.3746 -0.0462797
0.3748 0.842081
0.375 0.88817
0.3752 0.046525
0.3754 -0.841443
0.3756 -0.889144
0.3758 -0.0495981
0.376 0.839256
0.3762 0.891422
0.3764 0.0555632
0.3766 -0.835455
0.3768 -0.894992
0.377 -0.0644809
0.3772 0.829954
0.3774 0.899819
0.3776 0.0764074
0.3778 -0.822645
0.378 -0.90584
0.3782 -0.091393
0.3784 0.813397
0.3786 0.912962
0.3788 0.10948
0.379 -0.802056
0.3792 -0.921058
0.3794 -0.130701
0.3796 0.788445
0.3798 0.929969
0.38 0.155075
0.3802 -0.772363
0.3804 -0.939494
0.3806 -0.182603
0.3808 0.753593
0.381 0.949397
0.3812 0.213266
0.3814 -0.731896
0.3816 -0.959397
0.3818 -0.247017
0.382 0.707017
0.3822 0.969168
0.3824 0.283778
0.3826 -0.678693
0.3828 -0.97834
0.383 -0.323431
0.3832 0.646653
0.3834 0.986494
0.3836 0.365812
0.3838 -0.610625
0.384 -0.993162
0.3842 -0.410706
0.3844 0.570347
0.3846 0.99783
0.3848 0.457835
0.385 -0.525572
0.3852 -0.999938
0.3854 -0.506853
0.3856 0.476083
0.3858 0.998882
0.386 0.557338
0.3862 -0.421698
0.3864 -0.994022
0.3866 -0.608783
0.3868 0.362293
0.387 0.984686
0.3872 0.660592
0.3874 -0.29781
0.3876 -0.970183
0.3878 -0.712071
0.388 0.228273
0.3882 0.949811
0.3884 0.762428
0.3886 -0.153812
0.3888 -0.922877
0.389 -0.810773
0.3892 0.0746717
0.3894 0.888712
0.3896 0.856113
0.3898 0.00876392
0.39 -0.846697
0.3902 -0.897365
0.3904 -0.0959575
0.3906 0.796282
0.3908 0.933362
0.391 0.186201
0.3912 -0.737019
0.3914 -0.962867
0.3916 -0.278605
0.3918 0.668594
0.392 0.984596
0.3922 0.372083
0.3924 -0.590853
0.3926 -0.997244
0.3928 -0.465351
0.393 0.503847
0.3932 0.999516
0.3934 0.556927
0.3936 -0.407857
0.3938 -0.990169
0.394 -0.645137
0.3942 0.303435
0.3944 0.968058
0.3946 0.72813
0.3948 -0.191432
0.395 -0.932185
0.3952 -0.803909
0.3954 0.073021
0.3956 0.881761
0.3958 0.870364
0.396 0.0502775
0.3962 -0.816266
0.3964 -0.925323
0.3966 -0.176591
0.3968 0.735508
0.397 0.966612
0.3972 0.303698
0.3974 -0.639691
0.3976 -0.99213
0.3978 -0.429039
0.398 0.529467
0.3982 0.99993
0.3984 0.54976
0.3986 -0.405994
0.3988 -0.988317
0.399 -0.662757
0.3992 0.270967
0.3994 0.955948
0.3996 0.764752
0.3998 -0.126651
0.4 -0.901935
0.4002 -0.85239
0.4004 -0.0241211
0.4006 0.825948
0.4008 0.922347
0.401 0.177967
0.4012 -0.728319
0.4014 -0.971468
0.4016 -0.331004
0.4018 0.610118
0.402 0.996913
0.4022 0.478926
0.4024 -0.473226
0.4026 -0.996316
0.4028 -0.617117
0.403 0.320371
0.4032 0.967947
0.4034 0.740798
0.4036 -0.155135
0.4038 -0.910875
0.404 -0.845203
0.4042 -0.0180782
0.4044 0.825114
0.4046 0.925778
0.4048 0.194126
0.405 -0.711744
0.4052 -0.978415
0.4054 -0.36725
0.4056 0.573008
0.4058 0.999682
0.406 0.531259
0.4062 -0.412348
0.4064 -0.987065
0.4066 -0.67975
0.4068 0.234405
0.407 0.939194
0.4072 0.80638
0.4074 -0.0449369
0.4076 -0.856038
0.4078 -0.905171
0.408 -0.149318
0.4082 0.739064
0.4084 0.970837
0.4086 0.340856
0.4088 -0.591327
0.409 -0.999114
0.4092 -0.521696
0.4094 0.417494
0.4096 0.987081
0.4098 0.683721
0.41 -0.223778
0.4102 -0.933446
0.4104 -0.819076
0.4106 0.0177737
0.4108 0.838775
0.411 0.920603
0.4112 0.191796
0.4114 -0.705641
0.4116 -0.982278
0.4118 -0.395438
0.412 0.538672
0.4122 0.99964
0.4124 0.583325
0.4126 -0.344493
0.4128 -0.970168
0.413 -0.745801
0.4132 0.131529
0.4134 0.893588
0.4136 0.873932
0.4138 0.0903059
0.414 -0.772075
0.4142 -0.960066
0.4144 -0.310054
0.4146 0.610323
0.4148 0.998369
0.415 0.516259
0.4152 -0.415467
0.4154 -0.985302
0.4156 -0.697594
0.4158 0.196846
0.416 0.919995
0.4162 0.843541
0.4164 0.0343957
0.4166 -0.80448
0.4168 -0.945076
0.417 -0.265857
0.4172 0.643767
0.4174 0.99531
0.4176 0.484552
0.4178 -0.445723
0.418 -0.990048
0.4182 -0.677674
0.4184 0.22076
0.4186 0.928211
0.4188 0.833406
0.419 0.0186691
0.4192 -0.812077
0.4194 -0.941721
0.4196 -0.258749
0.4198 0.647324
0.42 0.995115
0.4202 0.485112
0.4204 -0.44283
0.4206 -0.989218
0.4208 -0.683742
0.421 0.210263
0.4212 0.923228
0.4214 0.841904
0.4216 0.0365642
0.4218 -0.800123
0.422 -0.94904
0.4222 -0.282509
0.4224 0.626621
0.4226 0.997559
0.4228 0.512057
0.423 -0.412882
0.4232 -0.983462
0.4234 -0.710346
0.4236 0.17195
0.4238 0.906738
0.424 0.8642
0.4242 0.081035
0.4244 -0.7715
0.4246 -0.963073
0.4248 -0.329801
0.425 0.585828
0.4252 0.999856
0.4254 0.558027
0.4256 -0.361328
0.4258 -0.971457
0.426 -0.750472
0.4262 0.112419
0.4264 0.879118
0.4266 0.894052
0.4268 0.144603
0.427 -0.728421
0.4272 -0.9788
0.4274 -0.392663
0.4276 0.528987
0.4278 0.998621
0.428 0.615084
0.4282 -0.293872
0.4284 -0.951782
0.4286 -0.796765
0.4288 0.0387009
0.429 0.841096
0.4292 0.925262
0.4294 0.219396
0.4296 -0.673775
0.4298 -0.991693
0.43 -0.462979
0.4302 0.460967
0.4304 0.991394
0.4306 0.675522
0.4308 -0.216993
0.431 -0.924275
0.4312 -0.842583
0.4314 -0.0416489
0.4316 0.794841
0.4318 0.952832
0.432 0.297436
0.4322 -0.61188
0.4324 -0.998843
0.4326 -0.533061
0.4328 0.387846
0.433 0.977619
0.4332 0.732642
0.4334 -0.137965
0.4336 -0.890775
0.4338 -0.882834
0.434 -0.120841
0.4342 0.744401
0.4344 0.973742
0.4346 0.371152
0.4348 -0.548599
0.435 -0.999576
0.4352 -0.596269
0.4354 0.316734
0.4356 0.959009
0.4358 0.781357
0.436 -0.0644663
0.4362 -0.855201
0.4364 -0.914448
0.4366 -0.191358
0.4368 0.695517
0.437 0.987208
0.4372 0.433887
0.4374 -0.490939
0.4376 -0.995438
0.4378 -0.647407
0.438 0.255249
0.4382 0.939271
0.4384 0.818381
0.4386 -0.0040347
0.4388 -0.823059
0.439 -0.936304
0.4392 -0.246401
0.4394 0.654977
0.4396 0.994323
0.4398 0.480139
0.44 -0.44637
0.4402 -0.989587
0.4404 -0.682686
0.4406 0.210915
0.4408 0.923307
0.441 0.841874
0.4412 0.036343
0.4414 -0.800543
0.4416 -0.948568
0.4418 -0.280013
0.442 0.629748
0.4422 0.997141
0.4424 0.505348
0.4426 -0.4221
0.4428 -0.985701
0.443 -0.699153
0.4432 0.190692
0.4434 0.916054
0.4436 0.850543
0.4438 0.05036
0.444 -0.793442
0.4442 -0.951517
0.4444 -0.28683
0.4446 0.626064
0.4448 0.997314
0.445 0.505249
0.4452 -0.424445
0.4454 -0.986546
0.4456 -0.693676
0.4458 0.200697
0.446 0.921114
0.4462 0.842323
0.4464 0.0322735
0.4466 -0.805928
0.4468 -0.944018
0.447 -0.261558
0.4472 0.648461
0.4474 0.994472
0.4476 0.474981
0.4478 -0.458185
0.448 -0.992357
0.4482 -0.661742
0.4484 0.245921
0.4486 0.93921
0.4488 0.812934
0.449 -0.0231684
0.4492 -0.839174
0.4494 -0.921912
0.4496 -0.198564
0.4498 0.698612
0.45 0.984505
0.4502 0.408371
0.4504 -0.525629
0.4506 -0.999077
0.4508 -0.596479
0.451 0.32953
0.4512 0.966438
0.4514 0.754677
0.4516 -0.120264
0.4518 -0.889635
0.452 -0.876617
0.4522 -0.0921186
0.4524 0.773639
0.4526 0.957998
0.4528 0.297972
0.453 -0.624962
0.4532 -0.996622
0.4534 -0.48849
0.4536 0.451231
0.4538 0.992339
0.454 0.656058
0.4542 -0.260734
0.4544 -0.946895
0.4546 -0.794514
0.4548 0.0619945
0.455 0.863702
0.4552 0.899312
0.4554 0.136638
0.4556 -0.747545
0.4558 -0.967591
0.456 -0.327342
0.4562 0.604258
0.4564 0.998161
0.4566 0.503119
0.4568 -0.440385
0.457 -0.991401
0.4572 -0.658019
0.4574 0.262839
0.4576 0.949117
0.4578 0.787294
0.458 -0.0785845
0.4582 -0.874328
0.4584 -0.887481
0.4586 -0.105647
0.4588 0.77104
0.459 0.956422
0.4592 0.283601
0.4594 -0.643995
0.4596 -0.993223
0.4598 -0.449697
0.46 0.49842
0.4602 0.99817
0.4604 0.599171
0.4606 -0.339782
0.4608 -0.972597
0.461 -0.728174
0.4612 0.173567
0.4614 0.918738
0.4616 0.833813
0.4618 -0.00508023
0.462 -0.839553
0.4622 -0.914162
0.4624 -0.160718
0.4626 0.738552
0.4628 0.968221
0.463 0.319345
0.4632 -0.61962
0.4634 -0.995855
0.4636 -0.466898
0.4638 0.486849
0.464 0.997706
0.4642 0.600111
0.4644 -0.344379
0.4646 -0.975087
0.4648 -0.716395
0.465 0.196272
0.4652 0.929867
0.4654 0.813839
0.4656 -0.0463883
0.4658 -0.86435
0.466 -0.891192
0.4662 -0.101703
0.4664 0.781163
0.4666 0.947826
0.4668 0.244792
0.467 -0.683137
0.4672 -0.983678
0.4674 -0.380084
0.4676 0.573207
0.4678 0.999191
0.468 0.505219
0.4682 -0.454317
0.4684 -0.995237
0.4686 -0.618292
0.4688 0.329344
0.469 0.973047
0.4692 0.717844
0.4694 -0.201025
0.4696 -0.934131
0.4698 -0.802847
0.47 0.0719091
0.4702 0.880209
0.4704 0.872674
0.4706 0.0556831
0.4708 -0.813143
0.471 -0.927069
0.4712 -0.179689
0.4714 0.73487
0.4716 0.9661
0.4718 0.298318
0.472 -0.647355
0.4722 -0.990126
0.4724 -0.410061
0.4726 0.552534
0.4728 0.99974
0.473 0.513684
0.4732 -0.452282
0.4734 -0.995735
0.4736 -0.608221
0.4738 0.348376
0.474 0.979057
0.4742 0.692963
0.4744 -0.242473
0.4746 -0.950766
0.4748 -0.767434
0.475 0.13609
0.4752 0.911999
0.4754 0.83137
0.4756 -0.030593
0.4758 -0.863937
0.476 -0.8847
0.4762 -0.0728095
0.4764 0.807776
0.4766 0.927518
0.4768 0.173068
0.477 -0.744703
0.4772 -0.960058
0.4774 -0.26929
0.4776 0.675877
0.4778 0.982673
0.478 0.360733
0.4782 -0.602409
0.4784 -0.995813
0.4786 -0.446802
0.4788 0.525351
0.479 0.999999
0.4792 0.527032
0.4794 -0.445684
0.4796 -0.99581
0.4798 -0.601082
0.48 0.364317
0.4802 0.98386
0.4804 0.668722
0.4806 -0.282077
0.4808 -0.964787
0.481 -0.729822
0.4812 0.199709
0.4814 0.939238
0.4816 0.784337
0.4818 -0.117878
0.482 -0.907858
0.4822 -0.832298
0.4824 0.0371689
0.4826 0.871279
0.4828 0.873798
0.483 0.04191
0.4832 -0.830116
0.4834 -0.908984
0.4836 -0.118923
0.4838 0.784956
0.484 0.938045
0.4842 0.193502
0.4844 -0.736358
0.4846 -0.961203
0.4848 -0.265343
0.485 0.684848
0.4852 0.978707
0.4854 0.334198
0.4856 -0.630914
0.4858 -0.990822
0.486 -0.399872
0.4862 0.575011
0.4864 0.997824
0.4866 0.462216
0.4868 -0.517554
0.487 -0.999998
0.4872 -0.521122
0.4874 0.458924
0.4876 0.997627
0.4878 0.576517
0.488 -0.399466
0.4882 -0.990992
0.4884 -0.62836
0.4886 0.339488
0.4888 0.980369
0.489 0.676635
0.4892 -0.27927
0.4894 -0.966024
0.4896 -0.721346
0.4898 0.219058
0.49 0.948213
0.4902 0.762519
0.4904 -0.159071
0.4906 -0.927179
0.4908 -0.80019
0.491 0.0995022
0.4912 0.90315
0.4914 0.834406
0.4916 -0.0405213
0.4918 -0.876343
0.492 -0.865224
0.4922 -0.0177236
0.4924 0.846958
0.4926 0.892702
0.4928 0.0751027
0.493 -0.815181
0.4932 -0.916905
0.4934 -0.131503
0.4936 0.781184
0.4938 0.937896
0.494 0.186825
0.4942 -0.745125
0.4944 -0.955737
0.4946 -0.240982
0.4948 0.707149
0.495 0.970487
0.4952 0.293895
0.4954 -0.667388
0.4956 -0.982204
0.4958 -0.345496
0.496 0.625961
0.4962 0.990937
0.4964 0.395719
0.4966 -0.582981
0.4968 -0.996732
0.497 -0.444504
0.4972 0.538547
0.4974 0.999628
0.4976 0.491792
0.4978 -0.492753
0.498 -0.999659
0.4982 -0.537527
0.4984 0.445684
0.4986 0.996849
0.4988 0.581648
0.499 -0.397421
0.4992 -0.991217
0.4994 -0.624094
0.4996 0.348042
0.4998 0.982776
0.5 0.664801
0.5002 -0.29762
0.5004 -0.971531
0.5006 -0.703697
0.5008 0.246229
0.501 0.957481
0.5012 0.740707
0.5014 -0.193943
0.5016 -0.94062
0.5018 -0.775748
0.502 0.140838
0.5022 0.920937
0.5024 0.808727
0.5026 -0.0869941
0.5028 -0.898416
0.503 -0.839545
0.5032 0.0324972
0.5034 0.873039
0.5036 0.868094
0.5038 0.0225599
0.504 -0.844787
0.5042 -0.894253
0.5044 -0.0780753
0.5046 0.813638
0.5048 0.917894
0.505 0.133937
0.5052 -0.779574
0.5054 -0.938878
0.5056 -0.190019
0.5058 0.742579
0.506 0.957055
0.5062 0.246184
0.5064 -0.702639
0.5066 -0.972268
0.5068 -0.302276
0.507 0.659752
0.5072 0.984347
0.5074 0.358123
0.5076 -0.613921
0.5078 -0.993117
0.508 -0.413535
0.5082 0.565161
0.5084 0.998394
0.5086 0.468301
0.5088 -0.513505
0.509 -0.999987
0.5092 -0.522187
0.5094 0.458998
0.5096 0.997704
0.5098 0.574939
0.51 -0.401709
0.5102 -0.991349
0.5104 -0.626278
0.5106 0.341728
0.5108 0.980727
0.511 0.675901
0.5112 -0.279175
0.5114 -0.965646
0.5116 -0.723482
0.5118 0.214195
0.512 0.945922
0.5122 0.768669
0.5124 -0.146971
0.5126 -0.921381
0.5128 -0.811089
0.513 0.0777204
0.5132 0.891866
0.5134 0.850345
0.5136 -0.00670086
0.5138 -0.857238
0.514 -0.886021
0.5142 -0.0657865
0.5144 0.817386
0.5146 0.917683
0.5148 0.139395
0.515 -0.772227
0.5152 -0.944883
0.5154 -0.213728
0.5156 0.721719
0.5158 0.967161
0.516 0.288341
0.5162 -0.665861
0.5164 -0.984055
0.5166 -0.362736
0.5168 0.604706
0.517 0.995102
0.5172 0.436363
0.5174 -0.538361
0.5176 -0.999846
0.5178 -0.508618
0.518 0.467002
0.5182 0.997848
0.5184 0.578851
0.5186 -0.390873
0.5188 -0.988694
0.519 -0.646359
0.5192 0.310299
0.5194 0.972005
0.5196 0.710397
0.5198 -0.225689
0.52 -0.947447
0.5202 -0.770181
0.5204 0.137541
0.5206 0.914746
0.5208 0.824897
0.521 -0.04645
0.5212 -0.873695
0.5214 -0.873708
0.5216 -0.0468935
0.5218 0.824174
0.522 0.915765
0.5222 0.141698
0.5224 -0.766158
0.5226 -0.950221
0.5228 -0.237074
0.523 0.699734
0.5232 0.976247
0.5234 0.332033
0.5236 -0.62511
0.5238 -0.993047
0.524 -0.425497
0.5242 0.542632
0.5244 0.999878
0.5246 0.516301
0.5248 -0.452792
0.525 -0.996069
0.5252 -0.603209
0.5254 0.35624
0.5256 0.981044
0.5258 0.684924
0.526 -0.253788
0.5262 -0.954347
0.5264 -0.760108
0.5266 0.146418
0.5268 0.915661
0.527 0.827402
0.5272 -0.0352813
0.5274 -0.864834
0.5276 -0.885453
0.5278 -0.0783044
0.528 0.801903
0.5282 0.932937
0.5284 0.192861
0.5286 -0.727113
0.5288 -0.968597
0.529 -0.306764
0.5292 0.640937
0.5294 0.991273
0.5296 0.418259
0.5298 -0.544094
0.53 -0.999938
0.5302 -0.525484
0.5304 0.437557
0.5306 0.993737
0.5308 0.626502
0.531 -0.322563
0.5312 -0.972025
0.5314 -0.719333
0.5316 0.200611
0.5318 0.934404
0.532 0.801997
0.5322 -0.0734605
0.5324 -0.880759
0.5326 -0.872558
0.5328 -0.0568899
0.533 0.811289
0.5332 0.929179
0.5334 0.188219
0.5336 -0.726537
0.5338 -0.970169
0.534 -0.318119
0.5342 0.627407
0.5344 0.994047
0.5346 0.444032
0.5348 -0.515184
0.535 -0.999595
0.5352 -0.563305
0.5354 0.391531
0.5356 0.985915
0.5358 0.673242
0.536 -0.258487
0.5362 -0.952483
0.5364 -0.771176
0.5366 0.118447
0.5368 0.899196
0.537 0.854541
0.5372 0.0258719
0.5374 -0.826415
0.5376 -0.920945
0.5378 -0.171469
0.538 0.734993
0.5382 0.968257
0.5384 0.315123
0.5386 -0.626293
0.5388 -0.994683
0.539 -0.453462
0.5392 0.502197
0.5394 0.998845
0.5396 0.583044
0.5398 -0.365092
0.54 -0.979857
0.5402 -0.700452
0.5404 0.21784
0.5406 0.937384
0.5408 0.802393
0.541 -0.0637332
0.5412 -0.871701
0.5414 -0.885806
0.5416 -0.0935703
0.5418 0.78372
0.542 0.94797
0.5422 0.250132
0.5424 -0.675019
0.5426 -0.986611
0.5428 -0.40183
0.543 0.547832
0.5432 0.999998
0.5434 0.544475
0.5436 -0.405031
0.5438 -0.98704
0.544 -0.673938
0.5442 0.250072
0.5444 0.947356
0.5446 0.786278
0.5448 -0.0869271
0.545 -0.881334
0.5452 -0.877886
0.5454 -0.0800132
0.5456 0.790165
0.5458 0.945617
0.546 0.246057
0.5462 -0.675851
0.5464 -0.986922
0.5466 -0.406348
0.5468 0.541181
0.547 0.999961
0.5472 0.556016
0.5474 -0.389686
0.5476 -0.983706
0.5478 -0.690339
0.548 0.225557
0.5482 0.938014
0.5484 0.80491
0.5486 -0.0535346
0.5488 -0.863677
0.549 -0.895805
0.5492 -0.121227
0.5494 0.762434
0.5496 0.959734
0.5498 0.293318
0.55 -0.636959
0.5502 -0.994187
0.5504 -0.457247
0.5506 0.490804
0.5508 0.997552
0.551 0.607637
0.5512 -0.328307
0.5514 -0.96921
0.5516 -0.739413
0.5518 0.154474
0.552 0.909589
0.5522 0.847998
0.5524 0.0251811
0.5526 -0.820187
0.5528 -0.929487
0.553 -0.204813
0.5532 0.703557
0.5534 0.980819
0.5536 0.378449
0.5538 -0.563241
0.554 -0.999904
0.5542 -0.540197
0.5544 0.403674
0.5546 0.98573
0.5548 0.684467
0.555 -0.230044
0.5552 -0.938429
0.5554 -0.806182
0.5556 0.0481195
0.5558 0.859294
0.556 0.900974
0.5562 0.135947
0.5564 -0.750764
0.5566 -0.965364
0.5568 -0.315844
0.557 0.616349
0.5572 0.996905
0.5574 0.485326
0.5576 -0.460522
0.5578 -0.994288
0.558 -0.638451
0.5582 0.288565
0.5584 0.957414
0.5586 0.769804
0.5588 -0.106387
0.559 -0.887405
0.5592 -0.874708
0.5594 -0.0796957
0.5596 0.786581
0.5598 0.949401
0.56 0.263186
0.5602 -0.65838
0.5604 -0.991189
0.5606 -0.43765
0.5608 0.507238
0.561 0.99855
0.5612 0.596961
0.5614 -0.338426
0.5616 -0.971195
0.5618 -0.735525
0.562 0.157857
0.5622 0.910085
0.5624 0.848491
0.5626 0.0281349
0.5628 -0.817388
0.563 -0.931935
0.5632 -0.213034
0.5634 0.696404
0.5636 0.983
0.5638 0.390382
0.564 -0.551429
0.5642 -0.999999
0.5644 -0.554022
0.5646 0.387596
0.5648 0.982467
0.565 0.698322
0.5652 -0.210674
0.5654 -0.931173
0.5656 -0.818377
0.5658 0.0268529
0.566 0.848073
0.5662 0.910184
0.5664 0.157493
0.5666 -0.736225
0.5668 -0.970775
0.567 -0.336037
0.5672 0.599665
0.5674 0.998311
0.5676 0.502734
0.5678 -0.443239
0.568 -0.992128
0.5682 -0.65203
0.5684 0.272417
0.5686 0.952741
0.5688 0.779055
0.569 -0.0930818
0.5692 -0.881799
0.5694 -0.879783
0.5696 -0.0886881
0.5698 0.782004
0.57 0.951155
0.5702 0.266841
0.5704 -0.656986
0.5706 -0.991164
0.5708 -0.435563
0.571 0.511154
0.5712 0.998896
0.5714 0.589476
0.5716 -0.34952
0.5718 -0.974532
0.572 -0.723809
0.5722 0.177508
0.5724 0.919307
0.5726 0.834549
0.5728 -0.000754016
0.573 -0.835437
0.5732 -0.918546
0.5734 -0.175091
0.5736 0.726008
0.5738 0.973595
0.574 0.344554
0.5742 -0.594845
0.5744 -0.998475
0.5746 -0.502511
0.5748 0.446353
0.575 0.992951
0.5752 0.64435
0.5754 -0.285355
0.5756 -0.957743
0.5758 -0.766095
0.576 0.116915
0.5762 0.894466
0.5764 0.86451
0.5766 0.0538357
0.5768 -0.805538
0.577 -0.937172
0.5772 -0.221861
0.5774 0.694067
0.5776 0.982509
0.5778 0.382377
0.578 -0.563727
0.5782 -0.99981
0.5784 -0.530987
0.5786 0.418612
0.5788 0.989207
0.579 0.663798
0.5792 -0.263094
0.5794 -0.951627
0.5796 -0.777512
0.5798 0.101679
0.58 0.888726
0.5802 0.869496
0.5804 0.0611391
0.5806 -0.802801
0.5808 -0.937823
0.581 -0.221003
0.5812 0.69669
0.5814 0.981289
0.5816 0.373816
0.5818 -0.573658
0.582 -0.999408
0.5822 -0.515838
0.5824 0.437282
0.5826 0.992383
0.5828 0.643773
0.583 -0.291336
0.5832 -0.961064
0.5834 -0.754834
0.5836 0.139669
0.5838 0.90688
0.584 0.846788
0.5842 0.0138955
0.5844 -0.831771
0.5846 -0.917977
0.5848 -0.165664
0.585 0.738103
0.5852 0.967332
0.5854 0.312159
0.5856 -0.628579
0.5858 -0.994357
0.586 -0.450196
0.5862 0.506146
0.5864 0.999109
0.5866 0.576944
0.5868 -0.373912
0.587 -0.982155
0.5872 -0.68997
0.5874 0.235049
0.5876 0.944529
0.5878 0.787274
0.588 -0.0927225
0.5882 -0.887669
0.5884 -0.867303
0.5886 -0.0499918
0.5888 0.813361
0.589 0.928961
0.5892 0.190168
0.5894 -0.723667
0.5896 -0.971596
0.5898 -0.325088
0.59 0.620865
0.5902 0.994987
0.5904 0.452288
0.5906 -0.507377
0.5908 -0.999315
0.591 -0.569589
0.5912 0.385709
0.5914 0.98513
0.5916 0.67513
0.5918 -0.258389
0.592 -0.953312
0.5922 -0.767376
0.5924 0.127916
0.5926 0.905027
0.5928 0.845129
0.593 0.00329247
0.5932 -0.841681
0.5934 -0.907525
0.5936 -0.13294
0.5938 0.764878
0.594 0.954025
0.5942 0.258887
0.5944 -0.676364
0.5946 -0.984399
0.5948 -0.379181
0.595 0.577995
0.5952 0.998709
0.5954 0.492075
0.5956 -0.471683
0.5958 -0.997281
0.596 -0.596047
0.5962 0.359363
0.5964 0.980678
0.5966 0.689805
0.5968 -0.242957
0.597 -0.949677
0.5972 -0.772292
0.5974 0.124339
0.5976 0.90523
0.5978 0.842689
0.598 -0.00531026
0.5982 -0.84844
0.5984 -0.9004
0.5986 -0.112426
0.5988 0.780528
0.599 0.945053
0.5992 0.227281
0.5994 -0.702807
0.5996 -0.976482
0.5998 -0.3378
0.6 0.616648
0.6002 0.994712
0.6004 0.442668
0.6006 -0.523465
0.6008 -0.999947
0.601 -0.54072
0.6012 0.42468
0.6014 0.992549
0.6016 0.630946
0.6018 -0.321712
0.602 -0.97302
0.6022 -0.712489
0.6024 0.215951
0.6026 0.941987
0.6028 0.784649
0.603 -0.108746
0.6032 -0.900178
0.6034 -0.846871
0.6036 0.00138983
0.6038 0.848411
0.604 0.89875
0.6042 0.104891
0.6044 -0.787572
0.6046 -0.940015
0.6048 -0.208947
0.605 0.718602
0.6052 0.970525
0.6054 0.309712
0.6056 -0.64248
0.6058 -0.990263
0.606 -0.406207
0.6062 0.560211
0.6064 0.99932
0.6066 0.497544
0.6068 -0.472812
0.607 -0.99789
0.6072 -0.58293
0.6074 0.381304
0.6076 0.98626
0.6078 0.661664
0.608 -0.286696
0.6082 -0.964799
0.6084 -0.733139
0.6086 0.189986
0.6088 0.933949
0.609 0.796839
0.6092 -0.0921441
0.6094 -0.894215
0.6096 -0.852338
0.6098 -0.00588769
0.61 0.84616
0.6102 0.899295
0.6104 0.103203
0.6106 -0.790393
0.6108 -0.937452
0.611 -0.198934
0.6112 0.727562
0.6114 0.966631
0.6116 0.292256
0.6118 -0.658351
0.612 -0.986729
0.6122 -0.382389
0.6124 0.583468
0.6126 0.997715
0.6128 0.468601
0.613 -0.503644
0.6132 -0.999624
0.6134 -0.550208
0.6136 0.419626
0.6138 0.992558
0.614 0.626575
0.6142 -0.332174
0.6144 -0.976677
0.6146 -0.697119
0.6148 0.242053
0.615 0.952201
0.6152 0.761307
0.6154 -0.150035
0.6156 -0.919401
0.6158 -0.818656
0.616 0.0568907
0.6162 0.878602
0.6164 0.868738
0.6166 0.0366093
0.6168 -0.830176
0.617 -0.911173
0.6172 -0.1297
0.6174 0.774543
0.6176 0.945634
0.6178 0.221623
0.618 -0.712167
0.6182 -0.971849
0.6184 -0.311629
0.6186 0.643555
0.6188 0.989597
0.619 0.398982
0.6192 -0.569255
0.6194 -0.99871
0.6196 -0.482958
0.6198 0.489854
0.62 0.999078
0.6202 0.562852
0.6204 -0.405979
0.6206 -0.990645
0.6208 -0.637975
0.621 0.318291
0.6212 0.973412
0.6214 0.707664
0.6216 -0.22749
0.6218 -0.947442
0.622 -0.771277
0.6222 0.134307
0.6224 0.912857
0.6226 0.828205
0.6228 -0.0395084
0.623 -0.869843
0.6232 -0.877871
0.6234 -0.0561118
0.6236 0.818651
0.6238 0.919732
0.624 0.15173
0.6242 -0.759599
0.6244 -0.95329
0.6246 -0.246499
0.6248 0.693075
0.625 0.978095
0.6252 0.339548
0.6254 -0.619541
0.6256 -0.993748
0.6258 -0.429988
0.626 0.539529
0.6262 0.999911
0.6264 0.51692
0.6266 -0.453648
0.6268 -0.996311
0.627 -0.599436
0.6272 0.362583
0.6274 0.982749
0.6276 0.676625
0.6278 -0.267096
0.628 -0.959106
0.6282 -0.747585
0.6284 0.168025
0.6286 0.925353
0.6288 0.811429
0.629 -0.0662833
0.6292 -0.881556
0.6294 -0.867295
0.6296 -0.0371432
0.6298 0.827883
0.63 0.914355
0.6302 0.141199
0.6304 -0.764617
0.6306 -0.95183
0.6308 -0.244763
0.631 0.692156
0.6312 0.979001
0.6314 0.346659
0.6316 -0.611025
0.6318 -0.995223
0.632 -0.445661
0.6322 0.521876
0.6324 0.99994
0.6326 0.540502
0.6328 -0.425499
0.633 -0.992703
0.6332 -0.629891
0.6334 0.322817
0.6336 0.973181
0.6338 0.712527
0.634 -0.214892
0.6342 -0.94118
0.6344 -0.787113
0.6346 0.102922
0.6348 0.896661
0.635 0.852377
0.6352 0.0117634
0.6354 -0.839753
0.6356 -0.907096
0.6358 -0.127712
0.636 0.770768
0.6362 0.950115
0.6364 0.243358
0.6366 -0.690214
0.6368 -0.980377
0.637 -0.357035
0.6372 0.598807
0.6374 0.996948
0.6376 0.466997
0.6378 -0.497481
0.638 -0.999046
0.6382 -0.571439
0.6384 0.387388
0.6386 0.986067
0.6388 0.668524
0.639 -0.269905
0.6392 -0.957622
0.6394 -0.756414
0.6396 0.146624
0.6398 0.913554
0.64 0.833304
0.6402 -0.0193509
0.6404 -0.853973
0.6406 -0.897463
0.6408 -0.109918
0.641 0.779279
0.6412 0.947273
0.6414 0.23901
0.6416 -0.690175
0.6418 -0.981276
0.642 -0.36561
0.6422 0.587694
0.6424 0.998218
0.6426 0.487294
0.6428 -0.473197
0.643 -0.9971
0.6432 -0.60157
0.6434 0.34838
0.6436 0.977222
0.6438 0.70593
0.644 -0.215271
0.6442 -0.938228
0.6444 -0.797909
0.6446 0.0762067
0.6448 0.880149
0.645 0.87514
0.6452 0.0661895
0.6454 -0.803436
0.6456 -0.935429
0.6458 -0.209045
0.646 0.708992
0.6462 0.97682
0.6464 0.349287
0.6466 -0.598187
0.6468 -0.99767
0.647 -0.483705
0.6472 0.472868
0.6474 0.996718
0.6476 0.609019
0.6478 -0.335352
0.648 -0.973157
0.6482 -0.721963
0.6484 0.188409
0.6486 0.926691
0.6488 0.819377
0.649 -0.035221
0.6492 -0.857593
0.6494 -0.898301
0.6496 -0.120667
0.6498 0.766745
0.65 0.956082
0.6502 0.275421
0.6504 -0.655667
0.6506 -0.990472
0.6508 -0.425003
0.651 0.526522
0.6512 0.999735
0.6514 0.565279
0.6516 -0.382109
0.6518 -0.982737
0.652 -0.692132
0.6522 0.225827
0.6524 0.939036
0.6526 0.801595
0.6528 -0.0616175
0.653 -0.868945
0.6532 -0.889988
0.6534 -0.106116
0.6536 0.773588
0.6538 0.954061
0.654 0.27262
0.6542 -0.654922
0.6544 -0.991132
0.6546 -0.432915
0.6548 0.51574
0.655 0.999219
0.6552 0.581952
0.6554 -0.359632
0.6556 -0.977164
0.6558 -0.714778
0.656 0.190928
0.6562 0.92473
0.6564 0.826713
0.6566 -0.0145924
0.6568 -0.842676
0.657 -0.913542
0.6572 -0.163904
0.6574 0.732798
0.6576 0.971691
0.6578 0.33875
0.658 -0.597936
0.6582 -0.998407
0.6584 -0.503982
0.6586 0.441936
0.6588 0.991913
0.659 0.653701
0.6592 -0.269575
0.6594 -0.951535
0.6596 -0.782296
0.6598 0.0864338
0.66 0.877801
0.6602 0.884679
0.6604 0.101268
0.6606 -0.772488
0.6608 -0.956518
0.661 -0.286878
0.6612 0.638633
0.6614 0.994446
0.6616 0.463548
0.6618 -0.480477
0.662 -0.996256
0.6622 -0.624499
0.6624 0.303366
0.6626 0.961051
0.6628 0.763305
0.663 -0.113586
0.6632 -0.889352
0.6634 -0.87417
0.6636 -0.0818405
0.6638 0.783148
0.664 0.952207
0.6642 0.275421
0.6644 -0.645887
0.6646 -0.993683
0.6648 -0.459479
0.665 0.482392
0.6652 0.996239
0.6654 0.626482
0.6656 -0.298727
0.6658 -0.959047
0.666 -0.769365
0.6662 0.101978
0.6664 0.882914
0.6666 0.881867
0.6668 0.100007
0.667 -0.770317
0.6672 -0.958832
0.6674 -0.298941
0.6676 0.625352
0.6678 0.996488
0.668 0.486444
0.6682 -0.453617
0.6684 -0.992658
0.6686 -0.654423
0.6688 0.262009
0.669 0.946923
0.6692 0.795445
0.6694 -0.0584552
0.6696 -0.860691
0.6698 -0.903095
0.67 -0.148418
0.6702 0.737188
0.6704 0.972308
0.6706 0.349661
0.6708 -0.581369
0.671 -0.999631
0.6712 -0.536409
0.6714 0.399723
0.6716 0.983436
0.6718 0.700294
0.672 -0.200015
0.6722 -0.92403
0.6724 -0.83385
0.6726 -0.00905221
0.6728 0.823688
0.673 0.930885
0.6732 0.218229
0.6734 -0.686582
0.6736 -0.986792
0.6738 -0.418148
0.674 0.518617
0.6742 0.998801
0.6744 0.599764
0.6746 -0.327177
0.6748 -0.966134
0.675 -0.754792
0.6752 0.120794
0.6754 0.890065
0.6756 0.876108
0.6758 0.0912502
0.676 -0.773887
0.6762 -0.958108
0.6764 -0.299357
0.6766 0.622765
0.6768 0.996979
0.677 0.494072
0.6772 -0.443502
0.6774 -0.990898
0.6776 -0.666537
0.6778 0.244223
0.678 0.940125
0.6782 0.808919
0.6784 -0.0339797
0.6786 -0.84699
0.6788 -0.914782
0.679 -0.177675
0.6792 0.715782
0.6794 0.979398
0.6796 0.38115
0.6798 -0.552538
0.68 -0.99996
0.6802 -0.567276
0.6804 0.364742
0.6806 0.975711
0.6808 0.727736
0.681 -0.160958
0.6812 -0.907958
0.6814 -0.855457
0.6816 -0.0495848
0.6818 0.799989
0.682 0.944928
0.6822 0.25744
0.6824 -0.656895
0.6826 -0.992442
0.6828 -0.453394
0.683 0.485296
0.6832 0.99624
0.6834 0.62889
0.6836 -0.293013
0.6838 -0.956558
0.684 -0.776421
0.6842 0.0886718
0.6844 0.875579
0.6846 0.889853
0.6848 0.118711
0.685 -0.75728
0.6852 -0.964679
0.6854 -0.320153
0.6856 0.607213
0.6858 0.998183
0.686 0.50712
0.6862 -0.432201
0.6864 -0.989509
0.6866 -0.671897
0.6868 0.239996
0.687 0.939652
0.6872 0.807912
0.6874 -0.0388967
0.6876 -0.851346
0.6878 -0.909995
0.688 -0.162637
0.6882 0.728882
0.6884 0.974552
0.6886 0.356366
0.6888 -0.577864
0.689 -0.999663
0.6892 -0.534625
0.6894 0.404907
0.6896 0.985104
0.6898 0.690629
0.69 -0.217315
0.6902 -0.932274
0.6904 -0.818727
0.6906 0.0227298
0.6908 0.844069
0.691 0.914591
0.6912 0.1712
0.6914 -0.724687
0.6916 -0.975328
0.6918 -0.357145
0.692 0.579383
0.6922 0.999534
0.6924 0.528377
0.6926 -0.414204
0.6928 -0.987263
0.693 -0.679014
0.6932 0.235696
0.6934 0.939953
0.6936 0.804205
0.6938 -0.0506131
0.694 -0.860279
0.6942 -0.900266
0.6944 -0.134362
0.6946 0.751978
0.6948 0.964749
0.695 0.312874
0.6952 -0.619634
0.6954 -0.996457
0.6956 -0.479117
0.6958 0.468446
0.696 0.99541
0.6962 0.628016
0.6964 -0.303995
0.6966 -0.962753
0.6968 -0.755371
0.697 0.132002
0.6972 0.900641
0.6974 0.85794
0.6976 0.041883
0.6978 -0.81208
0.698 -0.933491
0.6982 -0.212286
0.6984 0.700756
0.6986 0.980797
0.6988 0.374274
0.699 -0.570851
0.6992 -0.999603
0.6994 -0.52349
0.6996 0.426858
0.6998 0.990555
0.7 0.656257
0.7002 -0.273402
0.7004 -0.955095
0.7006 -0.769644
0.7008 0.115072
0.701 0.895351
0.7012 0.861491
0.7014 0.0437241
0.7016 -0.814002
0.7018 -0.930417
0.702 -0.198888
0.7022 0.714139
0.7024 0.975787
0.7026 0.346732
0.7028 -0.599132
0.703 -0.99766
0.7032 -0.484052
0.7034 0.472495
0.7036 0.996723
0.7038 0.608181
0.704 -0.337767
0.7042 -0.974202
0.7044 -0.717014
0.7046 0.198399
0.7048 0.931774
0.705 0.809012
0.7052 -0.057668
0.7054 -0.871466
0.7056 -0.883185
0.7058 -0.0814056
0.706 0.795564
0.7062 0.939066
0.7064 0.216112
0.7066 -0.706516
0.7068 -0.976659
0.707 -0.344094
0.7072 0.606849
0.7074 0.996391
0.7076 0.463372
0.7078 -0.499089
0.708 -0.999051
0.7082 -0.572353
0.7084 0.385693
0.7086 0.985724
0.7088 0.669828
0.709 -0.268995
0.7092 -0.957731
0.7094 -0.754957
0.7096 0.151159
0.7098 0.916565
0.71 0.827245
0.7102 -0.0341454
0.7104 -0.863832
0.7106 -0.886512
0.7108 -0.0803119
0.711 0.801197
0.7112 0.932858
0.7114 0.19072
0.7116 -0.730338
0.7118 -0.966627
0.712 -0.295832
0.7122 0.652903
0.7124 0.988365
0.7126 0.394643
0.7128 -0.570477
0.713 -0.99878
0.7132 -0.486384
0.7134 0.484551
0.7136 0.99871
0.7138 0.570504
0.714 -0.396507
0.7142 -0.98908
0.7144 -0.646658
0.7146 0.307596
0.7148 0.970879
0.715 0.714683
0.7152 -0.218935
0.7154 -0.94512
0.7156 -0.774578
0.7158 0.131498
0.716 0.912826
0.7162 0.82648
0.7164 -0.0461161
0.7166 -0.874999
0.7168 -0.870645
0.717 -0.036516
0.7172 0.832612
0.7174 0.907424
0.7176 0.115837
0.7178 -0.786585
0.718 -0.937242
0.7182 -0.191409
0.7184 0.737784
0.7186 0.960583
0.7188 0.262909
0.719 -0.687005
0.7192 -0.977969
0.7194 -0.330118
0.7196 0.634977
0.7198 0.989945
0.72 0.392907
0.7202 -0.582355
0.7204 -0.99707
0.7206 -0.451228
0.7208 0.529721
0.721 0.999899
0.7212 0.505104
0.7214 -0.477583
0.7216 -0.99898
0.7218 -0.554612
0.722 0.426383
0.7222 0.994844
0.7224 0.59988
0.7226 -0.376495
0.7228 -0.987996
0.723 -0.641071
0.7232 0.328234
0.7234 0.978915
0.7236 0.678377
0.7238 -0.281857
0.724 -0.968047
0.7242 -0.712012
0.7244 0.237569
0.7246 0.955808
0.7248 0.742203
0.725 -0.195533
0.7252 -0.942576
0.7254 -0.769186
0.7256 0.155867
0.7258 0.928695
0.726 0.793196
0.7262 -0.118655
0.7264 -0.914475
0.7266 -0.814469
0.7268 0.0839523
0.727 0.900192
0.7272 0.833235
0.7274 -0.051785
0.7276 -0.886089
0.7278 -0.849713
0.728 0.0221587
0.7282 0.872377
0.7284 0.864112
0.7286 0.00493963
0.7288 -0.85924
0.729 -0.87663
0.7292 -0.0295379
0.7294 0.846832
0.7296 0.887449
0.7298 0.0516761
0.73 -0.835283
0.7302 -0.896735
0.7304 -0.0714033
0.7306 0.824697
0.7308 0.904641
0.731 0.0887758
0.7312 -0.815159
0.7314 -0.911304
0.7316 -0.103855
0.7318 0.806732
0.732 0.916845
0.7322 0.116708
0.7324 -0.79946
0.7326 -0.92137
0.7328 -0.1274
0.733 0.793372
0.7332 0.924971
0.7334 0.136003
0.7336 -0.78848
0.7338 -0.927727
0.734 -0.142586
0.7342 0.784784
0.7344 0.929704
0.7346 0.147221
0.7348 -0.78227
0.735 -0.930956
0.7352 -0.149979
0.7354 0.780915
0.7356 0.931525
0.7358 0.150931
0.736 -0.780684
0.7362 -0.931447
0.7364 -0.150148
0.7366 0.781534
0.7368 0.930746
0.737 0.147701
0.7372 -0.783414
0.7374 -0.92944
0.7376 -0.143661
0.7378 0.786266
0.738 0.927541
0.7382 0.138102
0.7384 -0.790026
0.7386 -0.925057
0.7388 -0.131095
0.739 0.794626
0.7392 0.921989
0.7394 0.122714
0.7396 -0.799992
0.7398 -0.918339
0.74 -0.113034
0.7402 0.806049
0.7404 0.914104
0.7406 0.102132
0.7408 -0.812716
0.741 -0.909284
0.7412 -0.0900857
0.7414 0.819915
0.7416 0.903877
0.7418 0.0769759
0.742 -0.827562
0.7422 -0.897882
0.7424 -0.0628847
0.7426 0.835576
0.7428 0.891302
0.743 0.0478966
0.7432 -0.843877
0.7434 -0.884142
0.7436 -0.0320982
0.7438 0.852384
0.744 0.876411
0.7442 0.0155784
0.7444 -0.861019
0.7446 -0.868122
0.7448 0.001572
0.745 0.869708
0.7452 0.859294
0.7454 -0.0192605
0.7456 -0.878379
0.7458 -0.849948
0.746 0.0373928
0.7462 0.886964
0.7464 0.840116
0.7466 -0.0558734
0.7468 -0.895401
0.747 -0.829831
0.7472 0.0746057
0.7474 0.903632
0.7476 0.819135
0.7478 -0.0934925
0.748 -0.911604
0.7482 -0.808074
0.7484 0.112436
0.7486 0.919271
0.7488 0.796703
0.749 -0.13134
0.7492 -0.926594
0.7494 -0.785079
0.7496 0.150107
0.7498 0.933537
0.75 0.773268
0.7502 -0.168641
0.7504 -0.940075
0.7506 -0.76134
0.7508 0.186847
0.751 0.946186
0.7512 0.749369
0.7514 -0.204634
0.7516 -0.951856
0.7518 -0.737434
0.752 0.221909
0.7522 0.957078
0.7524 0.725621
0.7526 -0.238583
0.7528 -0.961848
0.753 -0.714015
0.7532 0.254572
0.7534 0.966171
0.7536 0.702706
0.7538 -0.269789
0.754 -0.970053
0.7542 -0.691786
0.7544 0.284155
0.7546 0.973509
0.7548 0.68135
0.755 -0.297589
0.7552 -0.976554
0.7554 -0.671492
0.7556 0.310014
0.7558 0.979207
0.756 0.662307
0.7562 -0.321357
0.7564 -0.981489
0.7566 -0.65389
0.7568 0.331543
0.757 0.983421
0.7572 0.646336
0.7574 -0.3405
0.7576 -0.985025
0.7578 -0.639736
0.758 0.348159
0.7582 0.986322
0.7584 0.634179
0.7586 -0.354449
0.7588 -0.987328
0.759 -0.629754
0.7592 0.3593
0.7594 0.988057
0.7596 0.626542
0.7598 -0.36264
0.76 -0.988519
0.7602 -0.624622
0.7604 0.364397
0.7606 0.988715
0.7608 0.624068
0.761 -0.364497
0.7612 -0.988639
0.7614 -0.624945
0.7616 0.362864
0.7618 0.988277
0.762 0.627314
0.7622 -0.359419
0.7624 -0.987602
0.7626 -0.631226
0.7628 0.354079
0.763 0.986576
0.7632 0.636723
0.7634 -0.346758
0.7636 -0.985146
0.7638 -0.643836
0.764 0.337367
0.7642 0.983246
0.7644 0.652583
0.7646 -0.325813
0.7648 -0.98079
0.765 -0.662971
0.7652 0.311998
0.7654 0.977677
0.7656 0.674989
0.7658 -0.295823
0.766 -0.973783
0.7662 -0.688608
0.7664 0.277188
0.7666 0.968967
0.7668 0.703782
0.767 -0.255991
0.7672 -0.963065
0.7674 -0.720439
0.7676 0.232129
0.7678 0.955888
0.768 0.738484
0.7682 -0.205506
0.7684 -0.947229
0.7686 -0.757795
0.7688 0.17603
0.769 0.936853
0.7692 0.778216
0.7694 -0.143618
0.7696 -0.924505
0.7698 -0.79956
0.77 0.108199
0.7702 0.909907
0.7704 0.8216
0.7706 -0.0697215
0.7708 -0.892761
0.771 -0.844071
0.7712 0.0281548
0.7714 0.872751
0.7716 0.866662
0.7718 0.0165025
0.772 -0.849545
0.7722 -0.889016
0.7724 -0.0642168
0.7726 0.8228
0.7728 0.910728
0.773 0.114912
0.7732 -0.792169
0.7734 -0.93134
0.7736 -0.168463
0.7738 0.757304
0.774 0.950343
0.7742 0.224684
0.7744 -0.717867
0.7746 -0.967177
0.7748 -0.283324
0.775 0.67354
0.7752 0.981228
0.7754 0.344055
0.7756 -0.624033
0.7758 -0.991839
0.776 -0.406464
0.7762 0.569099
0.7764 0.998305
0.7766 0.470047
0.7768 -0.50855
0.777 -0.99989
0.7772 -0.534198
0.7774 0.44227
0.7776 0.995829
0.7778 0.598204
0.778 -0.370232
0.7782 -0.985345
0.7784 -0.661244
0.7786 0.292522
0.7788 0.967666
0.779 0.722381
0.7792 -0.20935
0.7794 -0.942041
0.7796 -0.780571
0.7798 0.121076
0.78 0.907765
0.7802 0.834661
0.7804 -0.0282272
0.7806 -0.864209
0.7808 -0.883404
0.781 -0.0684876
0.7812 0.810842
0.7814 0.925472
0.7816 0.168159
0.7818 -0.747273
0.782 -0.959477
0.7822 -0.269667
0.7824 0.673281
0.7826 0.984001
0.7828 0.371675
0.783 -0.588856
0.7832 -0.997628
0.7834 -0.472628
0.7836 0.494233
0.7838 0.998986
0.784 0.570758
0.7842 -0.389933
0.7844 -0.9868
0.7846 -0.664104
0.7848 0.276793
0.785 0.959941
0.7852 0.750537
0.7854 -0.155998
0.7856 -0.917495
0.7858 -0.827797
0.786 0.029101
0.7862 0.858822
0.7864 0.893544
0.7866 0.101964
0.7868 -0.783627
0.787 -0.945425
0.7872 -0.234882
0.7874 0.692025
0.7876 0.98115
0.7878 0.366977
0.788 -0.584609
0.7882 -0.998577
0.7884 -0.495242
0.7886 0.462501
0.7888 0.99582
0.789 0.616391
0.7892 -0.327399
0.7894 -0.971349
0.7896 -0.726944
0.7898 0.181607
0.79 0.924109
0.7902 0.823314
0.7904 -0.0280392
0.7906 -0.853626
0.7908 -0.901933
0.791 -0.129796
0.7912 0.760119
0.7914 0.959392
0.7916 0.287846
0.7918 -0.644589
0.792 -0.992597
0.7922 -0.441593
0.7924 0.508895
0.7926 0.998941
0.7928 0.586172
0.793 -0.355799
0.7932 -0.976478
0.7934 -0.716524
0.7936 0.188976
0.7938 0.924094
0.794 0.82758
0.7942 -0.0129847
0.7944 -0.84167
0.7946 -0.91448
0.7948 -0.166816
0.795 0.730219
0.7952 0.972814
0.7954 0.3444
0.7956 -0.59198
0.7958 -0.998874
0.796 -0.513255
0.7962 0.430479
0.7964 0.989914
0.7966 0.666632
0.7968 -0.250516
0.797 -0.944393
0.7972 -0.797826
0.7974 0.0580947
0.7976 0.86219
0.7978 0.900503
0.798 0.139729
0.7982 -0.744774
0.7984 -0.969053
0.7986 -0.335074
0.7988 0.595309
0.799 0.998949
0.7992 0.519538
0.7994 -0.418681
0.7996 -0.987093
0.7998 -0.684571
0.8 0.221423
0.8002 0.932122
0.8004 0.821902
0.8006 -0.01155
0.8008 -0.83466
0.801 -0.92401
0.8012 -0.201727
0.8014 0.69748
0.8016 0.984595
0.8018 0.408381
0.802 -0.525554
0.8022 -0.999046
0.8024 -0.598051
0.8026 0.325983
0.8028 0.964848
0.803 0.760588
0.8032 -0.107782
0.8034 -0.881913
0.8036 -0.88666
0.8038 -0.118467
0.804 0.752789
0.8042 0.968356
0.8044 0.341107
0.8046 -0.582731
0.8048 -0.999776
0.805 -0.548013
0.8052 0.379597
0.8054 0.977536
0.8056 0.72728
0.8058 -0.153577
0.806 -0.901171
0.8062 -0.867978
0.8064 -0.0832657
0.8066 0.773368
0.8068 0.960893
0.807 0.317617
0.8072 -0.600025
0.8074 -0.99923
0.8076 -0.535666
0.8078 0.390086
0.808 0.979206
0.8082 0.723963
0.8084 -0.155163
0.8086 -0.900487
0.8088 -0.870312
0.809 -0.0910613
0.8092 0.766415
0.8094 0.964657
0.8096 0.333615
0.8098 -0.584007
0.81 -0.999865
0.8102 -0.557168
0.8104 0.363674
0.8106 0.972374
0.8108 0.747049
0.811 -0.118705
0.8112 -0.882614
0.8114 -0.890287
0.8116 -0.135515
0.8118 0.735178
0.812 0.976587
0.8122 0.382465
0.8124 -0.53869
0.8126 -0.99917
0.8128 -0.605598
0.813 0.30538
0.8132 0.955407
0.8134 0.789511
0.8136 -0.050362
0.8138 -0.847167
0.814 -0.921085
0.8142 -0.209335
0.8144 0.680857
0.8146 0.990517
0.8148 0.455922
0.815 -0.467116
0.8152 -0.99214
0.8154 -0.67212
0.8156 0.220184
0.8158 0.924971
0.816 0.842435
0.8162 0.0430355
0.8164 -0.792919
0.8166 -0.95435
0.8168 -0.304143
0.817 0.604631
0.8172 0.999325
0.8174 0.544571
0.8176 -0.372963
0.8178 -0.97353
0.818 -0.746958
0.8182 0.114122
0.8184 0.878229
0.8186 0.896471
0.8188 0.153487
0.819 -0.719781
0.8192 -0.981963
0.8194 -0.410597
0.8196 0.50925
0.8198 0.996872
0.82 0.638521
0.8202 -0.261634
0.8204 -0.939774
0.8206 -0.820569
0.8208 -0.00521735
0.821 0.814545
0.8212 0.943325
0.8214 0.271923
0.8216 -0.630123
0.8218 -0.997689
0.822 -0.519029
0.8222 0.399854
0.8224 0.979593
0.8226 0.728478
0.8228 -0.140508
0.823 -0.890323
0.8232 -0.88498
0.8234 -0.128987
0.8236 0.736426
0.8238 0.977165
0.824 0.388973
0.8242 -0.529214
0.8244 -0.998438
0.8246 -0.62055
0.8248 0.283889
0.825 0.947453
0.8252 0.806991
0.8254 -0.0183816
0.8256 -0.828181
0.8258 -0.934984
0.826 -0.248016
0.8262 0.649564
0.8264 0.995593
0.8266 0.496104
0.8268 -0.424794
0.827 -0.984875
0.8272 -0.708206
0.8274 0.170281
0.8276 0.904099
0.8278 0.86945
0.828 0.0956155
0.8282 -0.759573
0.8284 -0.96882
0.8286 -0.353967
0.8288 0.562085
0.829 0.999886
0.8292 0.586672
0.8294 -0.326024
0.8296 -0.96118
0.8298 -0.77775
0.83 0.0682579
0.8302 0.856176
0.8304 0.914444
0.8306 0.193142
0.8308 -0.692924
0.831 -0.988046
0.8312 -0.440222
0.8314 0.483343
0.8316 0.994401
0.8318 0.656415
0.832 -0.242266
0.8322 -0.934058
0.8324 -0.827654
0.8326 -0.0136887
0.8328 0.812074
0.833 0.943269
0.8332 0.267332
0.8334 -0.637514
0.8336 -0.996596
0.8338 -0.502098
0.834 0.422674
0.8342 0.985278
0.8344 0.703148
0.8346 -0.182133
0.8348 -0.911253
0.835 -0.858288
0.8352 -0.0683237
0.8354 0.780439
0.8356 0.958667
0.8358 0.312791
0.836 -0.602176
0.8362 -0.9992
0.8364 -0.536288
0.8366 0.388454
0.8368 0.978726
0.837 0.725676
0.8372 -0.153021
0.8374 -0.899878
0.8376 -0.8704
0.8378 -0.0895758
0.838 0.76873
0.8382 0.96301
0.8384 0.324935
0.8386 -0.594233
0.8388 -0.999455
0.839 -0.539676
0.8392 0.387509
0.8394 0.979134
0.8396 0.722189
0.8398 -0.16106
0.84 -0.90473
0.8402 -0.863219
0.8404 -0.0720571
0.8406 0.781853
0.8408 0.956262
0.841 0.299022
0.8412 -0.618535
0.8414 -0.997764
0.8416 -0.507967
0.8418 0.424609
0.842 0.987125
0.8422 0.688583
0.8424 -0.211048
0.8426 -0.926539
0.8428 -0.832577
0.843 -0.0107205
0.8432 0.820673
0.8434 0.933985
0.8436 0.229462
0.8438 -0.676242
0.844 -0.989314
0.8442 -0.434711
0.8444 0.501505
0.8446 0.997543
0.8448 0.617259
0.845 -0.305721
0.8452 -0.959985
0.8454 -0.769521
0.8456 0.0986072
0.8458 0.880033
0.846 0.885787
0.8462 0.110183
0.8464 -0.762834
0.8466 -0.962346
0.8468 -0.311518
0.847 0.614885
0.8472 0.997495
0.8474 0.49718
0.8476 -0.443621
0.8478 -0.99145
0.848 -0.660165
0.8482 0.256986
0.8484 0.946162
0.8486 0.794898
0.8488 -0.0630306
0.849 -0.86508
0.8492 -0.897346
0.8494 -0.130453
0.8496 0.752859
0.8498 0.965053
0.85 0.316242
0.8502 -0.615048
0.8504 -0.997098
0.8506 -0.487935
0.8508 0.457774
0.851 0.993982
0.8512 0.640136
0.8514 -0.28743
0.8516 -0.957468
0.8518 -0.768571
0.852 0.1104
0.8522 0.890387
0.8524 0.870142
0.8526 0.0671934
0.8528 -0.796415
0.853 -0.94293
0.8532 -0.239696
0.8534 0.67985
0.8536 0.986135
0.8538 0.40208
0.854 -0.545386
0.8542 -0.999996
0.8544 -0.550063
0.8546 0.3979
0.8548 0.985659
0.855 0.680175
0.8552 -0.242263
0.8554 -0.945048
0.8556 -0.78979
0.8558 0.0831691
0.856 0.880701
0.8562 0.87712
0.8564 0.0749967
0.8566 -0.795627
0.8568 -0.941177
0.857 -0.228269
0.8572 0.693144
0.8574 0.981714
0.8576 0.373181
0.8578 -0.576745
0.858 -0.999141
0.8582 -0.506807
0.8584 0.449965
0.8586 0.994437
0.8588 0.626794
0.859 -0.316273
0.8592 -0.969054
0.8594 -0.731357
0.8596 0.178974
0.8598 0.924811
0.86 0.819261
0.8602 -0.0411396
0.8604 -0.8638
0.8606 -0.889788
0.8608 -0.0944517
0.861 0.788294
0.8612 0.942689
0.8614 0.225352
0.8616 -0.700663
0.8618 -0.978136
0.862 -0.349467
0.8622 0.603297
0.8624 0.996657
0.8626 0.465063
0.8628 -0.498544
0.863 -0.999079
0.8632 -0.570767
0.8634 0.388654
0.8636 0.986469
0.8638 0.665547
0.864 -0.27574
0.8642 -0.960075
0.8644 -0.748696
0.8646 0.161747
0.8648 0.92127
0.865 0.819803
0.8652 -0.0484233
0.8654 -0.871508
0.8656 -0.878724
0.8658 -0.0626843
0.866 0.812276
0.8662 0.925543
0.8664 0.170243
0.8666 -0.74506
0.8668 -0.960546
0.867 -0.273129
0.8672 0.671311
0.8674 0.984181
0.8676 0.370426
0.8678 -0.59242
0.868 -0.99703
0.8682 -0.46141
0.8684 0.5097
0.8686 0.999774
0.8688 0.54554
0.869 -0.42437
0.8692 -0.99317
0.8694 -0.622443
0.8696 0.337542
0.8698 0.978022
0.87 0.691892
0.8702 -0.250221
0.8704 -0.955161
0.8706 -0.753795
0.8708 0.163296
0.871 0.925424
0.8712 0.808173
0.8714 -0.0775465
0.8716 -0.889642
0.8718 -0.855144
0.872 -0.00635996
0.8722 0.848621
0.8724 0.894909
0.8726 0.08786
0.8728 -0.803134
0.873 -0.927732
0.8732 -0.166489
0.8734 0.753917
0.8736 0.953928
0.8738 0.241875
0.874 -0.701655
0.8742 -0.973853
0.8744 -0.313729
0.8746 0.646983
0.8748 0.987887
0.875 0.381838
0.8752 -0.590486
0.8754 -0.996429
0.8756 -0.446056
0.8758 0.53269
0.876 0.999882
0.8762 0.506299
0.8764 -0.474071
0.8766 -0.998655
0.8768 -0.562531
0.877 0.41505
0.8772 0.993146
0.8774 0.614762
0.8776 -0.355998
0.8778 -0.983746
0.878 -0.663039
0.8782 0.297238
0.8784 0.970829
0.8786 0.707438
0.8788 -0.239048
0.879 -0.954753
0.8792 -0.748062
0.8794 0.181662
0.8796 0.935853
0.8798 0.785031
0.88 -0.125276
0.8802 -0.914444
0.8804 -0.81848
0.8806 0.0700517
0.8808 0.89082
0.881 0.848553
0.8812 -0.0161178
0.8814 -0.865247
0.8816 -0.875403
0.8818 -0.0364255
0.882 0.837971
0.8822 0.899184
0.8824 0.0875033
0.8826 -0.809215
0.8828 -0.920049
0.883 -0.137063
0.8832 0.779177
0.8834 0.938154
0.8836 0.185071
0.8838 -0.748037
0.884 -0.953645
0.8842 -0.23151
0.8844 0.715951
0.8846 0.966666
0.8848 0.276378
0.885 -0.683057
0.8852 -0.977355
0.8854 -0.319684
0.8856 0.649473
0.8858 0.98584
0.886 0.361446
0.8862 -0.615303
0.8864 -0.99224
0.8866 -0.40169
0.8868 0.580632
0.887 0.996667
0.8872 0.440446
0.8874 -0.545532
0.8876 -0.999223
0.8878 -0.477752
0.888 0.510061
0.8882 0.999998
0.8884 0.513644
0.8886 -0.474265
0.8888 -0.999074
0.889 -0.548162
0.8892 0.438179
0.8894 0.996522
0.8896 0.581346
0.8898 -0.40183
0.89 -0.992403
0.8902 -0.613233
0.8904 0.365233
0.8906 0.98677
0.8908 0.64386
0.891 -0.3284
0.8912 -0.979664
0.8914 -0.67326
0.8916 0.291333
0.8918 0.971118
0.892 0.701461
0.8922 -0.254032
0.8924 -0.961155
0.8926 -0.728489
0.8928 0.216491
0.893 0.949789
0.8932 0.754364
0.8934 -0.178702
0.8936 -0.937027
0.8938 -0.779097
0.894 0.140653
0.8942 0.922867
0.8944 0.802697
0.8946 -0.102334
0.8948 -0.907299
0.895 -0.825163
0.8952 0.0637318
0.8954 0.890307
0.8956 0.846488
0.8958 -0.0248372
0.896 -0.871868
0.8962 -0.866655
0.8964 -0.014359
0.8966 0.851952
0.8968 0.885639
0.897 0.0538625
0.8972 -0.830524
0.8974 -0.903409
0.8976 -0.0936749
0.8978 0.807545
0.898 0.91992
0.8982 0.133793
0.8984 -0.782971
0.8986 -0.935121
0.8988 -0.174207
0.899 0.756755
0.8992 0.94895
0.8994 0.214901
0.8996 -0.728847
0.8998 -0.961333
0.9 -0.25585
0.9002 0.699195
0.9004 0.972189
0.9006 0.297019
0.9008 -0.667749
0.901 -0.981424
0.9012 -0.338363
0.9014 0.634457
0.9016 0.988935
0.9018 0.379825
0.902 -0.599269
0.9022 -0.994609
0.9024 -0.421336
0.9026 0.56214
0.9028 0.998321
0.903 0.462812
0.9032 -0.523028
0.9034 -0.999939
0.9036 -0.504153
0.9038 0.4819
0.904 0.99932
0.9042 0.545245
0.9044 -0.438728
0.9046 -0.996315
0.9048 -0.585953
0.905 0.393497
0.9052 0.990765
0.9054 0.626126
0.9056 -0.346203
0.9058 -0.982508
0.906 -0.665592
0.9062 0.296857
0.9064 0.971374
0.9066 0.704161
0.9068 -0.245487
0.907 -0.957192
0.9072 -0.741619
0.9074 0.19214
0.9076 0.939791
0.9078 0.777734
0.908 -0.136887
0.9082 -0.918999
0.9084 -0.812249
0.9086 0.0798204
0.9088 0.894651
0.909 0.844889
0.9092 -0.0210631
0.9094 -0.866588
0.9096 -0.875357
0.9098 -0.0392333
0.91 0.834662
0.9102 0.903334
0.9104 0.100884
0.9106 -0.798739
0.9108 -0.928486
0.911 -0.163669
0.9112 0.758705
0.9114 0.950461
0.9116 0.227331
0.9118 -0.714468
0.912 -0.968891
0.9122 -0.291572
0.9124 0.665966
0.9126 0.983399
0.9128 0.356052
0.913 -0.613169
0.9132 -0.993601
0.9134 -0.42039
0.9136 0.556086
0.9138 0.999109
0.914 0.484161
0.9142 -0.49477
0.9144 -0.999537
0.9146 -0.546894
0.9148 0.429326
0.915 0.994509
0.9152 0.608077
0.9154 -0.359913
0.9156 -0.983663
0.9158 -0.667157
0.916 0.286751
0.9162 0.966661
0.9164 0.72354
0.9166 -0.210126
0.9168 -0.943197
0.917 -0.776598
0.9172 0.130397
0.9174 0.913003
0.9176 0.825674
0.9178 -0.0479957
0.918 -0.875862
0.9182 -0.870084
0.9184 -0.0365674
0.9186 0.831618
0.9188 0.90913
0.919 0.122701
0.9192 -0.780186
0.9194 -0.942108
0.9196 -0.209734
0.9198 0.721559
0.92 0.968316
0.9202 0.296912
0.9204 -0.655824
0.9206 -0.987067
0.9208 -0.383406
0.921 0.583169
0.9212 0.997707
0.9214 0.468313
0.9216 -0.503894
0.9218 -0.999624
0.922 -0.55066
0.9222 0.418416
0.9224 0.992266
0.9226 0.629419
0.9228 -0.327281
0.923 -0.975161
0.9232 -0.703516
0.9234 0.231163
0.9236 0.94793
0.9238 0.771841
0.924 -0.130875
0.9242 -0.910308
0.9244 -0.833271
0.9246 0.0273609
0.9248 0.862161
0.925 0.886684
0.9252 0.0783004
0.9254 -0.803503
0.9256 -0.930985
0.9258 -0.184904
0.926 0.734514
0.9262 0.965126
0.9264 0.291128
0.9266 -0.655548
0.9268 -0.988131
0.927 -0.395546
0.9272 0.567155
0.9274 0.999128
0.9276 0.496645
0.9278 -0.470078
0.928 -0.997373
0.9282 -0.592848
0.9284 0.365271
0.9286 0.982276
0.9288 0.682538
0.929 -0.253887
0.9292 -0.953435
0.9294 -0.764087
0.9296 0.137285
0.9298 0.910658
0.93 0.835893
0.9302 -0.0170133
0.9304 -0.853985
0.9306 -0.89641
0.9308 -0.105202
0.931 0.783713
0.9312 0.944194
0.9314 0.227481
0.9316 -0.700412
0.9318 -0.977935
0.932 -0.347812
0.9322 0.604934
0.9324 0.996505
0.9326 0.464092
0.9328 -0.498418
0.933 -0.998996
0.9332 -0.574162
0.9334 0.382294
0.9336 0.984755
0.9338 0.67585
0.934 -0.258264
0.9342 -0.953426
0.9344 -0.767023
0.9346 0.128295
0.9348 0.904976
0.935 0.845639
0.9352 0.00541489
0.9354 -0.839721
0.9356 -0.909799
0.9358 -0.140467
0.936 0.758348
0.9362 0.957805
0.9364 0.274307
0.9366 -0.661918
0.9368 -0.988216
0.937 -0.404273
0.9372 0.551873
0.9374 0.999895
0.9376 0.527656
0.9378 -0.430021
0.938 -0.992064
0.9382 -0.641763
0.9384 0.298515
0.9386 0.964337
0.9388 0.743981
0.939 -0.159824
0.9392 -0.916763
0.9394 -0.831853
0.9396 0.0166858
0.9398 0.849841
0.94 0.903146
0.9402 0.127945
0.9404 -0.764537
0.9406 -0.955918
0.9408 -0.270964
0.941 0.662286
0.9412 0.988589
0.9414 0.409183
0.9416 -0.544972
0.9418 -0.999994
0.942 -0.539416
0.9422 0.414907
0.9424 0.989437
0.9426 0.658558
0.9428 -0.274788
0.943 -0.956727
0.9432 -0.763674
0.9434 0.127639
0.9436 0.902209
0.9438 0.852079
0.944 0.0232507
0.9442 -0.826774
0.9444 -0.921424
0.9446 -0.174407
0.9448 0.731855
0.945 0.969772
0.9452 0.322257
0.9454 -0.619408
0.9456 -0.995659
0.9458 -0.463225
0.946 0.491878
0.9462 0.998156
0.9464 0.593826
0.9466 -0.352146
0.9468 -0.976906
0.947 -0.710765
0.9472 0.203463
0.9474 0.932153
0.9476 0.811034
0.9478 -0.0493699
0.948 -0.864745
0.9482 -0.891999
0.9484 -0.106394
0.9486 0.776132
0.9488 0.951485
0.949 0.259988
0.9492 -0.668332
0.9494 -0.987841
0.9496 -0.407577
0.9498 0.543886
0.95 1
0.9502 0.545437
0.9504 -0.405801
0.9506 -0.987512
0.9508 -0.670059
0.951 0.257467
0.9512 0.95057
0.9514 0.778254
0.9516 -0.102568
0.9518 -0.890007
0.952 -0.86724
0.9522 -0.055017
0.9524 0.807282
0.9526 0.934727
0.9528 0.211321
0.953 -0.70444
0.9532 -0.97898
0.9534 -0.3624
0.9536 0.584058
0.9538 0.998873
0.954 0.504445
0.9542 -0.449174
0.9544 -0.993916
0.9546 -0.633882
0.9548 0.303203
0.955 0.964273
0.9552 0.74748
0.9554 -0.149842
0.9556 -0.910751
0.9558 -0.842431
0.956 -0.00703995
0.9562 0.834777
0.9564 0.916431
0.9566 0.163502
0.9568 -0.738351
0.957 -0.967733
0.9572 -0.315647
0.9574 0.623987
0.9576 0.995197
0.9578 0.459725
0.958 -0.494636
0.9582 -0.998305
0.9584 -0.592235
0.9586 0.353601
0.9588 0.977173
0.959 0.710016
0.9592 -0.204437
0.9594 -0.93253
0.9596 -0.810326
0.9598 0.0508577
0.96 0.865692
0.9602 0.89091
0.9604 0.103376
0.9606 -0.778511
0.9608 -0.950045
0.961 -0.254553
0.9612 0.673314
0.9614 0.986577
0.9616 0.39911
0.9618 -0.552828
0.962 -0.999936
0.9622 -0.533722
0.9624 0.420096
0.9626 0.99013
0.9628 0.655383
0.963 -0.278391
0.9632 -0.957734
0.9634 -0.761473
0.9636 0.131124
0.9638 0.90385
0.964 0.849814
0.9642 0.0182539
0.9644 -0.830064
0.9646 -0.918706
0.9648 -0.166334
0.965 0.738387
0.9652 0.96696
0.9654 0.309839
0.9656 -0.63119
0.9658 -0.9939
0.966 -0.445697
0.9662 0.511125
0.9664 0.999361
0.9666 0.571112
0.9668 -0.381054
0.967 -0.983674
0.9672 -0.683617
0.9674 0.243964
0.9676 0.94763
0.9678 0.781119
0.968 -0.102893
0.9682 -0.892444
0.9684 -0.861934
0.9686 -0.039145
0.9688 0.819703
0.969 0.924804
0.9692 0.179233
0.9694 -0.73131
0.9696 -0.968906
0.9698 -0.314612
0.97 0.629423
0.9702 0.993845
0.9704 0.442735
0.9706 -0.516392
0.9708 -0.999642
0.971 -0.561315
0.9712 0.394695
0.9714 0.986712
0.9716 0.668358
0.9718 -0.266876
0.972 -0.955823
0.9722 -0.762195
0.9724 0.135482
0.9726 0.908069
0.9728 0.841494
0.973 -0.003012
0.9732 -0.844815
0.9734 -0.905268
0.9736 -0.128138
0.9738 0.767661
0.974 0.952875
0.9742 0.255715
0.9744 -0.678384
0.9746 -0.984009
0.9748 -0.377648
0.975 0.578895
0.9752 0.998681
0.9754 0.492079
0.9756 -0.471189
0.9758 -0.997198
0.976 -0.597383
0.9762 0.357297
0.9764 0.980136
0.9766 0.692184
0.9768 -0.239249
0.977 -0.948308
0.9772 -0.775366
0.9774 0.119027
0.9776 0.902733
0.9778 0.846071
0.978 0.00146171
0.9782 -0.844599
0.9784 -0.903698
0.9786 -0.120419
0.9788 0.775227
0.979 0.947894
0.9792 0.23618
0.9794 -0.696039
0.9796 -0.978541
0.9798 -0.34723
0.98 0.608522
0.9802 0.995736
0.9804 0.452223
0.9806 -0.514197
0.9808 -0.999775
0.981 -0.549989
0.9812 0.41459
0.9814 0.99113
0.9816 0.639538
0.9818 -0.311207
0.982 -0.970427
0.9822 -0.720064
0.9824 0.205507
0.9826 0.93842
0.9828 0.79094
0.983 -0.0988857
0.9832 -0.89597
0.9834 -0.851714
0.9836 -0.00734298
0.9838 0.844019
0.984 0.902101
0.9842 0.11196
0.9844 -0.783571
0.9846 -0.941967
0.9848 -0.213852
0.985 0.715668
0.9852 0.971326
0.9854 0.312015
0.9856 -0.641374
0.9858 -0.990319
0.986 -0.405566
0.9862 0.561755
0.9864 0.999201
0.9866 0.493737
0.9868 -0.477862
0.987 -0.998329
0.9872 -0.575878
0.9874 0.390723
0.9876 0.988147
0.9878 0.651454
0.988 -0.301324
0.9882 -0.969166
0.9884 -0.720044
0.9886 0.210607
0.9888 0.941959
0.989 0.781331
0.9892 -0.119457
0.9894 -0.90714
0.9896 -0.835095
0.9898 0.0286964
0.99 0.865356
0.9902 0.881211
0.9904 0.0609149
0.9906 -0.817275
0.9908 -0.919638
0.991 -0.148686
0.9912 0.763573
0.9914 0.950409
0.9916 0.233996
0.9918 -0.704929
0.992 -0.973625
0.9922 -0.316291
0.9924 0.642015
0.9926 0.989446
0.9928 0.395086
0.993 -0.575489
0.9932 -0.998084
0.9934 -0.469963
0.9936 0.505987
0.9938 0.999793
0.994 0.540566
0.9942 -0.434126
0.9944 -0.994861
0.9946 -0.6066
0.9948 0.360489
0.995 0.983609
0.9952 0.667825
0.9954 -0.285632
0.9956 -0.966375
0.9958 -0.724054
0.996 0.210077
0.9962 0.943517
0.9964 0.775149
0.9966 -0.134312
0.9968 -0.915402
0.997 -0.821016
0.9972 0.0587906
0.9974 0.882404
0.9976 0.861599
0.9978 0.0160684
0.998 -0.844901
0.9982 -0.896878
0.9984 -0.0898807
0.9986 0.803265
0.9988 0.926866
0.999 0.162295
0.9992 -0.757869
0.9994 -0.9516
0.9996 -0.232992
0.9998 0.709076
