0 15.1907
2 -16.6604
4 30.952
6 -16.5461
8 42.6127
10 -16.8652
12 22.0772
14 -16.7479
16 18.724
18 -16.9044
20 19.1684
22 -16.6735
24 14.6611
26 -16.8243
28 11.2382
30 -17.0956
32 5.53712
34 -17.1768
36 0.319674
38 -16.3841
40 -6.10036
42 -16.8421
44 -11.4876
46 -17.948
48 -14.7178
50 -16.5735
52 -16.3911
54 -16.6041
56 -15.3869
58 -17.0405
60 -17.4552
62 -16.7743
64 -14.5512
66 -15.4918
68 -17.2564
70 -17.6519
72 -19.6469
74 -16.6689
76 -17.3779
78 -17.1525
80 -21.3152
82 -17.2311
84 -16.2515
86 -17.7084
88 -16.5183
90 -16.6864
92 -17.9023
94 -17.2471
96 -16.6227
98 -14.7855
100 -17.7772
102 -16.0843
104 -18.01
106 -16.7024
108 -17.2005
110 -16.7649
112 -18.9387
114 -18.6022
116 -16.8083
118 -15.7663
120 -17.8642
122 -17.0053
124 -16.2526
126 -17.111
128 -16.9895
130 -15.8434
132 -15.4873
134 -16.5374
136 -17.1901
138 -16.3921
140 -17.2451
142 -16.1307
144 -16.285
146 -16.9058
148 -15.205
150 -16.9146
152 -16.0141
154 -15.495
156 -16.8699
158 -16.8718
160 -19.6984
162 -15.3835
164 -11.9578
166 -18.8221
168 -16.9385
170 -15.6441
172 -17.8286
174 -16.7354
176 -15.728
178 -16.9308
180 -18.6366
182 -15.5617
184 -16.0719
186 -16.8094
188 -17.3422
190 -15.066
192 -16.6283
194 -19.2007
196 -14.2865
198 -17.2558
200 -14.4233
202 -17.3056
204 -14.9444
206 -15.4818
208 -15.3528
210 -17.3147
212 -16.1697
214 -17.6607
216 -17.4028
218 -18.4797
220 -14.0271
222 -18.8961
224 -15.2577
226 -17.6624
228 -16.3567
230 -16.8865
232 -16.0641
234 -13.4987
236 -17.3287
238 -12.2307
240 -14.1651
242 -12.2359
244 -16.8216
246 -13.0839
248 -14.975
250 -10.7301
252 -15.8572
254 -15.821
256 -17.238
258 -16.4974
260 -17.6275
262 -17.3805
264 -19.0521
266 -16.2945
268 -15.3354
270 -13.9598
272 -15.143
274 -14.3477
276 -19.7671
278 -13.6101
280 -16.6082
282 -15.0929
284 -15.8939
286 -13.5776
288 -17.1311
290 -14.431
292 -18.6738
294 -16.6002
296 -17.3595
298 -17.2331
300 -10.3154
302 -16.1235
304 -15.2205
306 -12.0745
308 -15.5534
310 -19.0485
312 -15.5837
314 -16.1986
316 -19.6737
318 -17.729
320 -13.0653
322 -17.1835
324 -16.2054
326 -15.8231
328 -15.6745
330 -16.1218
332 -18.3992
334 -11.3036
336 -14.9308
338 -21.0876
340 -9.22371
342 -15.2802
344 -23.1065
346 -20.0714
348 -14.8417
350 -15.1517
352 -26.1511
354 -16.5706
356 -17.4183
358 -20.3412
360 -20.5829
362 -13.3336
364 -13.7371
366 -16.6355
368 -17.1334
370 -14.4598
372 -16.4999
374 -13.344
376 -14.3839
378 -15.4793
380 -16.0253
382 -13.361
384 -16.8262
386 -13.1621
388 -17.0745
390 -15.9647
392 -14.7033
394 -12.023
396 -17.489
398 -14.1667
400 -16.4123
402 -20.3829
404 -16.5041
406 -20.4707
408 -12.6972
410 -17.2999
412 -15.4515
414 -16.8667
416 -14.6311
418 -15.085
420 -16.4675
422 -14.3281
424 -12.4158
426 -14.8709
428 -20.4482
430 -17.7687
432 -15.0133
434 -13.7835
436 -17.5365
438 -13.7198
440 -15.022
442 -14.5868
444 -14.4564
446 -14.7343
448 -13.0517
450 -17.5268
452 -12.2267
454 -15.2846
456 -15.9109
458 -14.0056
460 -19.6158
462 -16.2565
464 -16.2092
466 -16.9402
468 -14.2905
470 -16.9943
472 -18.5169
474 -12.3984
476 -10.9929
478 -18.6144
480 -17.0483
482 -11.914
484 -10.9388
486 -16.7582
488 -17.177
490 -22.0142
492 -18.9758
494 -19.6198
496 -22.5122
498 -15.0572
500 -16.8881
502 -18.7191
504 -16.6294
506 -20.1678
508 -18.2228
510 -8.13534
512 -14.9499
514 -15.0896
516 -11.923
518 -16.6169
520 -16.7931
522 -14.6044
524 -16.4885
526 -13.0991
528 -14.808
530 -14.4753
532 -14.1496
534 -16.2706
536 -14.9228
538 -14.041
540 -27.2403
542 -19.7148
544 -11.184
546 -15.3466
548 -16.9102
550 -15.1376
552 -10.1151
554 -14.8172
556 -13.9327
558 -16.8011
560 -8.98874
562 -15.2308
564 -16.9667
566 -13.4762
568 -12.2111
570 -22.2316
572 -15.7832
574 -16.2102
576 -17.0351
578 -12.3855
580 -18.6173
582 -18.1307
584 -14.7057
586 -17.5064
588 -12.9808
590 -13.9593
592 -13.4684
594 -8.67542
596 -17.4168
598 -7.71058
600 -16.3068
602 -19.2141
604 -19.1271
606 -15.622
608 -14.3053
610 -12.272
612 -11.1261
614 -19.8704
616 -12.3371
618 -13.4537
620 -13.5226
622 -14.4975
624 -16.0603
626 -12.1273
628 -14.8976
630 -15.9742
632 -15.36
634 -10.2409
636 -13.5926
638 -14.9942
640 -21.5361
642 -13.958
644 -14.2432
646 -17.7267
648 -16.2763
650 -15.1902
652 -14.6789
654 -18.1507
656 -22.3483
658 -16.919
660 -14.3583
662 -18.3794
664 -13.4701
666 -13.664
668 -15.5282
670 -16.7189
672 -8.71835
674 -16.2445
676 -18.0945
678 -14.7999
680 -13.5732
682 -14.4523
684 -16.9938
686 -14.383
688 -9.2929
690 -17.3183
692 -13.9394
694 -16.8193
696 -15.7376
698 -9.75512
700 -13.6842
702 -20.7547
704 -8.86875
706 -7.75342
708 -13.6162
710 -21.0267
712 -13.7336
714 -16.0532
716 -15.8075
718 -13.2072
720 -11.9119
722 -13.1439
724 -9.74409
726 -11.2885
728 -13.3494
730 -16.5574
732 -14.5084
734 -8.4637
736 -16.961
738 -20.902
740 -20.8666
742 -13.054
744 -12.0714
746 -18.2538
748 -13.799
750 -16.9454
752 -13.4312
754 -13.2571
756 -19.4751
758 -12.0542
760 -9.70254
762 -18.8409
764 -12.3512
766 -14.1518
768 -10.094
770 -13.2831
772 -13.2161
774 -16.1486
776 -13.3628
778 -11.3942
780 -12.2555
782 -13.4314
784 -7.77612
786 -8.96965
788 -8.45391
790 -16.7376
792 -11.4039
794 -15.6883
796 -13.8811
798 -15.4482
800 -8.1052
802 -15.4776
804 -12.1673
806 -15.142
808 -17.7139
810 -25.1222
812 -15.1357
814 -13.6241
816 -12.7938
818 -8.84079
820 -19.0473
822 -7.19614
824 -14.1339
826 -15.3312
828 -10.8721
830 -7.42032
832 -14.4667
834 -11.2223
836 -11.0868
838 -15.6658
840 -14.3409
842 -13.1212
844 -14.2285
846 -18.3361
848 -15.265
850 -12.8684
852 -12.5117
854 -15.4508
856 -15.0103
858 -12.4996
860 -14.1586
862 -16.2022
864 -15.6965
866 -16.9562
868 -12.4293
870 -11.4179
872 -8.48056
874 -15.9032
876 -15.1832
878 -16.8759
880 -14.5616
882 -14.2677
884 -13.9608
886 -16.2734
888 -14.7574
890 -13.8895
892 -15.3506
894 -15.6498
896 -11.8678
898 -15.1198
900 -20.4661
902 -16.4842
904 -16.7383
906 -17.7669
908 -18.6704
910 -9.99988
912 -16.9469
914 -15.2711
916 -13.1749
918 -21.671
920 -9.9801
922 -15.8396
924 -12.7151
926 -8.25059
928 -14.3456
930 -9.39538
932 -15.9319
934 -10.0543
936 -17.0596
938 -15.3846
940 -10.2191
942 -15.7125
944 -10.9304
946 -14.0076
948 -13.3431
950 -16.752
952 -13.5599
954 -14.4708
956 -11.8709
958 -13.9052
960 -6.36234
962 -12.8705
964 0.437532
966 -12.6032
968 5.63957
970 -10.8983
972 11.2293
974 -15.8955
976 14.6591
978 -12.1715
980 19.168
982 -10.6315
984 18.7233
986 -21.0802
988 22.0778
990 -10.902
992 42.6127
994 -6.7217
996 30.9524
998 -7.69205
