0 1.4
0.0002 0.750154
0.0004 -0.596078
0.0006 -1.38889
0.0008 -0.892318
0.001 0.432566
0.0012 1.35576
0.0014 1.02029
0.0016 -0.262244
0.0018 -1.30113
0.002 -1.13202
0.0022 0.0878501
0.0024 1.22589
0.0026 1.22573
0.0028 0.0878151
0.003 -1.13127
0.0032 -1.29991
0.0034 -0.261931
0.0036 1.0188
0.0038 1.35341
0.004 0.431704
0.0042 -0.890303
0.0044 -1.38539
0.0046 -0.594417
0.0048 0.747864
0.005 1.39536
0.0052 0.747467
0.0054 -0.593786
0.0056 -1.38319
0.0058 -0.888416
0.006 0.430561
0.0062 1.34911
0.0064 1.01502
0.0066 -0.260822
0.0068 -1.29373
0.007 -1.12529
0.0072 0.0873045
0.0074 1.21795
0.0076 1.21747
0.0078 0.0872009
0.008 -1.12306
0.0082 -1.29015
0.0084 -0.259894
0.0086 1.01061
0.0088 1.34219
0.009 0.428012
0.0092 -0.882459
0.0094 -1.37283
0.0096 -0.588873
0.0098 0.740697
0.01 1.38163
0.0102 0.739921
0.0104 -0.58764
0.0106 -1.36852
0.0108 -0.878766
0.011 0.425775
0.0112 1.33377
0.0114 1.00322
0.0116 -0.257724
0.0118 -1.27803
0.012 -1.11135
0.0122 0.0862016
0.0124 1.20226
0.0126 1.20148
0.0128 0.0860339
0.013 -1.10775
0.0132 -1.27224
0.0134 -0.256222
0.0136 0.996085
0.0138 1.32256
0.014 0.421648
0.0142 -0.869122
0.0144 -1.35174
0.0146 -0.579685
0.0148 0.72896
0.015 1.3594
0.0152 0.727837
0.0154 -0.577901
0.0156 -1.34551
0.0158 -0.863781
0.016 0.418412
0.0162 1.31039
0.0164 0.9854
0.0166 -0.253084
0.0168 -1.25472
0.017 -1.09082
0.0172 0.0845887
0.0174 1.17949
0.0176 1.17844
0.0178 0.084364
0.018 -1.08599
0.0182 -1.24696
0.0184 -0.251072
0.0186 0.975834
0.0188 1.29538
0.019 0.412885
0.0192 -0.850861
0.0194 -1.32304
0.0196 -0.567245
0.0198 0.713153
0.02 1.32962
0.0202 0.711732
0.0204 -0.564986
0.0206 -1.31514
0.0208 -0.844098
0.021 0.408787
0.0212 1.27997
0.0214 0.962306
0.0216 -0.247098
0.0218 -1.22478
0.022 -1.06456
0.0222 0.0825343
0.0224 1.15059
0.0226 1.14933
0.0228 0.082262
0.023 -1.05871
0.0232 -1.21537
0.0234 -0.244661
0.0236 0.950719
0.0238 1.26177
0.024 0.402091
0.0242 -0.828448
0.0244 -1.28792
0.0246 -0.552078
0.0248 0.693945
0.025 1.29355
0.0252 0.692284
0.0254 -0.549439
0.0256 -1.2787
0.0258 -0.820548
0.026 0.397305
0.0262 1.24377
0.0264 0.934915
0.0266 -0.240019
0.0268 -1.18947
0.027 -1.03367
0.0272 0.0801245
0.0274 1.11679
0.0276 1.11536
0.0278 0.0798161
0.028 -1.02705
0.0282 -1.17881
0.0284 -0.237259
0.0286 0.921791
0.0288 1.22317
0.029 0.38972
0.0292 -0.80282
0.0294 -1.24787
0.0296 -0.534817
0.0298 0.672135
0.03 1.25268
0.0302 0.670305
0.0304 -0.531908
0.0306 -1.2377
0.0308 -0.79411
0.031 0.384442
0.0312 1.20332
0.0314 0.904365
0.0316 -0.23214
0.0318 -1.15024
0.032 -0.999434
0.0322 0.0774592
0.0324 1.07948
0.0326 1.07794
0.0328 0.0771273
0.033 -0.992306
0.0332 -1.13878
0.0334 -0.229169
0.0336 0.890239
0.0338 1.18114
0.034 0.376279
0.0342 -0.77503
0.0344 -1.20451
0.0346 -0.51617
0.0348 0.648619
0.035 1.2087
0.0352 0.646692
0.0354 -0.513108
0.0356 -1.19381
0.0358 -0.765862
0.036 0.370724
0.0362 1.16025
0.0364 0.871897
0.0366 -0.223782
0.0368 -1.10871
0.037 -0.963242
0.0372 0.0746465
0.0374 1.04018
0.0376 1.03859
0.0378 0.0743043
0.038 -0.955895
0.0382 -1.09689
0.0384 -0.220719
0.0386 0.857336
0.0388 1.13738
0.039 0.362309
0.0392 -0.746193
0.0394 -1.1596
0.0396 -0.496885
0.0398 0.624336
0.04 1.16337
0.0402 0.622389
0.0404 -0.49379
0.0406 -1.14879
0.0408 -0.736928
0.041 0.356695
0.0412 1.11627
0.0414 0.838801
0.0416 -0.215275
0.0418 -1.0665
0.042 -0.926523
0.0422 0.0717972
0.0424 1.00043
0.0426 0.998848
0.0428 0.0714581
0.043 -0.91924
0.0432 -1.05478
0.0434 -0.212239
0.0436 0.824368
0.0438 1.09361
0.044 0.348354
0.0442 -0.717432
0.0444 -1.11488
0.0446 -0.477709
0.0448 0.600229
0.045 1.11842
0.0452 0.598336
0.0454 -0.4747
0.0456 -1.10436
0.0458 -0.708422
0.046 0.342895
0.0462 1.07308
0.0464 0.806343
0.0466 -0.206944
0.0468 -1.02523
0.047 -0.890676
0.0472 0.06902
0.0474 0.961736
0.0476 0.960231
0.0478 0.0686964
0.048 -0.883729
0.0482 -1.01406
0.0484 -0.204048
0.0486 0.792573
0.0488 1.05146
0.049 0.334938
0.0492 -0.689822
0.0494 -1.07201
0.0496 -0.459357
0.0498 0.577193
0.05 1.07554
0.0502 0.575421
0.0504 -0.456542
0.0506 -1.06217
0.0508 -0.681393
0.051 0.32983
0.0512 1.03225
0.0514 0.775708
0.0516 -0.199094
0.0518 -0.986408
0.052 -0.857003
0.0522 0.0664151
0.0524 0.925506
0.0526 0.924125
0.0528 0.0661184
0.053 -0.850632
0.0532 -0.976159
0.0534 -0.196439
0.0536 0.763083
0.0538 1.01243
0.054 0.322533
0.0542 -0.664337
0.0544 -1.0325
0.0546 -0.442473
0.0548 0.556034
0.055 1.03622
0.0552 0.554444
0.0554 -0.439946
0.0556 -1.02367
0.0558 -0.656771
0.056 0.317949
0.0562 0.995183
0.0564 0.747944
0.0566 -0.191992
0.0568 -0.951339
0.057 -0.826641
0.0572 0.0640705
0.0574 0.892952
0.0576 0.891741
0.0578 0.0638102
0.058 -0.821051
0.0582 -0.942347
0.0584 -0.189662
0.0586 0.736867
0.0588 0.97779
0.059 0.311546
0.0592 -0.641805
0.0594 -0.997642
0.0596 -0.427601
0.0598 0.537431
0.06 1.00172
0.0602 0.53607
0.0604 -0.425438
0.0606 -0.990082
0.0608 -0.63533
0.061 0.307622
0.0612 0.963032
0.0614 0.723909
0.0616 -0.185856
0.0618 -0.921103
0.062 -0.800516
0.0622 0.0620572
0.0624 0.865056
0.0626 0.864048
0.0628 0.0618406
0.063 -0.795863
0.0632 -0.913617
0.0634 -0.183916
0.0636 0.714687
0.0638 0.948551
0.064 0.302292
0.0642 -0.62287
0.0644 -0.968411
0.0646 -0.415159
0.0648 0.521905
0.065 0.972988
0.0652 0.520807
0.0654 -0.413415
0.0656 -0.962314
0.0658 -0.617647
0.066 0.299127
0.0662 0.936648
0.0664 0.704236
0.0666 -0.180846
0.0668 -0.896481
0.067 -0.779297
0.0672 0.0604264
0.0674 0.842521
0.0676 0.841737
0.0678 0.060258
0.068 -0.775682
0.0682 -0.890664
0.0684 -0.179339
0.0686 0.69707
0.0688 0.925395
0.069 0.294985
0.0692 -0.607964
0.0694 -0.94547
0.0696 -0.405426
0.0698 0.509796
0.07 0.950654
0.0702 0.508981
0.0704 -0.40413
0.0706 -0.940942
0.0708 -0.604085
0.071 0.292634
0.0712 0.916553
0.0714 0.689307
0.0716 -0.177059
0.0718 -0.877934
0.072 -0.763375
0.0722 0.0592074
0.0724 0.825741
0.0726 0.825192
0.0728 0.0590893
0.073 -0.760839
0.0732 -0.873855
0.0734 -0.176002
0.0736 0.684281
0.0738 0.908661
0.074 0.289729
0.0742 -0.597292
0.0744 -0.929126
0.0746 -0.398525
0.0748 0.501256
0.075 0.934982
0.0752 0.500726
0.0754 -0.397684
0.0756 -0.926186
0.0758 -0.594775
0.076 0.288203
0.0762 0.902921
0.0764 0.679241
0.0766 -0.174521
0.0768 -0.865588
0.077 -0.752846
0.0772 0.0584068
0.0774 0.8148
0.0776 0.814481
0.0778 0.0583383
0.078 -0.751376
0.0782 -0.863222
0.0784 -0.173908
0.0786 0.676325
0.0788 0.898343
0.079 0.286517
0.0792 -0.590833
0.0794 -0.919328
0.0796 -0.39443
0.0798 0.49624
0.08 0.925878
0.0802 0.495986
0.0804 -0.394026
0.0806 -0.917914
0.0808 -0.589621
0.081 0.285783
0.0812 0.89558
0.0814 0.673899
0.0816 -0.173195
0.0818 -0.859239
0.082 -0.747523
0.0822 0.0580092
0.0824 0.809467
0.0826 0.809364
0.0828 0.0579871
0.083 -0.747048
0.0832 -0.858474
0.0834 -0.172996
0.0836 0.672954
0.0838 0.894096
0.084 0.285236
0.0842 -0.588342
0.0844 -0.915686
0.0846 -0.392967
0.0848 0.494525
0.085 0.922909
0.0852 0.494519
0.0854 -0.392959
0.0856 -0.915656
0.0858 -0.588316
0.086 0.28522
0.0862 0.894035
0.0864 0.672899
0.0866 -0.17298
0.0868 -0.858378
0.087 -0.746952
0.0872 0.0579786
0.0874 0.809232
0.0876 0.809318
0.0878 0.0579973
0.088 -0.747351
0.0882 -0.85902
0.0884 -0.173146
0.0886 0.673689
0.0888 0.895273
0.089 0.285675
0.0892 -0.589378
0.0894 -0.9175
0.0896 -0.393832
0.0898 0.495719
0.09 0.925338
0.0902 0.495926
0.0904 -0.39416
0.0906 -0.918645
0.0908 -0.590359
0.091 0.286269
0.0912 0.897506
0.0914 0.675648
0.0916 -0.173721
0.0918 -0.862227
0.092 -0.750448
0.0922 0.0582613
0.0924 0.813333
0.0926 0.813574
0.0928 0.0583132
0.093 -0.751562
0.0932 -0.864018
0.0934 -0.174185
0.0936 0.677853
0.0938 0.900967
0.094 0.287543
0.0942 -0.593333
0.0944 -0.923815
0.0946 -0.396609
0.0948 0.499299
0.095 0.932173
0.0952 0.49967
0.0954 -0.397199
0.0956 -0.925876
0.0958 -0.595098
0.096 0.288612
0.0962 0.904987
0.0964 0.681381
0.0966 -0.175221
0.0968 -0.869796
0.097 -0.757144
0.0972 0.0587893
0.0974 0.820817
0.0976 0.821172
0.0978 0.0588656
0.098 -0.758781
0.0982 -0.872429
0.0984 -0.175903
0.0986 0.684623
0.0988 0.910075
0.099 0.290484
0.0992 -0.599473
0.0994 -0.933481
0.0996 -0.400804
0.0998 0.504635
0.1 0.942236
0.1002 0.505117
0.1004 -0.401571
0.1006 -0.93616
0.1008 -0.601767
0.101 0.291874
0.1012 0.915301
0.1014 0.689209
0.1016 -0.177249
0.1018 -0.879943
0.102 -0.766041
0.1022 0.059485
0.1024 0.830596
0.1026 0.831018
0.1028 0.0595758
0.103 -0.767991
0.1032 -0.883081
0.1034 -0.178062
0.1036 0.693073
0.1038 0.921366
0.104 0.294106
0.1042 -0.606982
0.1044 -0.945226
0.1046 -0.405869
0.1048 0.511037
0.105 0.954237
0.1052 0.511574
0.1054 -0.406722
0.1056 -0.948208
0.1058 -0.609535
0.106 0.295653
0.1062 0.927183
0.1064 0.698179
0.1066 -0.179562
0.1068 -0.891446
0.107 -0.776075
0.1072 0.0602656
0.1074 0.841512
0.1076 0.841956
0.1078 0.060361
0.108 -0.778124
0.1082 -0.894742
0.1084 -0.180415
0.1086 0.702237
0.1088 0.933554
0.109 0.297997
0.1092 -0.615013
0.1094 -0.957732
0.1096 -0.411237
0.1098 0.517794
0.11 0.966846
0.1102 0.518329
0.1104 -0.412087
0.1106 -0.960703
0.1108 -0.617558
0.111 0.299538
0.1112 0.93935
0.1114 0.707325
0.1116 -0.181909
0.1118 -0.903077
0.112 -0.786178
0.1122 0.0610483
0.1124 0.852413
0.1126 0.852833
0.1128 0.0611385
0.113 -0.788116
0.1132 -0.906196
0.1134 -0.182717
0.1136 0.711165
0.1138 0.945378
0.114 0.301757
0.1142 -0.622741
0.1144 -0.969716
0.1146 -0.41636
0.1148 0.524215
0.115 0.978779
0.1152 0.524695
0.1154 -0.417122
0.1156 -0.97238
0.1158 -0.625023
0.116 0.303139
0.1162 0.950576
0.1164 0.715727
0.1166 -0.184057
0.1168 -0.913671
0.117 -0.79534
0.1172 0.0617549
0.1174 0.862212
0.1176 0.862567
0.1178 0.0618312
0.118 -0.796979
0.1182 -0.916307
0.1184 -0.18474
0.1186 0.718973
0.1188 0.95567
0.119 0.305014
0.1192 -0.629404
0.1194 -0.979997
0.1196 -0.420734
0.1198 0.52967
0.12 0.988864
0.1202 0.530047
0.1204 -0.421334
0.1206 -0.982095
0.1208 -0.631201
0.121 0.306102
0.1212 0.959764
0.1214 0.722566
0.1216 -0.185795
0.1218 -0.922194
0.122 -0.802667
0.1222 0.0623166
0.1224 0.869953
0.1226 0.870208
0.1228 0.0623715
0.123 -0.803845
0.1232 -0.924089
0.1234 -0.186286
0.1236 0.724899
0.1238 0.963426
0.124 0.30745
0.1242 -0.63435
0.1244 -0.98757
0.1246 -0.42393
0.1248 0.533623
0.125 0.996112
0.1252 0.533861
0.1254 -0.424308
0.1256 -0.988892
0.1258 -0.635482
0.126 0.308136
0.1262 0.966006
0.1264 0.727163
0.1266 -0.186951
0.1268 -0.927799
0.127 -0.80743
0.1272 0.0626773
0.1274 0.874861
0.1276 0.87499
0.1278 0.062705
0.128 -0.808024
0.1282 -0.928755
0.1284 -0.187198
0.1286 0.72834
0.1288 0.967854
0.129 0.308816
0.1292 -0.637071
0.1294 -0.991654
0.1296 -0.425617
0.1298 0.535664
0.13 0.999766
0.1302 0.535735
0.1304 -0.425731
0.1306 -0.992052
0.1308 -0.637412
0.131 0.309022
0.1312 0.96863
0.1314 0.729021
0.1316 -0.187398
0.1318 -0.929869
0.132 -0.8091
0.1322 0.0627968
0.1324 0.876386
0.1326 0.876371
0.1328 0.0627937
0.133 -0.809033
0.1332 -0.92976
0.1334 -0.18737
0.1336 0.728887
0.1338 0.968419
0.134 0.308945
0.1342 -0.63723
0.1344 -0.991735
0.1346 -0.42558
0.1348 0.535527
0.135 0.999341
0.1352 0.535417
0.1354 -0.425406
0.1356 -0.991127
0.1358 -0.636709
0.136 0.308629
0.1362 0.967232
0.1364 0.727845
0.1366 -0.187064
0.1368 -0.928051
0.137 -0.80738
0.1372 0.0626525
0.1374 0.874222
0.1376 0.874057
0.1378 0.0626171
0.138 -0.806619
0.1382 -0.926827
0.1384 -0.186747
0.1386 0.726337
0.1388 0.964865
0.139 0.307758
0.1392 -0.634672
0.1394 -0.987584
0.1396 -0.423726
0.1398 0.533102
0.14 0.994645
0.1402 0.53281
0.1404 -0.423261
0.1406 -0.98596
0.1408 -0.633281
0.141 0.306915
0.1412 0.961694
0.1414 0.723554
0.1416 -0.185929
0.1418 -0.922264
0.142 -0.802208
0.1422 0.0622406
0.1424 0.868326
0.1426 0.868015
0.1428 0.0621736
0.143 -0.800771
0.1432 -0.919952
0.1434 -0.18533
0.1436 0.720706
0.1438 0.957223
0.144 0.305269
0.1442 -0.629434
0.1444 -0.97927
0.1446 -0.420089
0.1448 0.528438
0.145 0.985779
0.1452 0.527973
0.1454 -0.41935
0.1456 -0.976688
0.1458 -0.627222
0.146 0.303929
0.1462 0.952183
0.1464 0.716281
0.1466 -0.18403
0.1468 -0.912699
0.147 -0.793761
0.1472 0.0615753
0.1474 0.858907
0.1476 0.858463
0.1478 0.0614797
0.148 -0.791709
0.1482 -0.909398
0.1484 -0.183175
0.1486 0.712216
0.1488 0.9458
0.149 0.30158
0.1492 -0.621731
0.1494 -0.967138
0.1496 -0.414821
0.1498 0.521733
0.15 0.973125
0.1502 0.521118
0.1504 -0.413843
0.1506 -0.96372
0.1508 -0.618804
0.151 0.299806
0.1512 0.939129
0.1514 0.706359
0.1516 -0.181455
0.1518 -0.899798
0.152 -0.78243
0.1522 0.0606878
0.1524 0.84641
0.1526 0.845854
0.1528 0.0605684
0.153 -0.779867
0.1532 -0.895673
0.1534 -0.180386
0.1536 0.701279
0.1538 0.931152
0.154 0.29687
0.1542 -0.611942
0.1544 -0.951788
0.1546 -0.408185
0.1548 0.513321
0.155 0.957314
0.1552 0.512587
0.1554 -0.407018
0.1556 -0.94771
0.1558 -0.60845
0.156 0.294754
0.1562 0.923194
0.1564 0.694292
0.1566 -0.178334
0.1568 -0.884222
0.157 -0.768798
0.1572 0.0596237
0.1574 0.831476
0.1576 0.830839
0.1578 0.0594868
0.158 -0.765857
0.1582 -0.87949
0.1584 -0.177109
0.1586 0.688464
0.1588 0.914045
0.159 0.291386
0.1592 -0.600579
0.1594 -0.934023
0.1596 -0.400527
0.1598 0.503643
0.16 0.939178
0.1602 0.50283
0.1604 -0.399234
0.1606 -0.929504
0.1608 -0.596708
0.161 0.289041
0.1612 0.905225
0.1614 0.680721
0.1616 -0.174834
0.1618 -0.866799
0.162 -0.75359
0.1622 0.0584398
0.1624 0.814904
0.1626 0.81422
0.1628 0.0582927
0.163 -0.750431
0.1632 -0.861716
0.1634 -0.173518
0.1636 0.674461
0.1638 0.895395
0.164 0.285423
0.1642 -0.588253
0.1644 -0.914799
0.1646 -0.392261
0.1648 0.493222
0.165 0.919695
0.1652 0.492373
0.1654 -0.390912
0.1656 -0.910083
0.1658 -0.584214
0.166 0.282976
0.1662 0.886191
0.1664 0.66638
0.1666 -0.171144
0.1668 -0.848471
0.167 -0.737629
0.1672 0.0572001
0.1674 0.797591
0.1676 0.796897
0.1678 0.0570507
0.168 -0.734423
0.1682 -0.843312
0.1684 -0.169808
0.1686 0.660026
0.1688 0.876215
0.169 0.279304
0.1692 -0.575632
0.1694 -0.895159
0.1696 -0.383835
0.1698 0.482621
0.17 0.899921
0.1702 0.481783
0.1704 -0.382502
0.1706 -0.890502
0.1708 -0.571643
0.171 0.276887
0.1712 0.867125
0.1714 0.652046
0.1716 -0.167464
0.1718 -0.830232
0.172 -0.72178
0.1722 0.0559717
0.1724 0.780474
0.1726 0.779806
0.1728 0.0558282
0.173 -0.7187
0.1732 -0.825275
0.1734 -0.16618
0.1736 0.645941
0.1738 0.85754
0.174 0.273359
0.1742 -0.563398
0.1744 -0.876162
0.1746 -0.375703
0.1748 0.472413
0.175 0.880921
0.1752 0.47163
0.1754 -0.374458
0.1756 -0.871813
0.1758 -0.559672
0.176 0.271102
0.1762 0.84905
0.1764 0.638488
0.1766 -0.163991
0.1768 -0.813059
0.177 -0.706892
0.1772 0.0548205
0.1774 0.764468
0.1776 0.763863
0.1778 0.0546904
0.178 -0.7041
0.1782 -0.808567
0.1784 -0.162827
0.1786 0.632956
0.1788 0.840364
0.179 0.267905
0.1792 -0.552199
0.1794 -0.858817
0.1796 -0.368295
0.1798 0.463139
0.18 0.863701
0.1802 0.462452
0.1804 -0.367204
0.1806 -0.855002
0.1808 -0.548932
0.181 0.265925
0.1812 0.832918
0.1814 0.626419
0.1816 -0.160907
0.1818 -0.797852
0.182 -0.693743
0.1822 0.0538065
0.1824 0.75041
0.1826 0.749899
0.1828 0.0536966
0.183 -0.691383
0.1832 -0.794055
0.1834 -0.159923
0.1836 0.621742
0.1838 0.825574
0.184 0.263222
0.1842 -0.542614
0.1844 -0.844015
0.1846 -0.361994
0.1848 0.455273
0.185 0.849142
0.1852 0.454716
0.1854 -0.36111
0.1856 -0.840925
0.1858 -0.539968
0.186 0.261618
0.1862 0.819543
0.1864 0.616447
0.1866 -0.158368
0.1868 -0.785376
0.187 -0.682994
0.1872 0.0529806
0.1874 0.739
0.1876 0.738607
0.1878 0.052896
0.188 -0.681179
0.1882 -0.782456
0.1884 -0.157612
0.1886 0.61285
0.1888 0.813896
0.189 0.25954
0.1892 -0.535109
0.1894 -0.832476
0.1896 -0.357103
0.1898 0.449195
0.19 0.837944
0.1902 0.448794
0.1904 -0.356466
0.1906 -0.830253
0.1908 -0.533205
0.191 0.258386
0.1912 0.809556
0.1914 0.60904
0.1916 -0.156493
0.1918 -0.77621
0.192 -0.675142
0.1922 0.0523807
0.1924 0.730763
0.1926 0.730505
0.1928 0.0523252
0.193 -0.673949
0.1932 -0.774292
0.1934 -0.155995
0.1936 0.606677
0.1938 0.805846
0.194 0.25702
0.1942 -0.530012
0.1944 -0.8247
0.1946 -0.353833
0.1948 0.445165
0.195 0.830583
0.1952 0.444936
0.1954 -0.353469
0.1956 -0.823427
0.1958 -0.528922
0.196 0.256359
0.1962 0.80336
0.1964 0.604495
0.1966 -0.155354
0.1968 -0.770714
0.197 -0.670491
0.1972 0.0520299
0.1974 0.72601
0.1976 0.725894
0.1978 0.052005
0.198 -0.669957
0.1982 -0.769854
0.1984 -0.155132
0.1986 0.603436
0.1988 0.801698
0.199 0.255747
0.1992 -0.527491
0.1994 -0.820937
0.1996 -0.352288
0.1998 0.443308
0.2 0.827281
0.2002 0.443254
0.2004 -0.352201
0.2006 -0.820635
0.2008 -0.527232
0.201 0.25559
0.2012 0.801108
0.2014 0.602918
0.2016 -0.15498
0.2018 -0.769004
0.202 -0.669134
0.2022 0.0519347
0.2024 0.724823
0.2026 0.724848
0.2028 0.0519402
0.203 -0.66925
0.2032 -0.769191
0.2034 -0.155028
0.2036 0.603149
0.2038 0.80147
0.204 0.255723
0.2042 -0.527543
0.2044 -0.821174
0.2046 -0.352456
0.2048 0.443604
0.205 0.82799
0.2052 0.443717
0.2054 -0.352636
0.2056 -0.821801
0.2058 -0.528079
0.206 0.256048
0.2062 0.802692
0.2064 0.604221
0.2066 -0.155343
0.2068 -0.770947
0.207 -0.670946
0.2072 0.0520848
0.2074 0.727048
0.2076 0.727204
0.2078 0.0521182
0.208 -0.671664
0.2082 -0.772101
0.2084 -0.155642
0.2086 0.605641
0.2088 0.804921
0.209 0.256869
0.2092 -0.529996
0.2094 -0.825133
0.2096 -0.354215
0.2098 0.445893
0.21 0.8324
0.2102 0.446154
0.2104 -0.35463
0.2106 -0.826584
0.2108 -0.531239
0.211 0.257622
0.2112 0.807752
0.2114 0.608126
0.2116 -0.156371
0.2118 -0.776171
0.212 -0.675597
0.2122 0.0524538
0.2124 0.732309
0.2126 0.732575
0.2128 0.052511
0.213 -0.676824
0.2132 -0.778146
0.2134 -0.156883
0.2136 0.610558
0.2138 0.81157
0.214 0.259027
0.2142 -0.534522
0.2144 -0.832292
0.2146 -0.357337
0.2148 0.449882
0.215 0.839957
0.2152 0.450263
0.2154 -0.357942
0.2156 -0.834409
0.2158 -0.536335
0.216 0.260125
0.2162 0.815701
0.2164 0.614184
0.2166 -0.157948
0.2168 -0.784087
0.217 -0.682565
0.2172 0.0530009
0.2174 0.740029
0.2176 0.740379
0.2178 0.0530761
0.218 -0.68418
0.2182 -0.786686
0.2184 -0.158621
0.2186 0.617384
0.2188 0.820724
0.219 0.261974
0.2192 -0.540655
0.2194 -0.84192
0.2196 -0.361504
0.2198 0.455169
0.22 0.849902
0.2202 0.455634
0.2204 -0.362242
0.2206 -0.844502
0.2208 -0.542866
0.221 0.263313
0.2212 0.825761
0.2214 0.621805
0.2216 -0.159919
0.2218 -0.793931
0.222 -0.691182
0.2222 0.0536735
0.2224 0.74947
0.2226 0.749871
0.2228 0.0537599
0.223 -0.693036
0.2232 -0.796913
0.2234 -0.160692
0.2236 0.625478
0.2238 0.831527
0.224 0.265435
0.2242 -0.547824
0.2244 -0.853124
0.2246 -0.36633
0.2248 0.461265
0.225 0.861319
0.2252 0.461771
0.2254 -0.367135
0.2256 -0.855937
0.2258 -0.550234
0.226 0.266895
0.2262 0.837017
0.2264 0.630298
0.2266 -0.162107
0.2268 -0.804811
0.227 -0.700668
0.2272 0.0544111
0.2274 0.759781
0.2276 0.760199
0.2278 0.0545009
0.228 -0.702596
0.2282 -0.807913
0.2284 -0.162911
0.2286 0.634118
0.2288 0.843015
0.229 0.269102
0.2292 -0.555392
0.2294 -0.864906
0.2296 -0.371387
0.2298 0.467629
0.23 0.873195
0.2302 0.468133
0.2304 -0.372188
0.2306 -0.867705
0.2308 -0.557789
0.231 0.270555
0.2312 0.848476
0.2314 0.638912
0.2316 -0.164319
0.2318 -0.815768
0.232 -0.710187
0.2322 0.0551487
0.2324 0.770056
0.2326 0.770453
0.2328 0.0552341
0.233 -0.712021
0.2332 -0.818718
0.2334 -0.165083
0.2336 0.642545
0.2338 0.854179
0.234 0.272653
0.2342 -0.562694
0.2344 -0.876233
0.2346 -0.376231
0.2348 0.473703
0.235 0.884488
0.2352 0.47416
0.2354 -0.376958
0.2356 -0.878771
0.2358 -0.564868
0.236 0.27397
0.2362 0.859132
0.2364 0.646892
0.2366 -0.166359
0.2368 -0.825842
0.237 -0.718904
0.2372 0.0558215
0.2374 0.779391
0.2376 0.779733
0.2378 0.0558949
0.238 -0.720481
0.2382 -0.828378
0.2384 -0.167017
0.2386 0.650016
0.2388 0.864036
0.239 0.275775
0.2392 -0.569085
0.2394 -0.886104
0.2396 -0.380434
0.2398 0.478949
0.24 0.894197
0.2402 0.479318
0.2404 -0.381021
0.2406 -0.888153
0.2408 -0.57084
0.241 0.276839
0.2412 0.868034
0.2414 0.653526
0.2416 -0.168047
0.2418 -0.834129
0.242 -0.726039
0.2422 0.0563691
0.2424 0.786948
0.2426 0.787203
0.2428 0.0564239
0.243 -0.727214
0.2432 -0.83602
0.2434 -0.168537
0.2436 0.655854
0.2438 0.871689
0.244 0.278184
0.2442 -0.573983
0.2444 -0.893618
0.2446 -0.383611
0.2448 0.482887
0.245 0.901432
0.2452 0.483133
0.2454 -0.384002
0.2456 -0.894984
0.2458 -0.575153
0.246 0.278893
0.2462 0.874355
0.2464 0.658194
0.2466 -0.169224
0.2468 -0.839854
0.247 -0.730918
0.2472 0.0567399
0.2474 0.792011
0.2476 0.792154
0.2478 0.0567705
0.248 -0.731575
0.2482 -0.84091
0.2484 -0.169498
0.2486 0.659495
0.2488 0.876398
0.249 0.279644
0.2492 -0.576909
0.2494 -0.898037
0.2496 -0.385449
0.2498 0.485126
0.25 0.905472
0.2502 0.485223
0.2504 -0.385603
0.2506 -0.898574
0.2508 -0.577369
0.251 0.279922
0.2512 0.877445
0.2514 0.660414
0.2516 -0.169768
0.2518 -0.842415
0.252 -0.733029
0.2522 0.0568945
0.2524 0.794039
0.2526 0.794052
0.2528 0.0568972
0.253 -0.733087
0.2532 -0.842508
0.2534 -0.169792
0.2536 0.660528
0.2538 0.877624
0.254 0.279988
0.2542 -0.577522
0.2544 -0.89884
0.2546 -0.385729
0.2548 0.485395
0.255 0.90582
0.2552 0.485327
0.2554 -0.38562
0.2556 -0.898459
0.2558 -0.577196
0.256 0.279791
0.2562 0.87688
0.2564 0.659875
0.2566 -0.1696
0.2568 -0.841437
0.257 -0.732051
0.2572 0.0568087
0.2574 0.792705
0.2576 0.792579
0.2578 0.0567818
0.258 -0.731472
0.2582 -0.840506
0.2584 -0.169359
0.2586 0.658728
0.2588 0.875079
0.259 0.279127
0.2592 -0.575646
0.2594 -0.895763
0.2596 -0.384341
0.2598 0.483564
0.26 0.902245
0.2602 0.483327
0.2604 -0.383963
0.2606 -0.894443
0.2608 -0.574516
0.261 0.278443
0.2612 0.872503
0.2614 0.656466
0.2616 -0.168694
0.2618 -0.836798
0.262 -0.727888
0.2622 0.0564758
0.2624 0.787923
0.2626 0.787661
0.2628 0.0564197
0.263 -0.726681
0.2632 -0.834857
0.2634 -0.168191
0.2636 0.654075
0.2638 0.868749
0.264 0.277061
0.2642 -0.571286
0.2644 -0.888826
0.2646 -0.3813
0.2648 0.479656
0.265 0.894802
0.2652 0.479258
0.2654 -0.380667
0.2656 -0.886616
0.2658 -0.569393
0.266 0.275914
0.2662 0.864434
0.2664 0.650288
0.2666 -0.167079
0.2668 -0.828649
0.267 -0.720681
0.2672 0.0559075
0.2674 0.779867
0.2676 0.779482
0.2678 0.0558248
0.268 -0.718904
0.2682 -0.825789
0.2684 -0.166338
0.2686 0.646766
0.2688 0.858904
0.269 0.273878
0.2692 -0.564636
0.2694 -0.878343
0.2696 -0.376744
0.2698 0.473853
0.27 0.883842
0.2702 0.473316
0.2704 -0.375891
0.2706 -0.87536
0.2708 -0.562081
0.271 0.27233
0.2712 0.853082
0.2714 0.641655
0.2716 -0.164837
0.2718 -0.817412
0.272 -0.710807
0.2722 0.0551338
0.2724 0.768966
0.2726 0.768479
0.2728 0.0550292
0.273 -0.708561
0.2732 -0.813799
0.2734 -0.163901
0.2736 0.637204
0.2738 0.846096
0.274 0.269759
0.2742 -0.556071
0.2744 -0.86491
0.2746 -0.370936
0.2748 0.466489
0.275 0.869998
0.2752 0.465846
0.2754 -0.369913
0.2756 -0.861337
0.2758 -0.553011
0.276 0.267904
0.2762 0.839122
0.2764 0.631083
0.2766 -0.162103
0.2768 -0.803766
0.277 -0.698865
0.2772 0.0542016
0.2774 0.755885
0.2776 0.755328
0.2778 0.0540819
0.278 -0.696294
0.2782 -0.799631
0.2784 -0.161032
0.2786 0.62599
0.2788 0.831128
0.279 0.264962
0.2792 -0.546134
0.2794 -0.849379
0.2796 -0.364243
0.2798 0.458034
0.28 0.854158
0.2802 0.457327
0.2804 -0.36312
0.2806 -0.845454
0.2808 -0.542772
0.281 0.262925
0.2812 0.823468
0.2814 0.619266
0.2816 -0.159057
0.2818 -0.788612
0.282 -0.685645
0.2822 0.0531731
0.2824 0.741497
0.2826 0.740909
0.2828 0.0530466
0.283 -0.682928
0.2832 -0.784241
0.2834 -0.157925
0.2836 0.613884
0.2838 0.815018
0.284 0.259816
0.2842 -0.535505
0.2844 -0.832817
0.2846 -0.357128
0.2848 0.449072
0.285 0.83742
0.2852 0.448353
0.2854 -0.355985
0.2856 -0.828822
0.2858 -0.532084
0.286 0.257743
0.2862 0.807223
0.2864 0.607041
0.2866 -0.155915
0.2868 -0.773027
0.287 -0.67209
0.2872 0.0521217
0.2874 0.726834
0.2876 0.726258
0.2878 0.0519978
0.288 -0.66943
0.2882 -0.768747
0.2884 -0.154807
0.2886 0.60177
0.2888 0.798948
0.289 0.254697
0.2892 -0.524967
0.2894 -0.816447
0.2896 -0.350118
0.2898 0.44027
0.29 0.821032
0.2902 0.439593
0.2904 -0.349043
0.2906 -0.812692
0.2908 -0.521751
0.291 0.252749
0.2912 0.79162
0.2914 0.595338
0.2916 -0.152918
0.2918 -0.758207
0.292 -0.659244
0.2922 0.0511286
0.2924 0.713032
0.2926 0.712514
0.2928 0.0510174
0.293 -0.656855
0.2932 -0.754364
0.2934 -0.151922
0.2936 0.590606
0.2938 0.784191
0.294 0.250015
0.2942 -0.515362
0.2944 -0.801583
0.2946 -0.343776
0.2948 0.432338
0.295 0.806322
0.2952 0.431762
0.2954 -0.342862
0.2956 -0.798387
0.2958 -0.512625
0.296 0.248357
0.2962 0.777956
0.2964 0.585133
0.2966 -0.150315
0.2968 -0.745397
0.297 -0.648191
0.2972 0.050278
0.2974 0.701265
0.2976 0.700853
0.2978 0.0501895
0.298 -0.64629
0.2982 -0.742339
0.2984 -0.149523
0.2986 0.581367
0.2988 0.772045
0.299 0.246181
0.2992 -0.507542
0.2994 -0.78955
0.2996 -0.338673
0.2998 0.425992
0.3 0.794624
0.3002 0.425573
0.3004 -0.338008
0.3006 -0.787226
0.3008 -0.505552
0.301 0.244976
0.3012 0.767512
0.3014 0.577389
0.3016 -0.148355
0.3018 -0.735821
0.302 -0.639992
0.3022 0.0496522
0.3024 0.692679
0.3026 0.692417
0.3028 0.0495959
0.303 -0.638784
0.3032 -0.733877
0.3034 -0.147851
0.3036 0.574995
0.3038 0.763754
0.304 0.243593
0.3042 -0.502322
0.3044 -0.781612
0.3046 -0.335347
0.3048 0.421909
0.305 0.787197
0.3052 0.421698
0.3054 -0.335013
0.3056 -0.780445
0.3058 -0.501323
0.306 0.242988
0.3062 0.761479
0.3064 0.572998
0.3066 -0.147265
0.3068 -0.730608
0.307 -0.635627
0.3072 0.0493267
0.3074 0.688324
0.3076 0.688251
0.3078 0.049311
0.308 -0.63529
0.3082 -0.730067
0.3084 -0.147125
0.3086 0.572332
0.3088 0.760434
0.309 0.242604
0.3092 -0.500427
0.3094 -0.77889
0.3096 -0.334277
0.3098 0.420687
0.31 0.785151
0.3102 0.420728
0.3104 -0.334343
0.3106 -0.77912
0.3108 -0.500624
0.311 0.242724
0.3112 0.760885
0.3114 0.572729
0.3116 -0.147242
0.3118 -0.730722
0.312 -0.635926
0.3122 0.0493656
0.3124 0.689085
0.3126 0.689232
0.3128 0.0493972
0.313 -0.636605
0.3132 -0.731815
0.3134 -0.147525
0.3136 0.574077
0.3138 0.763003
0.314 0.243504
0.3142 -0.502449
0.3144 -0.782297
0.3146 -0.335851
0.3148 0.422809
0.315 0.789375
0.3152 0.423134
0.3154 -0.336367
0.3156 -0.784103
0.3158 -0.503997
0.316 0.244442
0.3162 0.766533
0.3164 0.577177
0.3166 -0.148436
0.3168 -0.736901
0.317 -0.641524
0.3172 0.0498172
0.3174 0.69563
0.3176 0.696019
0.3178 0.0499008
0.318 -0.643318
0.3182 -0.739789
0.3184 -0.149184
0.3186 0.580735
0.3188 0.77212
0.319 0.246499
0.3192 -0.508806
0.3194 -0.792471
0.3196 -0.340337
0.3198 0.428606
0.32 0.800477
0.3202 0.429235
0.3204 -0.341336
0.3206 -0.795963
0.3208 -0.511798
0.321 0.248312
0.3212 0.778939
0.3214 0.586722
0.3216 -0.150943
0.3218 -0.749608
0.322 -0.652812
0.3222 0.0507113
0.3224 0.708359
0.3226 0.709
0.3228 0.050849
0.323 -0.655767
0.3232 -0.754363
0.3234 -0.152175
0.3236 0.592581
0.3238 0.788139
0.324 0.251699
0.3242 -0.519715
0.3244 -0.809735
0.3246 -0.347869
0.3248 0.438239
0.325 0.818742
0.3252 0.439175
0.3254 -0.349358
0.3256 -0.814939
0.3258 -0.524173
0.326 0.2544
0.3262 0.798298
0.3264 0.601501
0.3266 -0.154795
0.3268 -0.768989
0.327 -0.669907
0.3272 0.0520561
0.3274 0.727376
0.3276 0.728265
0.3278 0.0522473
0.328 -0.674013
0.3282 -0.775595
0.3284 -0.156507
0.3286 0.609639
0.3288 0.811077
0.329 0.259104
0.3292 -0.535169
0.3294 -0.834065
0.3296 -0.358429
0.3298 0.451678
0.33 0.844101
0.3302 0.452912
0.3304 -0.36039
0.3306 -0.84092
0.3308 -0.541041
0.331 0.262662
0.3312 0.82446
0.3314 0.621389
0.3316 -0.159959
0.3318 -0.794861
0.332 -0.692637
0.3322 0.0538371
0.3324 0.752467
0.3326 0.75359
0.3328 0.0540786
0.333 -0.697823
0.3332 -0.803205
0.3334 -0.162121
0.3336 0.631668
0.3338 0.8406
0.334 0.268603
0.3342 -0.554928
0.3344 -0.865075
0.3346 -0.371846
0.3348 0.468699
0.335 0.876122
0.3352 0.470205
0.3354 -0.374239
0.3356 -0.873436
0.3358 -0.56209
0.336 0.272943
0.3362 0.856923
0.3364 0.646
0.3366 -0.16633
0.3368 -0.826701
0.337 -0.720536
0.3372 0.0560174
0.3374 0.783104
0.3376 0.784434
0.3378 0.0563033
0.338 -0.726675
0.3382 -0.836579
0.3384 -0.16889
0.3386 0.658168
0.3388 0.876029
0.339 0.279976
0.3392 -0.578529
0.3394 -0.902028
0.3396 -0.387799
0.3398 0.488891
0.34 0.914022
0.3402 0.490627
0.3404 -0.390557
0.3406 -0.91167
0.3408 -0.586788
0.341 0.28498
0.3412 0.894851
0.3414 0.674693
0.3416 -0.173744
0.3418 -0.86367
0.342 -0.752863
0.3422 0.0585387
0.3424 0.81846
0.3426 0.819958
0.3428 0.0588607
0.343 -0.759777
0.3432 -0.874794
0.3434 -0.176626
0.3436 0.688395
0.3438 0.916365
0.344 0.292899
0.3442 -0.605298
0.3444 -0.943864
0.3446 -0.405826
0.3448 0.511668
0.345 0.956696
0.3452 0.513581
0.3454 -0.408866
0.3456 -0.954488
0.3458 -0.614399
0.346 0.298413
0.3462 0.937104
0.3464 0.706602
0.3466 -0.181974
0.3468 -0.904643
0.347 -0.78863
0.3472 0.0613236
0.3474 0.857447
0.3476 0.859064
0.3478 0.0616712
0.348 -0.796094
0.3482 -0.916652
0.3484 -0.185085
0.3486 0.721395
0.3488 0.960331
0.349 0.306963
0.3492 -0.634382
0.3494 -0.989244
0.3496 -0.425349
0.3498 0.536295
0.35 1.00276
0.3502 0.538321
0.3504 -0.428568
0.3506 -1.00049
0.3508 -0.644018
0.351 0.312801
0.3512 0.98229
0.3514 0.740674
0.3516 -0.190748
0.3518 -0.948257
0.352 -0.826645
0.3522 0.0642789
0.3524 0.898758
0.3526 0.900438
0.3528 0.0646401
0.353 -0.834402
0.3532 -0.960737
0.3534 -0.193981
0.3536 0.756047
0.3538 1.00643
0.354 0.321686
0.3542 -0.664784
0.3544 -1.03661
0.3546 -0.445696
0.3548 0.561924
0.355 1.05063
0.3552 0.563991
0.3554 -0.44898
0.3556 -1.04809
0.3558 -0.674615
0.356 0.327642
0.3562 1.02883
0.3564 0.775715
0.3566 -0.199758
0.3568 -0.992981
0.357 -0.865569
0.3572 0.0673005
0.3574 0.940932
0.3576 0.942615
0.3578 0.0676623
0.358 -0.873338
0.3582 -1.00548
0.3584 -0.202997
0.3586 0.791113
0.3588 1.05301
0.359 0.336541
0.3592 -0.695414
0.3594 -1.08426
0.3596 -0.466136
0.3598 0.587632
0.36 1.09858
0.3602 0.589663
0.3604 -0.469364
0.3606 -1.09555
0.3608 -0.705079
0.361 0.342397
0.3612 1.07503
0.3614 0.810449
0.3616 -0.208677
0.3618 -1.03718
0.362 -0.903979
0.3622 0.0702777
0.3624 0.982425
0.3626 0.984049
0.3628 0.0706267
0.363 -0.911473
0.3632 -1.04924
0.3634 -0.2118
0.3636 0.8253
0.3638 1.09835
0.364 0.35098
0.3642 -0.72514
0.3644 -1.13044
0.3646 -0.485911
0.3648 0.612465
0.365 1.14482
0.3652 0.614385
0.3654 -0.488963
0.3656 -1.1411
0.3658 -0.734278
0.366 0.356517
0.3662 1.11917
0.3664 0.843581
0.3666 -0.21717
0.3668 -1.07921
0.367 -0.940441
0.3672 0.0730993
0.3674 1.02169
0.3676 1.02319
0.3678 0.0734223
0.368 -0.947377
0.3682 -1.09036
0.3684 -0.220061
0.3686 0.857326
0.3688 1.14075
0.369 0.36446
0.3692 -0.752844
0.3694 -1.1734
0.3696 -0.504277
0.3698 0.635488
0.37 1.18762
0.3702 0.637225
0.3704 -0.507038
0.3706 -1.18304
0.3708 -0.761108
0.371 0.369467
0.3712 1.15958
0.3714 0.87386
0.3716 -0.224917
0.3718 -1.11747
0.372 -0.973576
0.3722 0.0756586
0.3724 1.05723
0.3726 1.05855
0.3728 0.0759434
0.373 -0.979691
0.3732 -1.12731
0.3734 -0.227466
0.3736 0.885978
0.3738 1.17861
0.374 0.376471
0.3742 -0.777478
0.3744 -1.21151
0.3746 -0.520539
0.3748 0.655831
0.375 1.22535
0.3752 0.657319
0.3754 -0.522904
0.3756 -1.21978
0.3758 -0.784557
0.376 0.38076
0.3762 1.19474
0.3764 0.90014
0.3766 -0.231626
0.3768 -1.15052
0.377 -1.00213
0.3772 0.0778589
0.3774 1.08771
0.3776 1.08881
0.3778 0.0780948
0.378 -1.0072
0.3782 -1.15867
0.3784 -0.233737
0.3786 0.910178
0.3788 1.2105
0.379 0.38656
0.3792 -0.798115
0.3794 -1.24336
0.3796 -0.534087
0.3798 0.67273
0.38 1.25661
0.3802 0.673913
0.3804 -0.535968
0.3806 -1.24993
0.3808 -0.803746
0.381 0.389972
0.3812 1.22333
0.3814 0.921443
0.3816 -0.237046
0.3818 -1.17714
0.382 -1.02505
0.3822 0.0796186
0.3824 1.112
0.3826 1.11283
0.3828 0.079797
0.383 -1.02888
0.3832 -1.1833
0.3834 -0.238643
0.3836 0.929033
0.3838 1.23525
0.384 0.394359
0.3842 -0.813999
0.3844 -1.26777
0.3846 -0.544425
0.3848 0.685568
0.385 1.28025
0.3852 0.686405
0.3854 -0.545756
0.3856 -1.27241
0.3858 -0.817982
0.386 0.396772
0.3862 1.24433
0.3864 0.937002
0.3866 -0.240983
0.3868 -1.19637
0.387 -1.04151
0.3872 0.0808749
0.3874 1.12924
0.3876 1.12977
0.3878 0.0809897
0.388 -1.04397
0.3882 -1.20033
0.3884 -0.242011
0.3886 0.941886
0.3888 1.252
0.389 0.399595
0.3892 -0.82458
0.3894 -1.28389
0.3896 -0.551198
0.3898 0.693905
0.39 1.29546
0.3902 0.694369
0.3904 -0.551936
0.3906 -1.28647
0.3908 -0.826787
0.391 0.400932
0.3912 1.25703
0.3914 0.946302
0.3916 -0.243308
0.3918 -1.20757
0.392 -1.05097
0.3922 0.0815873
0.3924 1.13887
0.3926 1.13909
0.3928 0.0816352
0.393 -1.052
0.3932 -1.20923
0.3934 -0.243737
0.3936 0.948341
0.3938 1.26023
0.394 0.402111
0.3942 -0.829542
0.3944 -1.29126
0.3946 -0.554209
0.3948 0.697502
0.395 1.30181
0.3952 0.697583
0.3954 -0.554337
0.3956 -1.29171
0.3958 -0.829926
0.396 0.402343
0.3962 1.2611
0.3964 0.94911
0.3966 -0.243963
0.3968 -1.21049
0.397 -1.05322
0.3972 0.0817394
0.3974 1.14068
0.3976 1.14059
0.3978 0.0817201
0.398 -1.05281
0.3982 -1.20982
0.3984 -0.243791
0.3986 0.948292
0.3988 1.25982
0.399 0.401871
0.3992 -0.828822
0.3994 -1.28979
0.3996 -0.553427
0.3998 0.69633
0.4 1.29927
0.4002 0.696034
0.4004 -0.552957
0.4006 -1.28815
0.4008 -0.827415
0.401 0.401019
0.4012 1.25661
0.4014 0.945478
0.4016 -0.242964
0.4018 -1.20521
0.402 -1.04835
0.4022 0.0813399
0.4024 1.13481
0.4026 1.13442
0.4028 0.0812562
0.403 -1.04656
0.4032 -1.20232
0.4034 -0.242215
0.4036 0.941918
0.4038 1.25102
0.404 0.398961
0.4042 -0.822607
0.4044 -1.27979
0.4046 -0.548993
0.4048 0.690572
0.405 1.2882
0.4052 0.689924
0.4054 -0.547962
0.4056 -1.27618
0.4058 -0.819522
0.406 0.397092
0.4062 1.24399
0.4064 0.935747
0.4066 -0.240403
0.4068 -1.19221
0.407 -1.03678
0.4072 0.080422
0.4074 1.12172
0.4076 1.12106
0.4078 0.0802794
0.408 -1.03372
0.4082 -1.18728
0.4084 -0.239127
0.4086 0.929681
0.4088 1.23447
0.409 0.393587
0.4092 -0.81133
0.4094 -1.26194
0.4096 -0.541206
0.4098 0.680615
0.41 1.26932
0.4102 0.679653
0.4104 -0.539677
0.4106 -1.25659
0.4108 -0.806753
0.411 0.390814
0.4112 1.22404
0.4114 0.920525
0.4116 -0.236438
0.4118 -1.17228
0.412 -1.01921
0.4122 0.0790414
0.4124 1.10221
0.4126 1.10131
0.4128 0.078848
0.413 -1.01506
0.4132 -1.1656
0.4134 -0.234707
0.4136 0.912298
0.4138 1.21112
0.414 0.38606
0.4142 -0.795641
0.4144 -1.23727
0.4146 -0.530514
0.4148 0.667026
0.415 1.24372
0.4152 0.665803
0.4154 -0.528569
0.4156 -1.23047
0.4158 -0.789821
0.416 0.382533
0.4162 1.19786
0.4164 0.900655
0.4166 -0.231288
0.4168 -1.14651
0.417 -0.996616
0.4172 0.0772737
0.4174 1.07735
0.4176 1.07626
0.4178 0.0770398
0.418 -0.991593
0.4182 -1.13843
0.4184 -0.229194
0.4186 0.890701
0.4188 1.18223
0.419 0.376781
0.4192 -0.776377
0.4194 -1.20709
0.4196 -0.517482
0.4198 0.650525
0.42 1.21274
0.4202 0.649104
0.4204 -0.515223
0.4206 -1.1992
0.4208 -0.769614
0.421 0.372683
0.4212 1.16682
0.4214 0.877173
0.4216 -0.225221
0.4218 -1.11625
0.422 -0.970159
0.4222 0.0752104
0.4224 1.04842
0.4226 1.0472
0.4228 0.0749477
0.423 -0.964519
0.4232 -1.10718
0.4234 -0.222869
0.4236 0.865995
0.4238 1.14927
0.424 0.366224
0.4242 -0.754517
0.4244 -1.17294
0.4246 -0.502772
0.4248 0.631947
0.425 1.17794
0.4252 0.630398
0.4254 -0.50031
0.4256 -1.16434
0.4258 -0.747147
0.426 0.361758
0.4262 1.13248
0.4264 0.851251
0.4266 -0.218539
0.4268 -1.08301
0.427 -0.941159
0.4272 0.0729539
0.4274 1.01685
0.4276 1.01556
0.4278 0.0726752
0.428 -0.935175
0.4282 -1.07339
0.4284 -0.216045
0.4286 0.839394
0.4288 1.11386
0.429 0.354907
0.4292 -0.731132
0.4294 -1.13648
0.4296 -0.487102
0.4298 0.612198
0.43 1.14103
0.4302 0.610595
0.4304 -0.484555
0.4306 -1.12758
0.4308 -0.723508
0.431 0.350287
0.4312 1.09649
0.4314 0.824141
0.4316 -0.211565
0.4318 -1.04838
0.432 -0.911009
0.4322 0.0706125
0.4324 0.984161
0.4326 0.982852
0.4328 0.0703311
0.433 -0.904965
0.4332 -1.03866
0.4334 -0.209046
0.4336 0.812164
0.4338 1.07768
0.434 0.343365
0.4342 -0.70733
0.4344 -1.09945
0.4346 -0.471212
0.4348 0.59221
0.435 1.10375
0.4352 0.590628
0.4354 -0.468699
0.4356 -1.09066
0.4358 -0.699805
0.436 0.338806
0.4362 1.06054
0.4364 0.797109
0.4366 -0.204624
0.4368 -1.01398
0.437 -0.881111
0.4372 0.0682951
0.4374 0.951862
0.4376 0.950599
0.4378 0.0680236
0.438 -0.875281
0.4382 -1.0046
0.4384 -0.202194
0.4386 0.785556
0.4388 1.0424
0.439 0.332129
0.4392 -0.6842
0.4394 -1.06352
0.4396 -0.455828
0.4398 0.572893
0.44 1.06778
0.4402 0.571403
0.4404 -0.45346
0.4406 -1.05525
0.4408 -0.677109
0.441 0.327833
0.4412 1.02624
0.4414 0.771371
0.4416 -0.198027
0.4418 -0.981347
0.442 -0.852804
0.4422 0.066105
0.4424 0.921398
0.4426 0.920236
0.4428 0.0658554
0.443 -0.847443
0.4432 -0.972722
0.4434 -0.195792
0.4436 0.760746
0.4438 1.00956
0.444 0.321693
0.4442 -0.662758
0.4444 -1.03029
0.4446 -0.441623
0.4448 0.555092
0.445 1.0347
0.4452 0.553756
0.4454 -0.4395
0.4456 -1.02287
0.4458 -0.656403
0.446 0.317842
0.4462 0.995075
0.4464 0.748032
0.4466 -0.192058
0.4468 -0.95188
0.447 -0.827296
0.4472 0.0641358
0.4474 0.894062
0.4476 0.89305
0.4478 0.0639182
0.448 -0.822625
0.4482 -0.944364
0.4484 -0.190111
0.4486 0.738773
0.4488 0.980539
0.449 0.312492
0.4492 -0.643896
0.4494 -1.00111
0.4496 -0.429185
0.4498 0.539541
0.45 1.00588
0.4502 0.538413
0.4504 -0.427392
0.4506 -0.99485
0.4508 -0.63853
0.451 0.30924
0.4512 0.968309
0.4514 0.728037
0.4516 -0.186957
0.4518 -0.926762
0.452 -0.805611
0.4522 0.0624659
0.4524 0.870944
0.4526 0.87012
0.4528 0.0622887
0.453 -0.801806
0.4532 -0.920641
0.4534 -0.185371
0.4536 0.720496
0.4538 0.95647
0.454 0.304882
0.4542 -0.628343
0.4544 -0.977133
0.4546 -0.41899
0.4548 0.526835
0.455 0.982392
0.4552 0.525955
0.4554 -0.417592
0.4556 -0.972247
0.4558 -0.624158
0.456 0.302346
0.4562 0.946931
0.4564 0.712122
0.4566 -0.182911
0.4568 -0.906911
0.457 -0.788534
0.4572 0.0611558
0.4574 0.852875
0.4576 0.852266
0.4578 0.0610249
0.458 -0.785722
0.4582 -0.902387
0.4584 -0.181739
0.4586 0.706549
0.4588 0.938181
0.459 0.299125
0.4592 -0.616629
0.4594 -0.959152
0.4596 -0.411381
0.4598 0.517396
0.46 0.965033
0.4602 0.51679
0.4604 -0.410419
0.4606 -0.955789
0.4608 -0.613748
0.461 0.297379
0.4612 0.931615
0.4614 0.700784
0.4616 -0.180045
0.4618 -0.892935
0.462 -0.776585
0.4622 0.0602449
0.4624 0.840391
0.4626 0.840012
0.4628 0.0601634
0.463 -0.774836
0.4632 -0.890121
0.4634 -0.179316
0.4636 0.697317
0.4638 0.926171
0.464 0.295375
0.4642 -0.609063
0.4644 -0.947639
0.4646 -0.406553
0.4648 0.511463
0.465 0.954225
0.4652 0.511142
0.4654 -0.406044
0.4656 -0.945858
0.4658 -0.607538
0.466 0.294451
0.4662 0.922693
0.4664 0.694264
0.4666 -0.178419
0.4668 -0.885113
0.467 -0.769994
0.4672 0.05975
0.4674 0.833717
0.4676 0.833571
0.4678 0.0597185
0.468 -0.769318
0.4682 -0.884026
0.4684 -0.178138
0.4686 0.692924
0.4688 0.920589
0.469 0.293676
0.4692 -0.605726
0.4694 -0.942706
0.4696 -0.404548
0.4698 0.509079
0.47 0.950039
0.4702 0.509039
0.4704 -0.404484
0.4706 -0.942481
0.4708 -0.605533
0.471 0.293559
0.4712 0.92015
0.4714 0.692537
0.4716 -0.178024
0.4718 -0.883389
0.472 -0.768701
0.4722 0.0596657
0.4724 0.832764
0.4726 0.83284
0.4728 0.0596821
0.473 -0.769053
0.4732 -0.883955
0.4734 -0.17817
0.4736 0.693234
0.4738 0.921243
0.474 0.293961
0.4742 -0.606472
0.4744 -0.944111
0.4746 -0.405256
0.4748 0.510101
0.475 0.952191
0.4752 0.510322
0.4754 -0.405606
0.4756 -0.945335
0.4758 -0.60752
0.476 0.294596
0.4762 0.92363
0.4764 0.695329
0.4766 -0.178785
0.4768 -0.887386
0.477 -0.772368
0.4772 0.0599649
0.4774 0.837142
0.4776 0.837419
0.4778 0.0600245
0.478 -0.773649
0.4782 -0.889447
0.4784 -0.179319
0.4786 0.697866
0.4788 0.927612
0.479 0.296061
0.4792 -0.610944
0.4794 -0.951288
0.4796 -0.408428
0.4798 0.514209
0.48 0.96007
0.4802 0.514658
0.4804 -0.409141
0.4806 -0.95378
0.4808 -0.613078
0.481 0.297354
0.4812 0.932474
0.4814 0.702133
0.4816 -0.180572
0.4818 -0.896439
0.482 -0.780406
0.4822 0.0606011
0.4824 0.846192
0.4826 0.846639
0.4828 0.0606972
0.483 -0.78247
0.4832 -0.899761
0.4834 -0.181433
0.4836 0.706224
0.4838 0.938896
0.484 0.299718
0.4842 -0.618601
0.4844 -0.963383
0.4846 -0.413694
0.4848 0.52093
0.485 0.972787
0.4852 0.521563
0.4854 -0.414701
0.4856 -0.966902
0.4858 -0.621615
0.486 0.301544
0.4862 0.945762
0.4864 0.712251
0.4866 -0.183203
0.4868 -0.909637
0.487 -0.792015
0.4872 0.0615117
0.4874 0.859033
0.4876 0.859611
0.4878 0.061636
0.488 -0.794683
0.4882 -0.913929
0.4884 -0.184315
0.4886 0.717537
0.4888 0.954061
0.489 0.304598
0.4892 -0.628753
0.4894 -0.979314
0.4896 -0.420586
0.4898 0.529671
0.49 0.989226
0.4902 0.530438
0.4904 -0.421804
0.4906 -0.983572
0.4908 -0.6324
0.491 0.306808
0.4912 0.962371
0.4914 0.724832
0.4916 -0.186457
0.4918 -0.925884
0.492 -0.806236
0.4922 0.0626219
0.4924 0.874615
0.4926 0.875279
0.4928 0.0627647
0.493 -0.809302
0.4932 -0.930816
0.4934 -0.187735
0.4936 0.730906
0.4938 0.971907
0.494 0.310317
0.4942 -0.640602
0.4944 -0.997835
0.4946 -0.428567
0.4948 0.539756
0.495 1.00812
0.4952 0.540599
0.4954 -0.429908
0.4956 -1.00252
0.4958 -0.644614
0.496 0.312748
0.4962 0.981048
0.4964 0.73893
0.4966 -0.190091
0.4968 -0.943967
0.497 -0.822011
0.4972 0.0638493
0.4974 0.891786
0.4976 0.892489
0.4978 0.0640005
0.498 -0.825256
0.4982 -0.949187
0.4984 -0.191444
0.4986 0.74536
0.4988 0.991142
0.499 0.316463
0.4992 -0.653296
0.4994 -1.01762
0.4996 -0.437067
0.4998 0.550463
0.5 1.02812
0.5002 0.551324
0.5004 -0.438436
0.5006 -1.0224
0.5008 -0.657395
0.501 0.318947
0.5012 1.00048
0.5014 0.753559
0.5016 -0.193852
0.5018 -0.962625
0.502 -0.838244
0.5022 0.0651088
0.5024 0.909357
0.5026 0.910052
0.5028 0.0652581
0.503 -0.84145
0.5032 -0.967783
0.5034 -0.195188
0.5036 0.759912
0.5038 1.01046
0.504 0.322617
0.5042 -0.665974
0.5044 -1.03732
0.5046 -0.44551
0.5048 0.561071
0.505 1.04788
0.5052 0.561894
0.5054 -0.446819
0.5056 -1.04189
0.5058 -0.669891
0.506 0.324991
0.5062 1.01938
0.5064 0.767748
0.5066 -0.19749
0.5068 -0.980626
0.507 -0.853863
0.5072 0.0663175
0.5074 0.926174
0.5076 0.926816
0.5078 0.0664554
0.508 -0.856824
0.5082 -0.985391
0.5084 -0.198724
0.5086 0.773616
0.5088 1.02859
0.509 0.328381
0.5092 -0.677816
0.5094 -1.05568
0.5096 -0.453353
0.5098 0.570898
0.51 1.06614
0.5102 0.571632
0.5104 -0.454519
0.5106 -1.05975
0.5108 -0.681306
0.511 0.330496
0.5112 1.03655
0.5114 0.780597
0.5116 -0.200774
0.5118 -0.996834
0.512 -0.867884
0.5122 0.0673994
0.5124 0.941181
0.5126 0.941731
0.5128 0.0675174
0.513 -0.870419
0.5132 -1.00091
0.5134 -0.201831
0.5136 0.785621
0.5138 1.04443
0.514 0.333399
0.5142 -0.688091
0.5144 -1.07155
0.5146 -0.460114
0.5148 0.57934
0.515 1.08177
0.5152 0.57994
0.5154 -0.461068
0.5156 -1.07488
0.5158 -0.690945
0.516 0.335128
0.5162 1.05094
0.5164 0.79133
0.5166 -0.203508
0.5168 -1.01027
0.517 -0.879463
0.5172 0.0682893
0.5174 0.953478
0.5176 0.953903
0.5178 0.0683806
0.518 -0.881424
0.5182 -1.01342
0.5184 -0.204325
0.5186 0.795216
0.5188 1.05704
0.519 0.337374
0.5192 -0.696193
0.5194 -1.08401
0.5196 -0.465396
0.5198 0.585904
0.52 1.09387
0.5202 0.586337
0.5204 -0.466083
0.5206 -1.08641
0.5208 -0.69825
0.521 0.33862
0.5212 1.06172
0.5214 0.799329
0.5216 -0.205533
0.5218 -1.02017
0.522 -0.887941
0.5222 0.0689368
0.5224 0.962369
0.5226 0.962646
0.5228 0.0689965
0.523 -0.889221
0.5232 -1.02223
0.5234 -0.206067
0.5236 0.801867
0.5238 1.06571
0.524 0.340086
0.5242 -0.701677
0.5244 -1.09237
0.5246 -0.468909
0.5248 0.590231
0.525 1.10176
0.5252 0.590473
0.5254 -0.469294
0.5256 -1.09372
0.5258 -0.702829
0.526 0.340784
0.5262 1.06833
0.5264 0.804172
0.5266 -0.206744
0.5268 -1.02601
0.527 -0.892874
0.5272 0.0693083
0.5274 0.967392
0.5276 0.967509
0.5278 0.0693334
0.528 -0.893413
0.5282 -1.02687
0.5284 -0.206969
0.5286 0.80524
0.5288 1.07001
0.529 0.341402
0.5292 -0.704272
0.5294 -1.09623
0.5296 -0.470485
0.5298 0.592114
0.53 1.10509
0.5302 0.592156
0.5304 -0.470552
0.5306 -1.09646
0.5308 -0.704474
0.531 0.341524
0.5312 1.07047
0.5314 0.805646
0.5316 -0.207088
0.5318 -1.02754
0.532 -0.894057
0.5322 0.0693883
0.5324 0.968346
0.5326 0.968299
0.5328 0.0693783
0.533 -0.893842
0.5332 -1.02719
0.5334 -0.206999
0.5336 0.80522
0.5338 1.0698
0.534 0.341278
0.5342 -0.7039
0.5344 -1.09546
0.5346 -0.470079
0.5348 0.591505
0.535 1.10377
0.5352 0.591351
0.5354 -0.469834
0.5356 -1.09461
0.5358 -0.703167
0.536 0.340834
0.5362 1.06813
0.5364 0.803754
0.5366 -0.206568
0.5368 -1.02479
0.537 -0.891521
0.5372 0.0691803
0.5374 0.965286
0.5376 0.965083
0.5378 0.0691368
0.538 -0.890587
0.5382 -1.02329
0.5384 -0.206179
0.5386 0.801904
0.5388 1.06523
0.539 0.339765
0.5392 -0.700669
0.5394 -1.09026
0.5396 -0.467775
0.5398 0.588514
0.54 1.09802
0.5402 0.588178
0.5404 -0.467241
0.5406 -1.0884
0.5408 -0.699072
0.541 0.338798
0.5412 1.06159
0.5414 0.798711
0.5416 -0.205241
0.5418 -1.01806
0.542 -0.88553
0.5422 0.0687053
0.5424 0.958517
0.5426 0.958176
0.5428 0.0686319
0.543 -0.883956
0.5432 -1.01552
0.5434 -0.204585
0.5436 0.795591
0.5438 1.05669
0.544 0.336996
0.5442 -0.69486
0.5444 -1.08107
0.5446 -0.463768
0.5448 0.583393
0.545 1.08832
0.5452 0.582902
0.5454 -0.462988
0.5456 -1.07835
0.5458 -0.692524
0.546 0.33558
0.5462 1.05137
0.5464 0.790919
0.5466 -0.203213
0.5468 -1.00787
0.547 -0.876556
0.5472 0.0680004
0.5474 0.948565
0.5476 0.94811
0.5478 0.0679026
0.548 -0.874456
0.5482 -1.00449
0.5484 -0.202338
0.5486 0.78676
0.5488 1.04484
0.549 0.333177
0.5492 -0.686908
0.5494 -1.06858
0.5496 -0.458357
0.5498 0.576521
0.55 1.07538
0.5502 0.57591
0.5504 -0.457384
0.5506 -1.06518
0.5508 -0.683998
0.551 0.331414
0.5512 1.03821
0.5514 0.78094
0.5516 -0.200629
0.5518 -0.99495
0.552 -0.865237
0.5522 0.0671159
0.5524 0.936137
0.5526 0.9356
0.5528 0.0670004
0.553 -0.862758
0.5532 -0.990962
0.5534 -0.199595
0.5536 0.776027
0.5538 1.0305
0.554 0.328576
0.5542 -0.677364
0.5544 -1.05365
0.5546 -0.451915
0.5548 0.568374
0.555 1.0601
0.5552 0.567682
0.5554 -0.450817
0.5556 -1.04981
0.5558 -0.674077
0.556 0.326584
0.5562 1.02301
0.5564 0.769451
0.5566 -0.197664
0.5568 -0.980184
0.557 -0.852342
0.5572 0.0661114
0.5574 0.922071
0.5576 0.921487
0.5578 0.0659859
0.558 -0.849647
0.5582 -0.975848
0.5584 -0.196541
0.5586 0.764111
0.5588 1.01462
0.559 0.323498
0.5592 -0.666865
0.5594 -1.03727
0.5596 -0.444869
0.5598 0.559489
0.56 1.04348
0.5602 0.558763
0.5604 -0.443716
0.5606 -1.03324
0.5608 -0.663412
0.561 0.321406
0.5612 1.00676
0.5614 0.757205
0.5616 -0.194512
0.5618 -0.96453
0.562 -0.838708
0.5622 0.0650524
0.5624 0.907279
0.5626 0.906685
0.5628 0.0649248
0.563 -0.835968
0.5632 -0.960122
0.5634 -0.19337
0.5636 0.751776
0.5638 0.998235
0.564 0.318269
0.5642 -0.656081
0.5644 -1.02049
0.5646 -0.437671
0.5648 0.550433
0.565 1.02659
0.5652 0.549718
0.5654 -0.436534
0.5656 -1.01652
0.5658 -0.65268
0.566 0.316209
0.5662 0.990486
0.5664 0.744973
0.5666 -0.191372
0.5668 -0.948972
0.567 -0.825191
0.5672 0.064005
0.5674 0.892687
0.5676 0.892121
0.5678 0.0638832
0.568 -0.822575
0.5682 -0.944763
0.5684 -0.190282
0.5686 0.739789
0.5688 0.982347
0.569 0.313213
0.5692 -0.645679
0.5694 -1.00434
0.5696 -0.430761
0.5698 0.541764
0.57 1.01046
0.5702 0.541102
0.5704 -0.429711
0.5706 -1.00067
0.5708 -0.642534
0.571 0.311308
0.5712 0.975181
0.5714 0.733498
0.5716 -0.188434
0.5718 -0.934451
0.572 -0.812608
0.5722 0.0630325
0.5724 0.879174
0.5726 0.878668
0.5728 0.0629236
0.573 -0.81027
0.5732 -0.930688
0.5734 -0.187459
0.5736 0.728864
0.5738 0.967905
0.574 0.30863
0.5742 -0.636275
0.5744 -0.989785
0.5746 -0.424549
0.5748 0.533991
0.575 0.99604
0.5752 0.533421
0.5754 -0.423644
0.5756 -0.986622
0.5758 -0.633566
0.576 0.306988
0.5762 0.961731
0.5764 0.723444
0.5766 -0.185868
0.5768 -0.921804
0.577 -0.801683
0.5772 0.0621908
0.5774 0.867514
0.5776 0.867095
0.5778 0.0621008
0.578 -0.799751
0.5782 -0.918697
0.5784 -0.185062
0.5786 0.719616
0.5788 0.955721
0.579 0.304776
0.5792 -0.628395
0.5794 -0.977631
0.5796 -0.41938
0.5798 0.527546
0.58 0.984125
0.5802 0.527098
0.5804 -0.418669
0.5806 -0.975144
0.5808 -0.626266
0.581 0.303486
0.5812 0.950868
0.5814 0.715356
0.5816 -0.183811
0.5818 -0.911713
0.582 -0.793001
0.5822 0.0615246
0.5824 0.858326
0.5826 0.858016
0.5828 0.0614581
0.583 -0.791573
0.5832 -0.909416
0.5834 -0.183216
0.5836 0.712526
0.5838 0.946425
0.584 0.30185
0.5842 -0.622444
0.5844 -0.968497
0.5846 -0.415516
0.5848 0.522754
0.585 0.975315
0.5852 0.522449
0.5854 -0.415031
0.5856 -0.966802
0.5858 -0.620992
0.586 0.300971
0.5862 0.943117
0.5864 0.709622
0.5866 -0.182363
0.5868 -0.904654
0.587 -0.786971
0.5872 0.0610653
0.5874 0.852037
0.5876 0.851849
0.5878 0.061025
0.588 -0.786105
0.5882 -0.903261
0.5884 -0.182002
0.5886 0.707906
0.5888 0.940423
0.589 0.299979
0.5892 -0.618673
0.5894 -0.962769
0.5896 -0.413119
0.5898 0.519813
0.59 0.969968
0.5902 0.51966
0.5904 -0.412876
0.5906 -0.961922
0.5908 -0.617947
0.591 0.299539
0.5912 0.938767
0.5914 0.706452
0.5916 -0.181575
0.5918 -0.900877
0.592 -0.7838
0.5922 0.0608282
0.5924 0.848853
0.5926 0.84879
0.5928 0.0608148
0.593 -0.783512
0.5932 -0.900414
0.5934 -0.181455
0.5936 0.705881
0.5938 0.93787
0.594 0.299208
0.5942 -0.617175
0.5944 -0.960577
0.5946 -0.412238
0.5948 0.51878
0.595 0.968182
0.5952 0.518779
0.5954 -0.412235
0.5956 -0.960568
0.5958 -0.617166
0.596 0.299203
0.5962 0.937851
0.5964 0.705863
0.5966 -0.181449
0.5968 -0.900383
0.597 -0.783481
0.5972 0.060812
0.5974 0.848747
0.5976 0.848804
0.5978 0.0608243
0.598 -0.783744
0.5982 -0.900806
0.5984 -0.181559
0.5986 0.706383
0.5988 0.938666
0.599 0.299503
0.5992 -0.617867
0.5994 -0.961785
0.5996 -0.412812
0.5998 0.519572
0.6 0.969789
0.6002 0.519709
0.6004 -0.413029
0.6006 -0.962542
0.6008 -0.618516
0.601 0.299896
0.6012 0.940144
0.6014 0.70768
0.6016 -0.181939
0.6018 -0.902929
0.602 -0.785795
0.6022 0.0609992
0.6024 0.851464
0.6026 0.851625
0.6028 0.0610339
0.603 -0.786539
0.6032 -0.904127
0.6034 -0.18225
0.6036 0.709155
0.6038 0.942459
0.604 0.300748
0.6042 -0.620506
0.6044 -0.966002
0.6046 -0.414669
0.6048 0.521967
0.605 0.974366
0.6052 0.522218
0.6054 -0.415068
0.6056 -0.967398
0.6058 -0.621701
0.606 0.301472
0.6062 0.945181
0.6064 0.711544
0.6066 -0.182951
0.6068 -0.908041
0.607 -0.790321
0.6072 0.0613565
0.6074 0.856533
0.6076 0.856776
0.6078 0.0614087
0.608 -0.791442
0.6082 -0.909845
0.6084 -0.183419
0.6086 0.713766
0.6088 0.948669
0.609 0.302755
0.6092 -0.624699
0.6094 -0.97261
0.6096 -0.417539
0.6098 0.525622
0.61 0.981265
0.6102 0.525956
0.6104 -0.41807
0.6106 -0.974466
0.6108 -0.626288
0.611 0.303718
0.6112 0.952288
0.6114 0.716943
0.6116 -0.184351
0.6118 -0.915049
0.612 -0.796471
0.6122 0.0618378
0.6124 0.863304
0.6126 0.863599
0.6128 0.0619012
0.613 -0.797835
0.6132 -0.917243
0.6134 -0.18492
0.6136 0.719643
0.6138 0.956527
0.614 0.305278
0.6142 -0.629933
0.6144 -0.980803
0.6146 -0.421074
0.6148 0.530093
0.615 0.989652
0.6152 0.530471
0.6154 -0.421675
0.6156 -0.982902
0.6158 -0.631731
0.616 0.306367
0.6162 0.960623
0.6164 0.723238
0.6166 -0.185975
0.6168 -0.923132
0.617 -0.803525
0.6172 0.0623868
0.6174 0.870986
0.6176 0.8713
0.6178 0.0624543
0.618 -0.804975
0.6182 -0.925464
0.6184 -0.186579
0.6186 0.726109
0.6188 0.96513
0.619 0.308026
0.6192 -0.635606
0.6194 -0.989639
0.6196 -0.424868
0.6198 0.53487
0.62 0.998569
0.6202 0.535249
0.6204 -0.42547
0.6206 -0.991743
0.6208 -0.637409
0.621 0.309118
0.6212 0.969236
0.6214 0.729713
0.6216 -0.187637
0.6218 -0.931368
0.622 -0.810679
0.6222 0.062941
0.6224 0.878704
0.6226 0.879001
0.6228 0.0630047
0.623 -0.812048
0.6232 -0.93357
0.6234 -0.188208
0.6236 0.732425
0.6238 0.973493
0.624 0.310684
0.6242 -0.641069
0.6244 -0.998107
0.6246 -0.428487
0.6248 0.539404
0.625 1.00699
0.6252 0.539739
0.6254 -0.42902
0.6256 -0.99997
0.6258 -0.642665
0.626 0.311651
0.6262 0.977129
0.6264 0.735616
0.6266 -0.189145
0.6268 -0.938797
0.627 -0.817099
0.6272 0.0634356
0.6274 0.885556
0.6276 0.885799
0.6278 0.0634879
0.628 -0.818222
0.6282 -0.940605
0.6284 -0.189613
0.6286 0.737841
0.6288 0.980622
0.629 0.312936
0.6292 -0.645668
0.6294 -1.00519
0.6296 -0.431494
0.6298 0.543147
0.63 1.0139
0.6302 0.543397
0.6304 -0.431891
0.6306 -1.00658
0.6308 -0.646855
0.631 0.313655
0.6312 0.983326
0.6314 0.740214
0.6316 -0.19031
0.6318 -0.944491
0.632 -0.821977
0.6322 0.0638082
0.6324 0.89067
0.6326 0.890827
0.6328 0.0638419
0.633 -0.822701
0.6332 -0.945657
0.6334 -0.190612
0.6336 0.741649
0.6338 0.985578
0.634 0.314484
0.6342 -0.64879
0.6344 -1.00994
0.6346 -0.433485
0.6348 0.545591
0.635 1.01834
0.6352 0.545717
0.6354 -0.433685
0.6356 -1.01064
0.6358 -0.649388
0.636 0.314846
0.6362 0.986938
0.6364 0.742843
0.6366 -0.190962
0.6368 -0.94761
0.637 -0.824587
0.6372 0.0640028
0.6374 0.893272
0.6376 0.893314
0.6378 0.0640118
0.638 -0.824783
0.6382 -0.947924
0.6384 -0.191043
0.6386 0.743229
0.6388 0.987543
0.639 0.315068
0.6392 -0.649906
0.6394 -1.01154
0.6396 -0.43411
0.6398 0.546301
0.64 1.01952
0.6402 0.546273
0.6404 -0.434064
0.6406 -1.01138
0.6408 -0.649769
0.641 0.314985
0.6412 0.987229
0.6414 0.742952
0.6416 -0.190962
0.6418 -0.947467
0.642 -0.824339
0.6422 0.0639739
0.6424 0.892733
0.6426 0.89264
0.6428 0.0639537
0.643 -0.823907
0.6432 -0.946771
0.6434 -0.190781
0.6436 0.742093
0.6438 0.98588
0.644 0.314488
0.6442 -0.648607
0.6444 -1.00935
0.6446 -0.433104
0.6448 0.544948
0.645 1.01684
0.6452 0.544744
0.6454 -0.432779
0.6456 -1.00822
0.6458 -0.647635
0.646 0.313899
0.6462 0.983663
0.6464 0.740146
0.6466 -0.190209
0.6468 -0.943577
0.647 -0.820818
0.6472 0.0636899
0.6474 0.888622
0.6476 0.88838
0.6478 0.0636378
0.648 -0.819699
0.6482 -0.941776
0.6484 -0.189743
0.6486 0.737928
0.6488 0.980179
0.649 0.312616
0.6492 -0.644636
0.6494 -1.003
0.6496 -0.430305
0.6498 0.541333
0.65 1.00992
0.6502 0.540943
0.6504 -0.429686
0.6506 -1.00084
0.6508 -0.642782
0.651 0.311493
0.6512 0.975954
0.6514 0.734218
0.6516 -0.188653
0.6518 -0.935693
0.652 -0.813818
0.6522 0.0631358
0.6524 0.880737
0.6526 0.880343
0.6528 0.0630511
0.653 -0.811999
0.6532 -0.932767
0.6534 -0.187895
0.6536 0.730613
0.6538 0.970293
0.654 0.309409
0.6542 -0.637911
0.6544 -0.992366
0.6546 -0.425667
0.6548 0.535405
0.655 0.998682
0.6552 0.534833
0.6554 -0.424758
0.6556 -0.989189
0.6558 -0.63519
0.656 0.30776
0.6562 0.964091
0.6564 0.725168
0.6566 -0.186295
0.6568 -0.923839
0.657 -0.803369
0.6572 0.0623144
0.6574 0.869129
0.6576 0.868591
0.6578 0.0621987
0.658 -0.800885
0.6582 -0.919842
0.6584 -0.185259
0.6586 0.720244
0.6588 0.95636
0.659 0.304914
0.6592 -0.628538
0.6594 -0.977621
0.6596 -0.419272
0.6598 0.527272
0.66 0.983348
0.6602 0.526533
0.6604 -0.418097
0.6606 -0.973516
0.6608 -0.625022
0.661 0.302784
0.6612 0.948348
0.6614 0.71321
0.6616 -0.183193
0.6618 -0.908311
0.662 -0.789739
0.6622 0.0612473
0.6624 0.854109
0.6626 0.853445
0.6628 0.0611044
0.663 -0.786671
0.6632 -0.903375
0.6634 -0.181915
0.6636 0.70713
0.6638 0.938802
0.664 0.29927
0.6642 -0.61681
0.6644 -0.959234
0.6646 -0.411324
0.6648 0.5172
0.665 0.96442
0.6652 0.516322
0.6654 -0.409928
0.6656 -0.954356
0.6658 -0.612632
0.666 0.296739
0.6662 0.929281
0.6664 0.698771
0.6666 -0.179459
0.6668 -0.889673
0.667 -0.773426
0.6672 0.059974
0.6674 0.836238
0.6676 0.835475
0.6678 0.0598098
0.668 -0.769901
0.6682 -0.884001
0.6684 -0.17799
0.6686 0.691786
0.6688 0.918313
0.669 0.292702
0.6692 -0.603197
0.6694 -0.937946
0.6696 -0.402146
0.6698 0.505599
0.67 0.942675
0.6702 0.50462
0.6704 -0.400591
0.6706 -0.93251
0.6708 -0.59854
0.671 0.289881
0.6712 0.907703
0.6714 0.682471
0.6716 -0.175254
0.6718 -0.868733
0.672 -0.755143
0.6722 0.0585502
0.6724 0.816303
0.6726 0.815476
0.6728 0.0583724
0.673 -0.751326
0.6732 -0.862591
0.6734 -0.173663
0.6736 0.674906
0.6738 0.895825
0.674 0.285509
0.6742 -0.588323
0.6744 -0.914741
0.6746 -0.392165
0.6748 0.493009
0.675 0.919129
0.6752 0.491978
0.6754 -0.390526
0.6756 -0.909013
0.6758 -0.583417
0.676 0.282536
0.6762 0.884646
0.6764 0.665092
0.6766 -0.17078
0.6768 -0.846504
0.677 -0.735777
0.6772 0.0570454
0.6774 0.795279
0.6776 0.79443
0.6778 0.056863
0.678 -0.731862
0.6782 -0.840205
0.6784 -0.169148
0.6786 0.657333
0.6788 0.872464
0.679 0.278053
0.6792 -0.572938
0.6794 -0.890789
0.6796 -0.381884
0.6798 0.480071
0.68 0.894983
0.6802 0.479042
0.6804 -0.380248
0.6806 -0.885073
0.6808 -0.568041
0.681 0.275086
0.6812 0.861307
0.6814 0.647538
0.6816 -0.166272
0.6818 -0.82415
0.682 -0.716344
0.6822 0.0555386
0.6824 0.774274
0.6826 0.773451
0.6828 0.0553617
0.683 -0.712545
0.6832 -0.818038
0.6834 -0.164688
0.6836 0.640009
0.6838 0.849488
0.684 0.270736
0.6842 -0.557874
0.6844 -0.867392
0.6846 -0.371864
0.6848 0.46749
0.685 0.871558
0.6852 0.466521
0.6854 -0.370324
0.6856 -0.86201
0.6858 -0.553264
0.686 0.267943
0.6862 0.838983
0.6864 0.630787
0.6866 -0.16198
0.6868 -0.802923
0.687 -0.697936
0.6872 0.0541149
0.6874 0.754476
0.6876 0.753726
0.6878 0.0539537
0.688 -0.694475
0.6882 -0.797355
0.6884 -0.160537
0.6886 0.62393
0.6888 0.828216
0.689 0.26398
0.6892 -0.544003
0.6894 -0.845904
0.6896 -0.362688
0.6898 0.455999
0.69 0.850222
0.6902 0.455148
0.6904 -0.361336
0.6906 -0.841181
0.6908 -0.539957
0.691 0.261529
0.6912 0.818998
0.6914 0.615838
0.6916 -0.15816
0.6918 -0.784093
0.692 -0.681658
0.6922 0.0528598
0.6924 0.737078
0.6926 0.736449
0.6928 0.0527245
0.693 -0.678752
0.6932 -0.779418
0.6934 -0.156949
0.6936 0.61008
0.6938 0.809959
0.694 0.258202
0.6942 -0.532183
0.6944 -0.827661
0.6946 -0.354925
0.6948 0.446316
0.695 0.832313
0.6952 0.44564
0.6954 -0.353851
0.6956 -0.823906
0.6958 -0.528966
0.696 0.256253
0.6962 0.802631
0.6964 0.603647
0.6966 -0.15506
0.6968 -0.768875
0.697 -0.668563
0.6972 0.051855
0.6974 0.723216
0.6976 0.72275
0.6978 0.0517548
0.698 -0.666412
0.6982 -0.765414
0.6984 -0.154163
0.6986 0.599384
0.6988 0.795939
0.699 0.253791
0.6992 -0.523211
0.6994 -0.813898
0.6996 -0.349106
0.6998 0.439102
0.7 0.819059
0.7002 0.43865
0.7004 -0.348386
0.7006 -0.811384
0.7008 -0.521058
0.701 0.252486
0.7012 0.791033
0.7014 0.595079
0.7016 -0.152899
0.7018 -0.758358
0.702 -0.659593
0.7022 0.051173
0.7024 0.713897
0.7026 0.713631
0.7028 0.0511158
0.703 -0.658366
0.7032 -0.756384
0.7034 -0.152387
0.7036 0.592647
0.7038 0.787217
0.704 0.251082
0.7042 -0.517776
0.7044 -0.805678
0.7046 -0.345681
0.7048 0.434923
0.705 0.811505
0.7052 0.434734
0.7054 -0.34538
0.7056 -0.804627
0.7058 -0.516876
0.706 0.250536
0.7062 0.785167
0.7064 0.590848
0.7066 -0.151859
0.7068 -0.753438
0.707 -0.65552
0.7072 0.050873
0.7074 0.709938
0.7076 0.709901
0.7078 0.0508649
0.708 -0.655346
0.7082 -0.753158
0.7084 -0.151787
0.7086 0.590504
0.7088 0.784627
0.709 0.250338
0.7092 -0.516413
0.7094 -0.803823
0.7096 -0.345
0.7098 0.434211
0.71 0.810447
0.7102 0.434314
0.7104 -0.345163
0.7106 -0.804391
0.7108 -0.516899
0.711 0.250633
0.7112 0.785736
0.7114 0.591479
0.7116 -0.152073
0.7118 -0.754758
0.712 -0.656894
0.7122 0.0509972
0.7124 0.711916
0.7126 0.712124
0.7128 0.0510419
0.713 -0.657853
0.7132 -0.756301
0.7134 -0.152473
0.7136 0.59338
0.7138 0.788723
0.714 0.251732
0.7142 -0.51947
0.7144 -0.808863
0.7146 -0.347284
0.7148 0.437238
0.715 0.816381
0.7152 0.437646
0.7154 -0.347932
0.7156 -0.811127
0.7158 -0.52141
0.716 0.252908
0.7162 0.793144
0.7164 0.597262
0.7166 -0.153614
0.7168 -0.762667
0.717 -0.664008
0.7172 0.0515673
0.7174 0.720124
0.7176 0.720583
0.7178 0.0516659
0.718 -0.666126
0.7182 -0.766075
0.7184 -0.154496
0.7186 0.60146
0.7188 0.799735
0.719 0.255334
0.7192 -0.527081
0.7194 -0.820992
0.7196 -0.352611
0.7198 0.444094
0.72 0.829461
0.7202 0.444806
0.7204 -0.353743
0.7206 -0.824948
0.7208 -0.530469
0.721 0.257387
0.7212 0.807457
0.7214 0.60824
0.7216 -0.156488
0.7218 -0.777191
0.722 -0.676872
0.7222 0.0525833
0.7224 0.734547
0.7226 0.73525
0.7228 0.0527343
0.723 -0.680115
0.7232 -0.782409
0.7234 -0.15784
0.7236 0.614667
0.7238 0.817549
0.724 0.261102
0.7242 -0.539152
0.7244 -0.84005
0.7246 -0.360905
0.7248 0.454677
0.725 0.84948
0.7252 0.455677
0.7254 -0.362495
0.7256 -0.845605
0.7258 -0.543911
0.726 0.263985
0.7262 0.828393
0.7264 0.624188
0.7266 -0.160636
0.7268 -0.798016
0.727 -0.695202
0.7272 0.0540221
0.7274 0.754853
0.7276 0.755779
0.7278 0.0542213
0.728 -0.699479
0.7282 -0.804897
0.7284 -0.162419
0.7286 0.632663
0.7288 0.841701
0.729 0.268883
0.7292 -0.55536
0.7294 -0.865519
0.7296 -0.371939
0.7298 0.468692
0.73 0.875875
0.7302 0.469948
0.7304 -0.373935
0.7306 -0.872497
0.7308 -0.561337
0.731 0.272505
0.7312 0.855322
0.7314 0.644622
0.7316 -0.165932
0.7318 -0.824501
0.732 -0.718428
0.7322 0.0558388
0.7324 0.7804
0.7326 0.781518
0.7328 0.0560792
0.733 -0.723592
0.7332 -0.832809
0.7334 -0.168084
0.7336 0.654855
0.7338 0.871389
0.734 0.278419
0.7342 -0.575161
0.7344 -0.896539
0.7346 -0.385337
0.7348 0.48566
0.735 0.907739
0.7352 0.487126
0.7354 -0.387668
0.7356 -0.904686
0.7358 -0.582139
0.736 0.282648
0.7362 0.887292
0.7364 0.668817
0.7366 -0.172185
0.7368 -0.855696
0.737 -0.745715
0.7372 0.0579676
0.7374 0.810261
0.7376 0.81153
0.7378 0.0582403
0.738 -0.75157
0.7382 -0.865116
0.7384 -0.174625
0.7386 0.680419
0.7388 0.905509
0.739 0.289353
0.7392 -0.597812
0.7394 -0.931943
0.7396 -0.400595
0.7398 0.504939
0.74 0.943864
0.7402 0.506559
0.7404 -0.403169
0.7406 -0.94094
0.7408 -0.605518
0.741 0.294022
0.7412 0.92307
0.7414 0.695837
0.7416 -0.179154
0.7418 -0.890389
0.742 -0.775999
0.7422 0.0603254
0.7424 0.843268
0.7426 0.844635
0.7428 0.0606193
0.743 -0.782309
0.7432 -0.900541
0.7434 -0.181784
0.7436 0.708341
0.7438 0.942703
0.744 0.301248
0.7442 -0.622408
0.7444 -0.970315
0.7446 -0.417099
0.7448 0.525755
0.745 0.982794
0.7452 0.527461
0.7454 -0.41981
0.7456 -0.97979
0.7458 -0.630524
0.746 0.306166
0.7462 0.961198
0.7464 0.724578
0.7466 -0.186553
0.7468 -0.927158
0.747 -0.808037
0.7472 0.0628153
0.7474 0.87806
0.7476 0.879468
0.7478 0.063118
0.748 -0.814537
0.7482 -0.937615
0.7484 -0.189262
0.7486 0.737459
0.7488 0.981422
0.749 0.31361
0.7492 -0.647922
0.7494 -1.01005
0.7496 -0.43416
0.7498 0.547234
0.75 1.02289
0.7502 0.548953
0.7504 -0.436893
0.7506 -1.0196
0.7508 -0.656103
0.751 0.318566
0.7512 1.00006
0.7514 0.753824
0.7516 -0.194069
0.7518 -0.964442
0.752 -0.840468
0.7522 0.0653313
0.7524 0.913156
0.7526 0.914544
0.7528 0.0656297
0.753 -0.846876
0.7532 -0.974753
0.7534 -0.196741
0.7536 0.766525
0.7538 1.02
0.754 0.325906
0.7542 -0.673257
0.7544 -1.04943
0.7546 -0.451041
0.7548 0.56845
0.755 1.06243
0.7552 0.570107
0.7554 -0.453676
0.7556 -1.05864
0.7558 -0.681144
0.756 0.330685
0.7562 1.03798
0.7564 0.782302
0.7566 -0.201375
0.7568 -1.00062
0.757 -0.871876
0.7572 0.0677635
0.7574 0.947022
0.7576 0.948329
0.7578 0.0680446
0.758 -0.877911
0.7582 -1.01033
0.7584 -0.20389
0.7586 0.794262
0.7588 1.05675
0.759 0.337596
0.7592 -0.697298
0.7594 -1.08674
0.7596 -0.466999
0.7598 0.588467
0.76 1.09966
0.7602 0.589989
0.7604 -0.469418
0.7606 -1.09519
0.7608 -0.704541
0.761 0.341984
0.7612 1.07326
0.7614 0.80875
0.7616 -0.208146
0.7618 -1.03408
0.762 -0.900867
0.7622 0.0700039
0.7624 0.978152
0.7626 0.979319
0.7628 0.070255
0.763 -0.906257
0.7632 -1.04275
0.7634 -0.210393
0.7636 0.819434
0.7638 1.09003
0.764 0.348158
0.7642 -0.71897
0.7644 -1.12029
0.7646 -0.481319
0.7648 0.606388
0.765 1.13292
0.7652 0.607706
0.7654 -0.483414
0.7656 -1.12761
0.7658 -0.725241
0.766 0.351957
0.7662 1.10432
0.7664 0.831979
0.7666 -0.214078
0.7668 -1.06331
0.767 -0.926134
0.7672 0.0719515
0.7674 1.00514
0.7676 1.00612
0.7678 0.0721612
0.768 -0.930636
0.7682 -1.07056
0.7684 -0.215954
0.7686 0.8409
0.7688 1.11833
0.769 0.357113
0.7692 -0.737292
0.7694 -1.14857
0.7696 -0.493353
0.7698 0.621401
0.77 1.16069
0.7702 0.622455
0.7704 -0.495027
0.7706 -1.15442
0.7708 -0.742305
0.771 0.360151
0.7712 1.12975
0.7714 0.85093
0.7716 -0.2189
0.7718 -1.087
0.772 -0.946528
0.7722 0.0735176
0.7724 1.02676
0.7726 1.0275
0.7728 0.0736762
0.773 -0.949935
0.7732 -1.09248
0.7734 -0.22032
0.7736 0.857683
0.7738 1.14035
0.774 0.364053
0.7742 -0.751425
0.7744 -1.17028
0.7746 -0.502549
0.7748 0.632819
0.775 1.18171
0.7752 0.633561
0.7754 -0.503727
0.7756 -1.1744
0.7758 -0.754952
0.776 0.36619
0.7762 1.14839
0.7764 0.864737
0.7766 -0.222393
0.7768 -1.10404
0.777 -0.961113
0.7772 0.0746303
0.7774 1.04202
0.7776 1.04249
0.7778 0.0747307
0.778 -0.963269
0.7782 -1.10751
0.7784 -0.223291
0.7786 0.869009
0.7788 1.1551
0.779 0.368658
0.7792 -0.760722
0.7794 -1.18443
0.7796 -0.508486
0.7798 0.640118
0.78 1.19501
0.7802 0.640512
0.7804 -0.509113
0.7806 -1.18662
0.7808 -0.762598
0.781 0.369795
0.7812 1.15937
0.7814 0.872763
0.7816 -0.224394
0.7818 -1.11367
0.782 -0.969216
0.7822 0.0752383
0.7824 1.05022
0.7826 1.05039
0.7828 0.0752758
0.783 -0.970021
0.7832 -1.11496
0.7834 -0.224729
0.7836 0.874357
0.7838 1.16187
0.784 0.370717
0.7842 -0.764751
0.7844 -1.19037
0.7846 -0.510888
0.7848 0.642959
0.785 1.19997
0.7852 0.642989
0.7854 -0.510935
0.7856 -1.19053
0.7858 -0.764891
0.786 0.370801
0.7862 1.16219
0.7864 0.874637
0.7866 -0.224811
0.7868 -1.11542
0.787 -0.970463
0.7872 0.0753136
0.7874 1.05096
0.7876 1.05084
0.7878 0.0752864
0.788 -0.969879
0.7882 -1.11448
0.7884 -0.224568
0.7886 0.873479
0.7888 1.16038
0.789 0.370132
0.7892 -0.763328
0.7894 -1.18781
0.7896 -0.509646
0.7898 0.641212
0.79 1.19637
0.7902 0.640875
0.7904 -0.50911
0.7906 -1.18594
0.7908 -0.761724
0.791 0.369161
0.7912 1.15672
0.7914 0.870271
0.7916 -0.223625
0.7918 -1.10922
0.792 -0.964796
0.7922 0.0748525
0.7924 1.04423
0.7926 1.04381
0.7928 0.0747619
0.793 -0.962851
0.7932 -1.10609
0.7934 -0.222814
0.7936 0.866415
0.7938 1.15067
0.794 0.366933
0.7942 -0.756516
0.7944 -1.17688
0.7946 -0.504815
0.7948 0.634957
0.795 1.18437
0.7952 0.634269
0.7954 -0.503722
0.7956 -1.17306
0.7958 -0.753244
0.796 0.36495
0.7962 1.14321
0.7964 0.859868
0.7966 -0.220891
0.7968 -1.09536
0.797 -0.952478
0.7972 0.0738765
0.7974 1.03034
0.7976 1.02964
0.7978 0.0737267
0.798 -0.949261
0.7982 -1.09018
0.7984 -0.21955
0.7986 0.853493
0.7988 1.1332
0.799 0.361265
0.7992 -0.744633
0.7994 -1.15809
0.7996 -0.49662
0.7998 0.624483
0.8 1.16452
0.8002 0.623476
0.8004 -0.49502
0.8006 -1.15249
0.8008 -0.739842
0.801 0.358363
0.8012 1.12228
0.8014 0.84391
0.8016 -0.216736
0.8018 -1.07447
0.802 -0.934076
0.8022 0.0724307
0.8024 1.00991
0.8026 1.00897
0.8028 0.0722285
0.803 -0.929736
0.8032 -1.06749
0.8034 -0.214926
0.8036 0.835308
0.8038 1.10878
0.804 0.353392
0.8042 -0.728225
0.8044 -1.13229
0.8046 -0.485438
0.8048 0.610273
0.805 1.13775
0.8052 0.608993
0.8054 -0.483404
0.8056 -1.12518
0.8058 -0.722136
0.806 0.349703
0.8062 1.09491
0.8064 0.823128
0.8066 -0.211349
0.8068 -1.04752
0.807 -0.910437
0.8072 0.0705813
0.8074 0.983902
0.8076 0.982762
0.8078 0.0703362
0.808 -0.905172
0.8082 -1.03905
0.8084 -0.209154
0.8086 0.812695
0.8088 1.07852
0.809 0.343674
0.8092 -0.708044
0.8094 -1.10067
0.8096 -0.471782
0.8098 0.592977
0.81 1.10527
0.8102 0.591483
0.8104 -0.469407
0.8106 -1.09237
0.8108 -0.700935
0.811 0.339367
0.8112 1.06233
0.8114 0.798474
0.8116 -0.204977
0.8118 -1.01574
0.812 -0.88264
0.8122 0.068413
0.8124 0.95349
0.8126 0.952201
0.8128 0.0681359
0.813 -0.87669
0.8132 -1.00617
0.8134 -0.202497
0.8136 0.786683
0.8138 1.04381
0.814 0.332553
0.8142 -0.685009
0.8144 -1.06467
0.8146 -0.456271
0.8148 0.573383
0.815 1.06856
0.8152 0.571742
0.8154 -0.453664
0.8156 -1.05556
0.8158 -0.677202
0.816 0.327822
0.8162 1.02602
0.8164 0.771064
0.8166 -0.19791
0.8168 -0.980565
0.817 -0.851943
0.8172 0.0660236
0.8174 0.920051
0.8176 0.918671
0.8178 0.0657271
0.818 -0.845575
0.8182 -0.97032
0.8184 -0.195255
0.8186 0.758444
0.8188 1.00621
0.819 0.320529
0.8192 -0.660156
0.8194 -1.02591
0.8196 -0.439605
0.8198 0.55237
0.82 1.02927
0.8202 0.550655
0.8204 -0.43688
0.8206 -1.01639
0.8208 -0.651998
0.821 0.315587
0.8212 0.98762
0.8214 0.742125
0.8216 -0.190462
0.8218 -0.943568
0.822 -0.819717
0.8222 0.06352
0.8224 0.885078
0.8226 0.883669
0.8228 0.0632171
0.823 -0.813212
0.8232 -0.933104
0.8234 -0.187751
0.8236 0.729235
0.8238 0.967382
0.824 0.308138
0.8242 -0.634588
0.8244 -0.98611
0.8246 -0.42252
0.8248 0.530868
0.825 0.989146
0.8252 0.529155
0.8254 -0.419798
0.8256 -0.976595
0.8258 -0.626438
0.826 0.303199
0.8262 0.948809
0.8264 0.71293
0.8266 -0.182962
0.8268 -0.906375
0.827 -0.787377
0.8272 0.0610119
0.8274 0.850104
0.8276 0.848727
0.8278 0.0607158
0.828 -0.781019
0.8282 -0.896146
0.8284 -0.180311
0.8286 0.700329
0.8288 0.929026
0.829 0.295918
0.8292 -0.609418
0.8294 -0.946994
0.8296 -0.40576
0.8298 0.509811
0.83 0.949917
0.8302 0.508173
0.8304 -0.403157
0.8306 -0.937896
0.8308 -0.601624
0.831 0.291195
0.8312 0.911265
0.8314 0.684737
0.8316 -0.175731
0.8318 -0.870585
0.832 -0.756312
0.8322 0.058607
0.8324 0.816629
0.8326 0.815341
0.8328 0.0583302
0.833 -0.750368
0.8332 -0.861022
0.8334 -0.173254
0.8336 0.672958
0.8338 0.892771
0.834 0.284388
0.8342 -0.585713
0.8344 -0.910223
0.8346 -0.390033
0.8348 0.490089
0.835 0.913243
0.8352 0.488594
0.8354 -0.387657
0.8356 -0.901918
0.8358 -0.578599
0.836 0.280077
0.8362 0.876559
0.8364 0.658725
0.8366 -0.169073
0.8368 -0.83769
0.837 -0.727815
0.8372 0.0564051
0.8374 0.78604
0.8376 0.784894
0.8378 0.0561589
0.838 -0.722527
0.8382 -0.829183
0.8384 -0.166869
0.8386 0.648245
0.8388 0.860105
0.839 0.274021
0.8392 -0.564443
0.8394 -0.877297
0.8396 -0.375981
0.8398 0.472504
0.84 0.880612
0.8402 0.471211
0.8404 -0.373926
0.8406 -0.870115
0.8408 -0.55829
0.841 0.270293
0.8412 0.846084
0.8414 0.635936
0.8416 -0.163253
0.8418 -0.809003
0.842 -0.703021
0.8422 0.0544939
0.8424 0.759551
0.8426 0.758591
0.8428 0.0542876
0.843 -0.698592
0.8432 -0.801877
0.8434 -0.161407
0.8436 0.627158
0.8438 0.832301
0.844 0.26522
0.8442 -0.546433
0.8444 -0.849491
0.8446 -0.364145
0.8448 0.457733
0.845 0.853277
0.8452 0.45669
0.8454 -0.362487
0.8456 -0.843696
0.8458 -0.541468
0.846 0.262212
0.8462 0.820988
0.8464 0.617225
0.8466 -0.15849
0.8468 -0.785593
0.847 -0.682852
0.8472 0.0529441
0.8474 0.73814
0.8476 0.7374
0.8478 0.052785
0.848 -0.679436
0.8482 -0.780099
0.8484 -0.157066
0.8486 0.610457
0.8488 0.81036
0.849 0.2583
0.8492 -0.532324
0.8494 -0.827791
0.8496 -0.354944
0.8498 0.446295
0.85 0.832195
0.8502 0.445535
0.8504 -0.353737
0.8506 -0.823573
0.8508 -0.52871
0.851 0.25611
0.8512 0.802124
0.8514 0.603226
0.8516 -0.154942
0.8518 -0.768243
0.852 -0.667976
0.8522 0.0518067
0.8524 0.722508
0.8526 0.72201
0.8528 0.0516996
0.853 -0.665676
0.8532 -0.764542
0.8534 -0.153983
0.8536 0.598666
0.8538 0.794964
0.854 0.253475
0.8542 -0.522549
0.8544 -0.812856
0.8546 -0.348655
0.8548 0.438531
0.855 0.817987
0.8552 0.438074
0.8554 -0.347929
0.8556 -0.81032
0.8558 -0.520377
0.856 0.252158
0.8562 0.790012
0.8564 0.594317
0.8566 -0.152706
0.8568 -0.757412
0.857 -0.658782
0.8572 0.0511111
0.8574 0.713051
0.8576 0.712803
0.8578 0.0510579
0.858 -0.657639
0.8582 -0.755572
0.8584 -0.152229
0.8586 0.592051
0.8588 0.786452
0.859 0.250847
0.8592 -0.517313
0.8594 -0.80499
0.8596 -0.3454
0.8598 0.434589
0.86 0.810916
0.8602 0.434439
0.8604 -0.345162
0.8606 -0.804155
0.8608 -0.516598
0.861 0.250414
0.8612 0.784822
0.8614 0.590618
0.8616 -0.151808
0.8618 -0.753221
0.862 -0.655366
0.8622 0.0508637
0.8624 0.709845
0.8626 0.709845
0.8628 0.0508636
0.863 -0.655363
0.8632 -0.753218
0.8634 -0.151807
0.8636 0.590613
0.8638 0.784813
0.864 0.25041
0.8642 -0.516588
0.8644 -0.804137
0.8646 -0.345152
0.8648 0.434424
0.865 0.810885
0.8652 0.434569
0.8654 -0.345382
0.8656 -0.804939
0.8658 -0.517275
0.866 0.250826
0.8662 0.786376
0.8664 0.591985
0.8666 -0.152209
0.8668 -0.755463
0.867 -0.657533
0.8672 0.0510486
0.8674 0.712659
0.8676 0.71289
0.8678 0.0510983
0.868 -0.6586
0.8682 -0.75718
0.8684 -0.152654
0.8686 0.594099
0.8688 0.789694
0.869 0.252047
0.8692 -0.520128
0.8694 -0.809899
0.8696 -0.347733
0.8698 0.437808
0.87 0.81745
0.8702 0.438221
0.8704 -0.34839
0.8706 -0.812193
0.8708 -0.522093
0.871 0.253237
0.8712 0.79417
0.8714 0.598028
0.8716 -0.153808
0.8718 -0.763618
0.872 -0.664821
0.8722 0.0516292
0.8724 0.720968
0.8726 0.721404
0.8728 0.051723
0.873 -0.666836
0.8732 -0.76686
0.8734 -0.154648
0.8736 0.602019
0.8738 0.800437
0.874 0.255544
0.8742 -0.527482
0.8744 -0.821565
0.8746 -0.352833
0.8748 0.444342
0.875 0.829861
0.8752 0.444986
0.8754 -0.353856
0.8756 -0.825139
0.8758 -0.530544
0.876 0.257399
0.8762 0.807413
0.8764 0.608143
0.8766 -0.156446
0.8768 -0.776895
0.877 -0.676535
0.8772 0.0525507
0.8774 0.734
0.8776 0.734606
0.8778 0.052681
0.878 -0.679333
0.8782 -0.781397
0.8784 -0.157613
0.8786 0.613688
0.8788 0.816117
0.879 0.260602
0.8792 -0.538031
0.8794 -0.838159
0.8796 -0.360029
0.8798 0.453491
0.88 0.847107
0.8802 0.454317
0.8804 -0.361342
0.8806 -0.842748
0.8808 -0.541961
0.881 0.262984
0.8812 0.825073
0.8814 0.62155
0.8816 -0.159921
0.8818 -0.794282
0.882 -0.691786
0.8822 0.0537438
0.8824 0.75078
0.8826 0.751514
0.8828 0.0539015
0.883 -0.695173
0.8832 -0.799731
0.8834 -0.161333
0.8836 0.62826
0.8838 0.835609
0.884 0.266861
0.8842 -0.551024
0.8844 -0.858508
0.8846 -0.368815
0.8848 0.464614
0.885 0.867985
0.8852 0.465568
0.8854 -0.370331
0.8856 -0.863807
0.8858 -0.555563
0.886 0.269611
0.8862 0.845951
0.8864 0.637339
0.8866 -0.164
0.8868 -0.814612
0.887 -0.709555
0.8872 0.055129
0.8874 0.770194
0.8876 0.771009
0.8878 0.0553041
0.888 -0.713315
0.8882 -0.820661
0.8884 -0.165567
0.8886 0.64479
0.8888 0.857649
0.889 0.273917
0.8892 -0.565625
0.8894 -0.881306
0.8896 -0.378629
0.8898 0.477001
0.89 0.891169
0.8902 0.478024
0.8904 -0.380256
0.8906 -0.886991
0.8908 -0.570495
0.891 0.276867
0.8912 0.868746
0.8914 0.654532
0.8916 -0.168428
0.8918 -0.836628
0.892 -0.728747
0.8922 0.0566212
0.8924 0.791054
0.8926 0.791902
0.8928 0.0568034
0.893 -0.732659
0.8932 -0.842921
0.8934 -0.170058
0.8936 0.662283
0.8938 0.880915
0.894 0.281346
0.8942 -0.580963
0.8944 -0.905197
0.8946 -0.388889
0.8948 0.48992
0.895 0.91529
0.8952 0.490954
0.8954 -0.390533
0.8956 -0.910944
0.8958 -0.585886
0.896 0.284329
0.8962 0.892132
0.8964 0.67213
0.8966 -0.172951
0.8968 -0.859062
0.897 -0.74826
0.8972 0.0581349
0.8974 0.812167
0.8976 0.813
0.8978 0.058314
0.898 -0.752107
0.8982 -0.865251
0.8984 -0.174554
0.8986 0.679753
0.8988 0.904101
0.899 0.288734
0.8992 -0.596182
0.8994 -0.928849
0.8996 -0.399024
0.8998 0.502654
0.9 0.939016
0.9002 0.503644
0.9004 -0.400598
0.9006 -0.93435
0.9008 -0.600894
0.901 0.291589
0.9012 0.914838
0.9014 0.68918
0.9016 -0.177323
0.9018 -0.880702
0.902 -0.767042
0.9022 0.0595887
0.9024 0.832402
0.9026 0.833178
0.9028 0.0597556
0.903 -0.770625
0.9032 -0.886468
0.9034 -0.178816
0.9036 0.696281
0.9038 0.925988
0.904 0.295693
0.9042 -0.610486
0.9044 -0.951032
0.9046 -0.408509
0.9048 0.514545
0.905 0.961121
0.9052 0.515442
0.9054 -0.409935
0.9056 -0.956015
0.9058 -0.614754
0.906 0.298279
0.9062 0.935714
0.9064 0.70482
0.9066 -0.181324
0.9068 -0.900464
0.907 -0.784154
0.9072 0.0609103
0.9074 0.850754
0.9076 0.851436
0.9078 0.061057
0.908 -0.787304
0.9082 -0.905532
0.9084 -0.182637
0.9086 0.711063
0.9088 0.945516
0.909 0.301887
0.9092 -0.623186
0.9094 -0.970681
0.9096 -0.41689
0.9098 0.525026
0.91 0.980557
0.9102 0.525789
0.9104 -0.418103
0.9106 -0.97492
0.9108 -0.626818
0.911 0.304087
0.9112 0.953791
0.9114 0.718328
0.9116 -0.184772
0.9118 -0.917443
0.912 -0.798817
0.9122 0.0620398
0.9124 0.866394
0.9126 0.866954
0.9128 0.0621601
0.913 -0.801401
0.9132 -0.921601
0.9134 -0.185849
0.9136 0.723449
0.9138 0.961832
0.914 0.307047
0.9142 -0.633736
0.9144 -0.986952
0.9146 -0.423809
0.9148 0.533652
0.915 0.996505
0.9152 0.534252
0.9154 -0.424762
0.9156 -0.990284
0.9158 -0.63659
0.916 0.308777
0.9162 0.968337
0.9164 0.729161
0.9166 -0.187526
0.9168 -0.930964
0.917 -0.810452
0.9172 0.0629327
0.9174 0.878715
0.9176 0.879133
0.9178 0.0630225
0.918 -0.812381
0.9182 -0.934067
0.9184 -0.18833
0.9186 0.732983
0.9188 0.974339
0.919 0.310986
0.9192 -0.641754
0.9194 -0.999267
0.9196 -0.429023
0.9198 0.540123
0.92 1.00841
0.9202 0.540543
0.9204 -0.429689
0.9206 -1.00159
0.9208 -0.643749
0.921 0.312194
0.9212 0.978884
0.9214 0.736974
0.9216 -0.189503
0.9218 -0.940611
0.922 -0.818707
0.9222 0.0635626
0.9224 0.887354
0.9226 0.887621
0.9228 0.0636199
0.923 -0.819938
0.9232 -0.942591
0.9234 -0.190016
0.9236 0.739414
0.9238 0.982716
0.924 0.313605
0.9242 -0.647046
0.9244 -1.00733
0.9246 -0.43241
0.9248 0.544293
0.925 1.01602
0.9252 0.544527
0.9254 -0.432781
0.9256 -1.00863
0.9258 -0.648158
0.926 0.314278
0.9262 0.985249
0.9264 0.741638
0.9266 -0.190669
0.9268 -0.94624
0.927 -0.823466
0.9272 0.0639212
0.9274 0.892209
0.9276 0.892326
0.9278 0.0639463
0.928 -0.824006
0.9282 -0.947108
0.9284 -0.190894
0.9286 0.742708
0.9288 0.986929
0.929 0.314897
0.9292 -0.649605
0.9294 -1.01115
0.9296 -0.433976
0.9298 0.546175
0.93 1.01937
0.9302 0.546231
0.9304 -0.434065
0.9306 -1.01146
0.9308 -0.64987
0.931 0.315058
0.9312 0.987535
0.9314 0.74324
0.9316 -0.191051
0.9318 -0.947983
0.932 -0.824853
0.9322 0.0640188
0.9324 0.893432
0.9326 0.89341
0.9328 0.0640141
0.933 -0.824752
0.9332 -0.947821
0.9334 -0.191009
0.9336 0.743041
0.9338 0.987224
0.934 0.314944
0.9342 -0.649604
0.9344 -1.011
0.9346 -0.433847
0.9348 0.545933
0.935 1.01877
0.9352 0.54583
0.9354 -0.433684
0.9356 -1.01042
0.9358 -0.649115
0.936 0.314647
0.9362 0.98611
0.9364 0.742064
0.9366 -0.190722
0.9368 -0.946223
0.937 -0.82321
0.9372 0.0638826
0.9374 0.891412
0.9376 0.891271
0.9378 0.0638524
0.938 -0.822561
0.9382 -0.94518
0.9384 -0.190452
0.9386 0.740781
0.9388 0.984095
0.939 0.313906
0.9392 -0.647384
0.9394 -1.00742
0.9396 -0.432258
0.9398 0.543868
0.94 1.01479
0.9402 0.543635
0.9404 -0.431889
0.9406 -1.00613
0.9408 -0.646279
0.941 0.313237
0.9412 0.98158
0.9414 0.738573
0.9416 -0.189804
0.9418 -0.941565
0.942 -0.819069
0.9422 0.0635545
0.9424 0.88674
0.9426 0.886508
0.9428 0.0635047
0.943 -0.817999
0.9432 -0.939843
0.9434 -0.189358
0.9436 0.736454
0.9438 0.978254
0.944 0.312013
0.9442 -0.64342
0.9444 -1.00116
0.9446 -0.429534
0.9448 0.540391
0.945 1.00822
0.9452 0.540067
0.9454 -0.429018
0.9456 -0.999353
0.9458 -0.641876
0.946 0.311078
0.9462 0.974736
0.9464 0.733367
0.9466 -0.188452
0.9468 -0.934787
0.947 -0.813113
0.9472 0.0630879
0.9474 0.880167
0.9476 0.879877
0.9478 0.0630254
0.948 -0.811772
0.9482 -0.93263
0.9484 -0.187893
0.9486 0.730711
0.9488 0.970567
0.949 0.309544
0.9492 -0.638291
0.9494 -0.993121
0.9496 -0.426063
0.9498 0.535998
0.95 0.99997
0.9502 0.535623
0.9504 -0.425468
0.9506 -0.991039
0.9508 -0.636507
0.951 0.308463
0.9512 0.966504
0.9514 0.727145
0.9516 -0.186846
0.9518 -0.926787
0.952 -0.806127
0.9522 0.0625438
0.9524 0.87255
0.9526 0.872236
0.9528 0.0624764
0.953 -0.804679
0.9532 -0.924458
0.9534 -0.186242
0.9536 0.724277
0.9538 0.962002
0.954 0.306807
0.9542 -0.632637
0.9544 -0.984309
0.9546 -0.422277
0.9548 0.531229
0.955 0.991063
0.9552 0.530848
0.9554 -0.421672
0.9556 -0.982192
0.9558 -0.630824
0.956 0.305708
0.9562 0.957873
0.9564 0.720652
0.9566 -0.185178
0.9568 -0.918521
0.957 -0.798942
0.9572 0.0619869
0.9574 0.864789
0.9576 0.864488
0.9578 0.0619222
0.958 -0.797554
0.9582 -0.916288
0.9584 -0.1846
0.9586 0.717903
0.9588 0.953557
0.959 0.30412
0.9592 -0.627113
0.9594 -0.975741
0.9596 -0.418614
0.9598 0.526635
0.96 0.982525
0.9602 0.526292
0.9604 -0.418067
0.9606 -0.973832
0.9608 -0.625478
0.961 0.30313
0.9612 0.949832
0.9614 0.714633
0.9616 -0.18364
0.9618 -0.910931
0.962 -0.792379
0.9622 0.0614807
0.9624 0.85777
0.9626 0.857517
0.9628 0.0614262
0.963 -0.791209
0.9632 -0.90905
0.9634 -0.183152
0.9636 0.712316
0.9638 0.946195
0.964 0.301791
0.9642 -0.622351
0.9644 -0.968395
0.9646 -0.41549
0.9648 0.522742
0.965 0.975329
0.9652 0.522475
0.9654 -0.415066
0.9656 -0.966913
0.9658 -0.621082
0.966 0.301023
0.9662 0.943304
0.9664 0.709779
0.9666 -0.182407
0.9668 -0.904894
0.967 -0.787193
0.9672 0.0610836
0.9674 0.852305
0.9676 0.852129
0.9678 0.0610457
0.968 -0.786381
0.9682 -0.903586
0.9684 -0.182069
0.9686 0.708169
0.9688 0.940777
0.969 0.300093
0.9692 -0.61891
0.9694 -0.963138
0.9696 -0.413276
0.9698 0.52001
0.97 0.970334
0.9702 0.519854
0.9704 -0.413028
0.9706 -0.962269
0.9708 -0.618166
0.971 0.299642
0.9712 0.939082
0.9714 0.706682
0.9716 -0.181632
0.9718 -0.90115
0.972 -0.784027
0.9722 0.060845
0.9724 0.849076
0.9726 0.849001
0.9728 0.0608289
0.973 -0.783682
0.9732 -0.900595
0.9734 -0.181488
0.9736 0.705999
0.9738 0.93801
0.974 0.299248
0.9742 -0.617244
0.9744 -0.960668
0.9746 -0.412269
0.9748 0.51881
0.975 0.968219
0.9752 0.518789
0.9754 -0.412235
0.9756 -0.960549
0.9758 -0.617143
0.976 0.299186
0.9762 0.937779
0.9764 0.705796
0.9766 -0.181429
0.9768 -0.900265
0.977 -0.783364
0.9772 0.0608019
0.9774 0.848591
0.9776 0.848634
0.9778 0.0608111
0.978 -0.783562
0.9782 -0.900582
0.9784 -0.181511
0.9786 0.706188
0.9788 0.938394
0.979 0.299413
0.9792 -0.617673
0.9794 -0.961472
0.9796 -0.412673
0.9798 0.519393
0.98 0.969447
0.9802 0.519521
0.9804 -0.412877
0.9806 -0.962184
0.9808 -0.618283
0.981 0.299782
0.9812 0.939785
0.9814 0.707409
0.9816 -0.18187
0.9818 -0.902585
0.982 -0.785498
0.9822 0.0609764
0.9824 0.851152
0.9826 0.85132
0.9828 0.0610125
0.983 -0.786272
0.9832 -0.90383
0.9834 -0.182192
0.9836 0.708942
0.9838 0.942193
0.984 0.300669
0.9842 -0.620355
0.9844 -0.965788
0.9846 -0.414587
0.9848 0.521877
0.985 0.974226
0.9852 0.522159
0.9854 -0.415034
0.9856 -0.96735
0.9858 -0.621693
0.986 0.301479
0.9862 0.945241
0.9864 0.711619
0.9866 -0.182979
0.9868 -0.908219
0.987 -0.790514
0.9872 0.0613746
0.9874 0.856831
0.9876 0.857122
0.9878 0.061437
0.988 -0.791855
0.9882 -0.910376
0.9884 -0.183538
0.9886 0.714277
0.9888 0.949415
0.989 0.303016
0.9892 -0.625283
0.9894 -0.973594
0.9896 -0.417995
0.9898 0.526239
0.99 0.982502
0.9902 0.526665
0.9904 -0.418672
0.9906 -0.975961
0.9908 -0.62731
0.991 0.304244
0.9912 0.954034
0.9914 0.718332
0.9916 -0.184729
0.9918 -0.917024
0.992 -0.79828
0.9922 0.0619854
0.9924 0.865469
0.9926 0.865871
0.9928 0.0620719
0.993 -0.800137
0.9932 -0.920011
0.9934 -0.185503
0.9936 0.722012
0.9938 0.959811
0.994 0.30637
0.9942 -0.63228
0.9944 -0.984605
0.9946 -0.422771
0.9948 0.532314
0.995 0.993956
0.9952 0.532866
0.9954 -0.423648
0.9956 -0.98767
0.9958 -0.634906
0.996 0.307961
0.9962 0.965794
0.9964 0.727264
0.9966 -0.187045
0.9968 -0.92862
0.997 -0.808458
0.9972 0.0627821
0.9974 0.876681
0.9976 0.877175
0.9978 0.0628884
0.998 -0.81074
0.9982 -0.932291
0.9984 -0.187997
0.9986 0.731786
0.9988 0.972893
0.999 0.310574
0.9992 -0.641012
0.9994 -0.99829
0.9996 -0.428684
0.9998 0.539804
