0 -15.2662
2 -16.6638
4 30.9691
6 -16.5481
8 42.6126
10 -16.8615
12 -17.4213
14 -16.7556
16 -16.9803
18 -16.9087
20 -17.1341
22 -16.688
24 -16.6943
26 -16.8282
28 -16.9925
30 -17.0947
32 -17.1486
34 -17.1806
36 -16.8865
38 -16.3909
40 -17.0046
42 -16.8466
44 -16.8528
46 -17.9438
48 -16.0446
50 -16.5794
52 -16.7068
54 -16.6108
56 -15.4264
58 -17.0352
60 -17.4699
62 -16.7708
64 -14.562
66 -15.4808
68 -17.2631
70 -17.6514
72 -19.671
74 -16.6663
76 -17.3845
78 -17.1517
80 -21.2209
82 -17.2334
84 -16.2593
86 -17.7225
88 -16.4856
90 -16.6769
92 -17.9059
94 -17.2507
96 -16.6693
98 -14.79
100 -17.7457
102 -16.0859
104 -18.0348
106 -16.7051
108 -17.2095
110 -16.7604
112 -18.8871
114 -18.563
116 -16.7988
118 -15.7777
120 -17.8602
122 -17.028
124 -16.2741
126 -17.1157
128 -16.9547
130 -15.8529
132 -15.4814
134 -16.5295
136 -17.163
138 -16.3983
140 -17.2289
142 -16.1375
144 -16.2596
146 -16.912
148 -15.2231
150 -16.9308
152 -16.0253
154 -15.4787
156 -16.8814
158 -16.886
160 -19.7177
162 -15.3867
164 -11.9575
166 -18.7789
168 -16.9465
170 -15.6477
172 -17.8184
174 -16.7493
176 -15.7466
178 -16.8873
180 -18.6831
182 -15.5537
184 -16.06
186 -16.7957
188 -17.3624
190 -15.0794
192 -16.6476
194 -19.1752
196 -14.2629
198 -17.2649
200 -14.4465
202 -17.2732
204 -14.9924
206 -15.5045
208 -15.3441
210 -17.3105
212 -16.1665
214 -17.6834
216 -17.3905
218 -18.461
220 -14.0506
222 -18.9493
224 -15.2666
226 -17.7022
228 -16.3577
230 -16.9468
232 -16.0584
234 -13.5417
236 -17.3697
238 -12.2332
240 -14.1559
242 -12.2607
244 -16.8316
246 -13.0928
248 -14.9753
250 -10.7486
252 -15.8585
254 -15.7555
256 -17.2353
258 -16.5016
260 -17.591
262 -17.4093
264 -19.0712
266 -16.3171
268 -15.3593
270 -13.9676
272 -15.1226
274 -14.3439
276 -19.8466
278 -13.6259
280 -16.6874
282 -15.0889
284 -15.8967
286 -13.5714
288 -17.1308
290 -14.3985
292 -18.6878
294 -16.581
296 -17.403
298 -17.2246
300 -10.3437
302 -16.1088
304 -15.2282
306 -12.0723
308 -15.5312
310 -19.0381
312 -15.5785
314 -16.2139
316 -19.6683
318 -17.7661
320 -13.0711
322 -17.1866
324 -16.2077
326 -15.8132
328 -15.6672
330 -16.1271
332 -18.3638
334 -11.301
336 -14.9408
338 -21.1002
340 -9.2222
342 -15.3063
344 -23.2118
346 -20.1727
348 -14.8967
350 -15.109
352 -26.2629
354 -16.5701
356 -17.3926
358 -20.329
360 -20.5189
362 -13.3399
364 -13.7344
366 -16.5964
368 -17.144
370 -14.5086
372 -16.4324
374 -13.3062
376 -14.3902
378 -15.5622
380 -15.9899
382 -13.3533
384 -16.841
386 -13.1802
388 -17.0988
390 -15.9851
392 -14.7894
394 -11.9804
396 -17.4166
398 -14.1696
400 -16.5172
402 -20.3736
404 -16.457
406 -20.5716
408 -12.683
410 -17.2506
412 -15.4311
414 -16.9084
416 -14.6115
418 -15.0987
420 -16.4276
422 -14.3363
424 -12.4629
426 -14.8898
428 -20.4172
430 -17.7812
432 -14.9728
434 -13.7529
436 -17.5494
438 -13.6909
440 -14.986
442 -14.6319
444 -14.4927
446 -14.7342
448 -13.0793
450 -17.6
452 -12.2345
454 -15.3294
456 -15.8945
458 -14.0924
460 -19.5303
462 -16.1954
464 -16.161
466 -16.9069
468 -14.3164
470 -17.0238
472 -18.578
474 -12.414
476 -11.0325
478 -18.5342
480 -17.1036
482 -11.9788
484 -11.016
486 -16.7423
488 -17.1549
490 -21.8221
492 -18.9723
494 -19.6571
496 -22.4509
498 -15.0214
500 -16.8458
502 -18.6965
504 -16.6384
506 -20.0733
508 -18.2066
510 -8.16839
512 -14.9722
514 -15.0391
516 -11.9438
518 -16.6075
520 -16.8339
522 -14.6664
524 -16.4986
526 -13.1018
528 -14.8062
530 -14.4571
532 -14.2153
534 -16.2593
536 -14.9024
538 -14.0421
540 -27.3067
542 -19.8247
544 -11.1961
546 -15.3508
548 -16.8792
550 -15.1303
552 -10.1037
554 -14.8311
556 -13.923
558 -16.7643
560 -8.98916
562 -15.2242
564 -16.8548
566 -13.4839
568 -12.2075
570 -22.3802
572 -15.7274
574 -16.2798
576 -16.9935
578 -12.3861
580 -18.611
582 -18.0392
584 -14.6608
586 -17.1754
588 -12.9327
590 -13.9436
592 -13.4574
594 -8.66361
596 -17.4255
598 -7.72625
600 -16.2433
602 -19.301
604 -19.2035
606 -15.5941
608 -14.2127
610 -12.2832
612 -11.1379
614 -19.8942
616 -12.3151
618 -13.4332
620 -13.5194
622 -14.5263
624 -15.9716
626 -12.1155
628 -14.9212
630 -15.9552
632 -15.3595
634 -10.249
636 -13.6036
638 -15.0551
640 -21.7007
642 -13.9564
644 -14.2285
646 -17.6708
648 -16.2698
650 -15.1791
652 -14.6258
654 -18.0744
656 -22.4959
658 -16.8197
660 -14.3662
662 -18.345
664 -13.4594
666 -13.6733
668 -15.3199
670 -16.6897
672 -8.71814
674 -16.2558
676 -18.1012
678 -14.7865
680 -13.564
682 -14.4073
684 -17.027
686 -14.3542
688 -9.30171
690 -17.3173
692 -13.9444
694 -16.8959
696 -15.6998
698 -9.72833
700 -13.7242
702 -20.5929
704 -8.84282
706 -7.75665
708 -13.6224
710 -20.8871
712 -13.744
714 -15.9572
716 -15.8137
718 -13.2513
720 -11.9832
722 -13.1381
724 -9.78231
726 -11.2788
728 -13.4201
730 -16.6442
732 -14.5274
734 -8.46968
736 -17.0277
738 -21.0673
740 -21.0789
742 -13.0581
744 -12.181
746 -18.3196
748 -13.8294
750 -17.0327
752 -13.443
754 -13.2713
756 -19.5185
758 -12.0426
760 -9.66808
762 -18.6612
764 -12.3411
766 -14.1595
768 -10.1329
770 -13.3543
772 -13.2319
774 -16.0456
776 -13.4
778 -11.4066
780 -12.2784
782 -13.5412
784 -7.76197
786 -8.97302
788 -8.4306
790 -16.8303
792 -11.3887
794 -15.6771
796 -13.9439
798 -15.5118
800 -8.11835
802 -15.4936
804 -12.1725
806 -15.2887
808 -17.7064
810 -24.482
812 -15.2783
814 -13.6189
816 -12.8566
818 -8.85498
820 -19.4002
822 -7.20047
824 -14.1436
826 -15.3786
828 -10.8473
830 -7.44841
832 -14.5237
834 -11.2475
836 -11.0972
838 -15.7238
840 -14.325
842 -13.0966
844 -14.3132
846 -18.3684
848 -15.3263
850 -12.8769
852 -12.585
854 -15.6486
856 -14.9934
858 -12.4801
860 -14.1545
862 -16.5085
864 -15.7239
866 -16.8352
868 -12.4685
870 -11.3939
872 -8.4754
874 -15.8878
876 -15.246
878 -16.818
880 -14.585
882 -14.3414
884 -13.966
886 -16.2727
888 -15.042
890 -13.8087
892 -15.3536
894 -15.5895
896 -11.9284
898 -15.1074
900 -20.5525
902 -16.3888
904 -16.6906
906 -17.7144
908 -18.6298
910 -10.0699
912 -16.9729
914 -15.1565
916 -13.0991
918 -22.2653
920 -10.0595
922 -15.8399
924 -12.7566
926 -8.2551
928 -14.3372
930 -9.38395
932 -15.9791
934 -10.0776
936 -17.0919
938 -15.2421
940 -10.2663
942 -15.7314
944 -10.955
946 -13.9803
948 -13.4
950 -16.679
952 -14.2498
954 -14.3068
956 -16.4768
958 -13.9102
960 -17.3574
962 -12.8817
964 -12.9554
966 -12.5784
968 -9.63628
970 -10.9189
972 -10.6348
974 -15.5721
976 -12.9564
978 -12.076
980 -14.1854
982 -10.6293
984 -15.8314
986 -20.9399
988 -13.5156
990 -10.9233
992 42.6126
994 -6.71625
996 30.9696
998 -7.65554
