0 -26.8003
1 -26.6709
2 -29.869
3 -27.6283
4 7.54845
5 -24.6371
6 -27.9647
7 -27.1035
8 26.8893
9 -32.4095
10 -29.3676
11 -24.5116
12 16.4929
13 -26.1058
14 -25.7098
15 -23.7547
16 38.6333
17 -25.5623
18 -25.723
19 -23.1033
20 9.82036
21 -25.4228
22 -21.8173
23 -29.8869
24 6.04944
25 -28.7202
26 -26.9858
27 -26.3478
28 12.1098
29 -26.2387
30 -27.3706
31 -27.0973
32 14.3071
33 -22.6202
34 -22.8551
35 -22.0103
36 11.2752
37 -25.9974
38 -27.2259
39 -26.8074
40 8.62246
41 -29.3605
42 -27.0809
43 -24.1594
44 15.2988
45 -24.2491
46 -27.2962
47 -19.7046
48 6.03312
49 -23.8752
50 -26.3055
51 -24.7241
52 6.02549
53 -23.2413
54 -24.9409
55 -21.6772
56 15.2988
57 -23.0785
58 -23.1579
59 -23.069
60 8.62067
61 -20.6949
62 -21.7903
63 -21.9808
64 11.2778
65 -22.6995
66 -26.4083
67 -21.0675
68 14.3077
69 -24.3623
70 -19.0675
71 -23.3612
72 12.1085
73 -26.3775
74 -19.9088
75 -21.9086
76 6.05341
77 -25.733
78 -23.279
79 -31.972
80 9.8189
81 -23.4944
82 -21.4066
83 -22.3148
84 15.8858
85 -27.3519
86 -22.609
87 -18.9855
88 16.4921
89 -22.002
90 -20.5465
91 -21.7677
92 12.8901
93 -21.9398
94 -23.2176
95 -22.0656
96 7.53863
97 -24.6204
98 -16.6262
99 -22.9998
