0 -15.4304
2 -16.8753
4 30.4846
6 -16.887
8 35.1188
10 -16.9759
12 -16.88
14 -16.8581
16 -16.9099
18 -16.8893
20 -16.9518
22 -16.8578
24 -16.8531
26 -16.8874
28 -16.921
30 -16.9239
32 -16.9177
34 -16.9479
36 -16.8767
38 -16.7787
40 -16.9175
42 -16.8298
44 -16.8771
46 -17.0855
48 -16.7059
50 -16.8495
52 -16.8755
54 -16.8286
56 -16.6449
58 -16.9601
60 -16.9501
62 -16.8667
64 -16.4835
66 -16.5823
68 -16.999
70 -17.0174
72 -17.3711
74 -16.8202
76 -16.9621
78 -16.9217
80 -18.0911
82 -16.9345
84 -16.7886
86 -16.9806
88 -17.1068
90 -16.8621
92 -17.0531
94 -16.971
96 -16.9315
98 -16.3761
100 -17.0064
102 -16.738
104 -16.9818
106 -16.8395
108 -16.9785
110 -16.8968
112 -17.1997
114 -16.9554
116 -16.9334
118 -16.6606
120 -16.9453
122 -17.0727
124 -16.7875
126 -16.9296
128 -16.8433
130 -16.6793
132 -16.647
134 -16.7781
136 -16.934
138 -16.8293
140 -17.0065
142 -16.7424
144 -16.7535
146 -16.9167
148 -16.5588
150 -16.8999
152 -16.7386
154 -16.5485
156 -16.8701
158 -16.8906
160 -17.172
162 -16.5475
164 -15.8807
166 -17.2526
168 -16.9248
170 -16.7065
172 -17.036
174 -16.835
176 -16.6117
178 -16.9349
180 -17.1946
182 -16.5143
184 -16.784
186 -16.8666
188 -16.7648
190 -16.5232
192 -16.8596
194 -17.2366
196 -16.3042
198 -16.985
200 -17.458
202 -16.9365
204 -17.4554
206 -16.4868
208 -16.548
210 -16.9653
212 -16.7624
214 -17.0177
216 -16.9705
218 -17.1583
220 -16.4588
222 -17.2239
224 -16.5866
226 -17.0303
228 -16.7417
230 -16.9193
232 -17.0922
234 -15.9539
236 -16.8902
238 -15.8568
240 -16.7008
242 -15.7138
244 -16.8964
246 -16.5345
248 -16.7
250 -16.5465
252 -16.6526
254 -16.6677
256 -16.9969
258 -16.8164
260 -18.0371
262 -17.0666
264 -17.1618
266 -16.8013
268 -16.5362
270 -16.8045
272 -17.6182
274 -16.3179
276 -17.343
278 -16.2233
280 -17.4602
282 -16.6387
284 -16.676
286 -15.9341
288 -17.0032
290 -16.2681
292 -17.1225
294 -16.7984
296 -16.9589
298 -17.001
300 -16.7922
302 -16.7847
304 -16.5871
306 -16.8339
308 -16.7977
310 -17.2108
312 -16.6104
314 -16.8344
316 -17.3867
318 -17.0928
320 -15.9103
322 -16.92
324 -16.7736
326 -16.7316
328 -16.7009
330 -16.6707
332 -17.0492
334 -15.304
336 -16.9867
338 -17.6171
340 -14.5879
342 -16.64
344 -18.7374
346 -17.2989
348 -16.4554
350 -16.6952
352 -17.8129
354 -16.8167
356 -17.2337
358 -17.3206
360 -17.4756
362 -15.9463
364 -17.3239
366 -16.959
368 -17.1055
370 -18.6116
372 -17.1131
374 -17.2469
376 -16.9414
378 -16.7321
380 -16.9328
382 -15.8722
384 -16.9658
386 -15.8787
388 -17.1062
390 -17.1504
392 -17.1287
394 -15.2216
396 -16.831
398 -16.5364
400 -17.0286
402 -17.3167
404 -16.577
406 -17.5945
408 -19.0681
410 -17.1945
412 -16.9212
414 -16.9789
416 -16.3489
418 -16.6328
420 -16.8158
422 -16.3461
424 -17.1628
426 -16.586
428 -17.2518
430 -17.0921
432 -16.4887
434 -16.0821
436 -17.0155
438 -16.2365
440 -16.9704
442 -19.0337
444 -17.9901
446 -16.6
448 -20.1971
450 -17.0485
452 -15.8063
454 -16.9147
456 -17.0121
458 -16.2791
460 -17.302
462 -16.9825
464 -16.8585
466 -17.2434
468 -16.2313
470 -17.0004
472 -17.7277
474 -15.8781
476 -15.6513
478 -17.0785
480 -16.8766
482 -22.2865
484 -15.4308
486 -16.6421
488 -16.9903
490 -17.3749
492 -17.2727
494 -17.7116
496 -17.823
498 -16.6105
500 -16.9046
502 -17.1866
504 -16.9418
506 -17.4337
508 -17.5465
510 -13.7394
512 -16.5617
514 -16.6196
516 -15.98
518 -16.0035
520 -16.9674
522 -16.4179
524 -17.071
526 -16.1915
528 -16.4807
530 -16.4468
532 -17.5134
534 -19.3632
536 -16.0007
538 -16.4369
540 -17.6618
542 -16.8486
544 -15.797
546 -16.6015
548 -18.0281
550 -17.5992
552 -15.5338
554 -16.5965
556 -17.2886
558 -16.5447
560 -16.4597
562 -16.5969
564 -18.1532
566 -16.0153
568 -18.0839
570 -17.7654
572 -17.4915
574 -16.9293
576 -16.8658
578 -16.4376
580 -17.4324
582 -17.297
584 -16.2885
586 -18.9259
588 -16.291
590 -16.0661
592 -16.0375
594 -15.6609
596 -16.8045
598 -13.5675
600 -17.2656
602 -17.3374
604 -17.2453
606 -16.7846
608 -16.4981
610 -15.6286
612 -15.4805
614 -17.5875
616 -17.8387
618 -16.3589
620 -16.0311
622 -16.2569
624 -16.7192
626 -15.474
628 -16.7511
630 -16.7027
632 -16.7015
634 -15.1073
636 -16.1273
638 -16.6905
640 -17.3435
642 -16.6161
644 -16.0869
646 -17.7397
648 -16.5607
650 -16.6999
652 -16.8187
654 -17.1214
656 -17.9192
658 -16.8592
660 -15.9853
662 -17.1681
664 -16.5501
666 -16.9713
668 -16.4728
670 -16.8649
672 -14.0017
674 -16.964
676 -17.1784
678 -16.3535
680 -16.3335
682 -16.3857
684 -16.3491
686 -16.5671
688 -14.3873
690 -16.9076
692 -16.3569
694 -17.9764
696 -16.8796
698 -15.4469
700 -16.2302
702 -17.3309
704 -20.6874
706 -13.8441
708 -16.1068
710 -17.7114
712 -16.2808
714 -16.7475
716 -16.6192
718 -17.3708
720 -23.0804
722 -17.5701
724 -14.9982
726 -19.5165
728 -16.1147
730 -17.0981
732 -16.2429
734 -19.6087
736 -18.365
738 -17.6399
740 -17.1144
742 -16.9729
744 -15.8986
746 -17.1558
748 -17.2332
750 -17.3297
752 -15.7583
754 -16.0711
756 -17.4817
758 -17.7818
760 -17.0551
762 -18.125
764 -15.5456
766 -17.8772
768 -14.8911
770 -15.8578
772 -16.6904
774 -16.6546
776 -19.682
778 -16.164
780 -18.5461
782 -16.9124
784 -15.0234
786 -13.7741
788 -13.8272
790 -17.8764
792 -15.3196
794 -19.0383
796 -16.2772
798 -16.7149
800 -14.1925
802 -17.1625
804 -18.6941
806 -19.116
808 -17.1737
810 -17.622
812 -17.1652
814 -16.1848
816 -16.0916
818 -14.1282
820 -18.269
822 -12.7985
824 -16.3561
826 -16.8593
828 -15.4594
830 -14.5023
832 -16.5564
834 -15.3139
836 -15.2286
838 -16.743
840 -16.866
842 -16.8856
844 -16.6145
846 -17.3401
848 -17.0465
850 -15.9635
852 -15.5962
854 -16.7411
856 -16.537
858 -17.0468
860 -16.9881
862 -19.0553
864 -16.8733
866 -16.1992
868 -15.4307
870 -15.4164
872 -13.7006
874 -16.9517
876 -16.907
878 -16.8397
880 -18.8624
882 -16.4542
884 -17.0057
886 -17.5638
888 -18.4823
890 -16.5155
892 -17.581
894 -17.1124
896 -15.5264
898 -16.3311
900 -17.1561
902 -17.0995
904 -16.9689
906 -16.8564
908 -17.8013
910 -29.8325
912 -18.0973
914 -16.7343
916 -17.129
918 -17.6286
920 -26.2053
922 -16.7582
924 -16.1639
926 -17.2926
928 -16.9491
930 -15.9488
932 -18.4715
934 -14.987
936 -17.4353
938 -17.3212
940 -15.0757
942 -18.0781
944 -15.4522
946 -16.1052
948 -16.4306
950 -18.4357
952 -16.6853
954 -17.0508
956 -16.9982
958 -18.4964
960 -17.6147
962 -16.3089
964 -14.4907
966 -16.8905
968 -14.4623
970 -18.9576
972 -15.1575
974 -16.9682
976 -17.0926
978 -16.3659
980 -17.7694
982 -15.0667
984 -16.8841
986 -17.9848
988 -16.1624
990 -16.0297
992 35.1188
994 -14.4264
996 30.4847
998 -12.5191
