0 -46.0541
0.5 -52.8408
1 -50.3468
1.5 -51.0826
2 -46.6584
2.5 -44.6388
3 -41.5048
3.5 -40.5306
4 26.0206
4.5 -37.8038
5 -41.9039
5.5 -40.9872
6 -40.4446
6.5 -41.2842
7 -41.0069
7.5 -41.7228
8 -41.2206
8.5 -40.5251
9 -45.6329
9.5 -44.0216
10 -43.4017
10.5 -40.6764
11 -50.5247
11.5 -39.5889
12 -38.7149
12.5 -36.0757
13 -41.6577
13.5 -41.7154
14 -40.6761
14.5 -41.1561
15 -41.1457
15.5 -39.2768
16 -35.9426
16.5 -41.7237
17 -35.722
17.5 -37.5921
18 -40.9641
18.5 -43.2295
19 -37.4251
19.5 -36.9621
20 -35.2062
20.5 -45.396
21 -35.2127
21.5 -38.0175
22 -43.624
22.5 -38.2995
23 -37.5098
23.5 -34.4102
24 -33.9768
24.5 -32.0436
25 -40.8365
25.5 -34.5878
26 -37.0042
26.5 -35.0341
27 -36.0177
27.5 -41.0337
28 -35.8114
28.5 -32.2022
29 -40.8268
29.5 -33.869
30 -34.5956
30.5 -32.7744
31 -37.648
31.5 -33.7096
32 -32.3449
32.5 -41.9344
33 -32.0074
33.5 -33.5171
34 -31.3411
34.5 -38.487
35 -31.7129
35.5 -43.4056
36 -32.464
36.5 -37.5773
37 -29.0831
37.5 -30.6317
38 -33.5279
38.5 -31.7441
39 -33.2588
39.5 -35.8832
40 -38.5504
40.5 -41.767
41 -31.424
41.5 -36.2147
42 -31.3468
42.5 -38.7874
43 -33.8799
43.5 -32.2353
44 -30.3765
44.5 -36.5638
45 -33.243
45.5 -38.4166
46 -32.7166
46.5 -31.8853
47 -31.556
47.5 -34.5529
48 -36.9735
48.5 -35.6586
49 -29.8774
49.5 -37.1485
50 -30.9285
50.5 -34.6078
51 -33.9385
51.5 -34.4631
52 -49.2456
52.5 -30.4
53 -35.4954
53.5 -30.7848
54 -30.786
54.5 -43.7444
55 -32.6593
55.5 -31.8954
56 -31.4563
56.5 -33.2309
57 -33.9443
57.5 -34.3692
58 -32.2662
58.5 -31.7001
59 -29.1037
59.5 -33.7313
60 -31.7252
60.5 -34.8242
61 -38.2405
61.5 -32.9787
62 -31.4018
62.5 -29.2435
63 -31.2714
63.5 -34.0145
64 -42.7866
64.5 -37.3913
65 -34.3202
65.5 -33.1509
66 -31.166
66.5 -33.4361
67 -36.9929
67.5 -30.2213
68 -33.7433
68.5 -36.8222
69 -30.7887
69.5 -29.5573
70 -28.1537
70.5 -34.1466
71 -32.4169
71.5 -28.7323
72 -28.8006
72.5 -31.8
73 -38.0066
73.5 -31.0658
74 -35.4268
74.5 -32.1436
75 -30.2095
75.5 -28.1624
76 -34.3882
76.5 -35.315
77 -32.2452
77.5 -29.7804
78 -34.0472
78.5 -30.6037
79 -35.7821
79.5 -34.474
80 -29.3416
80.5 -35.5927
81 -34.3259
81.5 -31.3493
82 -30.0238
82.5 -41.8289
83 -26.7931
83.5 -31.9931
84 -31.2397
84.5 -32.0668
85 -31.7463
85.5 -32.2848
86 -33.22
86.5 -29.6257
87 -30.9729
87.5 -31.4158
88 -37.3171
88.5 -26.0969
89 -28.5465
89.5 -28.308
90 -33.2671
90.5 -29.4306
91 -30.4305
91.5 -31.7981
92 -33.8429
92.5 -30.4983
93 -35.2537
93.5 -33.0717
94 -33.7104
94.5 -27.1527
95 -26.3289
95.5 -29.4029
96 26.0206
96.5 -28.8099
97 -33.0942
97.5 -25.9151
98 -27.2067
98.5 -26.9643
99 -28.5714
99.5 -33.1046
