0 121
0.0002 64.8338
0.0004 -51.5155
0.0006 -120.026
0.0008 -77.1055
0.001 37.3738
0.0012 117.121
0.0014 88.1253
0.0016 -22.6463
0.0018 -112.335
0.002 -97.7102
0.0022 7.58067
0.0024 105.751
0.0026 105.702
0.0028 7.57016
0.003 -97.4844
0.0032 -111.971
0.0034 -22.5522
0.0036 87.6779
0.0038 116.418
0.004 37.1152
0.0042 -76.5011
0.0044 -118.975
0.0046 -51.017
0.0048 64.147
0.005 119.607
0.0052 64.028
0.0054 -50.8279
0.0056 -118.314
0.0058 -75.935
0.006 36.7722
0.0062 115.128
0.0064 86.5453
0.0066 -22.2196
0.0068 -110.115
0.007 -95.6899
0.0072 7.41698
0.0074 103.371
0.0076 103.226
0.0078 7.38589
0.008 -95.0223
0.0082 -109.041
0.0084 -21.9413
0.0086 85.2223
0.0088 113.051
0.009 36.0076
0.0092 -74.1479
0.0094 -115.206
0.0096 -49.3539
0.0098 61.9969
0.01 115.488
0.0102 61.764
0.0104 -48.9839
0.0106 -113.912
0.0108 -73.04
0.011 35.3363
0.0112 110.526
0.0114 83.0058
0.0116 -21.2902
0.0118 -105.407
0.012 -91.5102
0.0122 7.08613
0.0124 98.6635
0.0126 98.4293
0.0128 7.03579
0.013 -90.4294
0.0132 -103.668
0.0134 -20.8397
0.0136 80.8638
0.0138 107.163
0.014 34.0985
0.0142 -70.1468
0.0144 -108.88
0.0146 -46.5976
0.0148 58.4758
0.015 108.819
0.0152 58.139
0.0154 -46.0624
0.0156 -107.01
0.0158 -68.5444
0.016 33.1276
0.0162 103.512
0.0164 77.6583
0.0166 -19.8982
0.0168 -98.4135
0.017 -85.3501
0.0172 6.60225
0.0174 91.8305
0.0176 91.5168
0.0178 6.53482
0.018 -83.9021
0.0182 -96.0839
0.0184 -19.2946
0.0186 74.7887
0.0188 99.0062
0.019 31.4693
0.0192 -64.6684
0.0194 -100.269
0.0196 -42.8655
0.0198 53.7338
0.02 99.8857
0.0202 53.3074
0.0204 -42.1878
0.0206 -97.9003
0.0208 -62.6397
0.021 30.24
0.0212 94.3833
0.0214 70.7301
0.0216 -18.1025
0.0218 -89.4307
0.022 -77.4712
0.0222 5.98591
0.0224 83.162
0.0226 82.782
0.0228 5.90423
0.023 -75.7173
0.0232 -86.6088
0.0234 -17.3714
0.0236 67.2542
0.0238 88.9258
0.024 28.2313
0.0242 -57.9446
0.0244 -89.7346
0.0246 -38.3154
0.0248 47.9712
0.025 89.0639
0.0252 47.4731
0.0254 -37.5238
0.0256 -86.9679
0.0258 -55.5747
0.026 26.7954
0.0262 83.5253
0.0264 62.513
0.0266 -15.9788
0.0268 -78.8365
0.027 -68.2046
0.0272 5.26299
0.0274 73.0217
0.0276 72.5913
0.0278 5.17047
0.028 -66.2178
0.0282 -75.6401
0.0284 -15.1506
0.0286 58.5756
0.0288 77.3433
0.029 24.5199
0.0292 -50.2563
0.0294 -77.718
0.0296 -33.1371
0.0298 41.4284
0.03 76.8051
0.0302 40.8792
0.0304 -32.2643
0.0306 -74.6675
0.0308 -47.6432
0.031 22.9366
0.0312 71.3886
0.0314 53.3478
0.0316 -13.6151
0.0318 -67.0701
0.032 -57.9341
0.0322 4.46341
0.0324 61.8292
0.0326 61.3659
0.0328 4.36383
0.033 -55.7958
0.0332 -63.6299
0.0334 -12.7238
0.0336 49.1102
0.0338 64.7352
0.034 20.4877
0.0342 -41.9192
0.0344 -64.7121
0.0346 -27.5431
0.0348 34.3735
0.035 63.6112
0.0352 33.7954
0.0354 -26.6244
0.0356 -61.5012
0.0358 -39.1688
0.036 18.8211
0.0362 58.4675
0.0364 43.6076
0.0366 -11.1075
0.0368 -54.6093
0.037 -47.0765
0.0372 3.61958
0.0374 50.0376
0.0376 49.5601
0.0378 3.51693
0.038 -44.8723
0.0382 -51.0631
0.0384 -10.1887
0.0386 39.2393
0.0388 51.6088
0.039 16.2967
0.0392 -33.2681
0.0394 -51.2386
0.0396 -21.7575
0.0398 27.0887
0.04 50.0097
0.0402 26.5045
0.0404 -20.8291
0.0406 -47.9938
0.0408 -30.4887
0.041 14.6125
0.0412 45.275
0.0414 33.6786
0.0416 -8.55539
0.0418 -41.9472
0.042 -36.0608
0.0422 2.76481
0.0424 38.1119
0.0426 37.6386
0.0428 2.66306
0.043 -33.876
0.0432 -38.4322
0.0434 -7.64466
0.0436 29.3487
0.0438 38.4767
0.044 12.1102
0.0442 -24.6398
0.0444 -37.8213
0.0446 -16.0048
0.0448 19.8566
0.045 36.5272
0.0452 19.2885
0.0454 -15.102
0.0456 -34.6659
0.0458 -21.9369
0.046 10.4725
0.0462 32.3173
0.0464 23.9412
0.0466 -6.0563
0.0468 -29.5671
0.047 -25.3068
0.0472 1.93162
0.0474 26.505
0.0476 26.0535
0.0478 1.83455
0.048 -23.2225
0.0482 -26.2137
0.0484 -5.18745
0.0486 19.8103
0.0488 25.8314
0.049 8.0852
0.0492 -16.3568
0.0494 -24.9606
0.0496 -10.4992
0.0498 12.9457
0.05 23.6635
0.0502 12.4142
0.0504 -9.65455
0.0506 -22.0085
0.0508 -13.828
0.051 6.5529
0.0512 20.0686
0.0514 14.7509
0.0516 -3.70133
0.0518 -17.9191
0.052 -15.2047
0.0522 1.15017
0.0524 15.636
0.0526 15.2219
0.0528 1.06117
0.053 -13.2936
0.0532 -14.8444
0.0534 -2.90467
0.0536 10.9633
0.0538 14.1216
0.054 4.36393
0.0542 -8.71139
0.0544 -13.1092
0.0546 -5.43399
0.0548 6.59807
0.055 11.8675
0.0552 6.12098
0.0554 -4.67581
0.0556 -10.4593
0.0558 -6.44151
0.056 2.98851
0.0562 8.94866
0.0564 6.42169
0.0566 -1.57065
0.0568 -7.39862
0.057 -6.09614
0.0572 0.446791
0.0574 5.86992
0.0576 5.50666
0.0578 0.368704
0.058 -4.41935
0.0582 -4.70083
0.0584 -0.871655
0.0586 3.09835
0.0588 3.73054
0.059 1.06779
0.0592 -1.95183
0.0594 -2.65034
0.0596 -0.972257
0.0598 1.01716
0.06 1.5159
0.0602 0.608852
0.0604 -0.323366
0.0606 -0.382427
0.0608 -0.00911156
0.061 -0.109402
0.0612 -0.696898
0.0614 -0.788817
0.0616 0.270168
0.0618 1.67232
0.062 1.74143
0.0622 -0.157196
0.0624 -2.49882
0.0626 -2.80122
0.0628 -0.222199
0.063 3.13728
0.0632 3.91813
0.0634 0.852066
0.0636 -3.55546
0.0638 -5.04102
0.064 -1.70845
0.0642 3.72876
0.0644 6.11912
0.0646 2.76021
0.0648 -3.64074
0.065 -7.10346
0.0652 -3.97005
0.0654 3.28355
0.0656 7.94822
0.0658 5.29561
0.066 -2.6579
0.0662 -8.61202
0.0664 -6.69078
0.0666 1.77307
0.0668 9.05894
0.067 8.10697
0.0672 -0.646444
0.0674 -9.25955
0.0676 -9.49452
0.0678 -0.696955
0.068 9.19163
0.0682 10.8041
0.0684 2.22525
0.0686 -8.84075
0.0688 -11.988
0.069 -3.90061
0.0692 8.20064
0.0694 13.0014
0.0696 5.6803
0.0698 -7.27331
0.07 -13.8038
0.0702 -7.51787
0.0704 6.06897
0.0706 14.3598
0.0708 9.36435
0.071 -4.6058
0.0712 -14.6403
0.0714 -11.1696
0.0716 2.9094
0.0718 14.623
0.072 12.8837
0.0722 -1.01216
0.0724 -14.2933
0.0726 -14.458
0.0728 -1.04758
0.073 13.6443
0.0732 15.8468
0.0734 3.22649
0.0736 -12.6774
0.0738 -17.008
0.074 -5.47741
0.0742 11.402
0.0744 17.9046
0.0746 7.75044
0.0748 -9.83555
0.075 -18.5055
0.0752 -9.99428
0.0754 8.00271
0.0756 18.7863
0.0758 12.1574
0.076 -5.93518
0.0762 -18.7299
0.0764 -14.1894
0.0766 3.67073
0.0768 18.3269
0.077 16.0423
0.0772 -1.25233
0.0774 -17.5758
0.0776 -17.6713
0.0778 -1.27287
0.078 16.4833
0.0782 19.0366
0.0784 3.85464
0.0786 -15.064
0.0788 -20.1035
0.079 -6.44091
0.0792 13.3399
0.0794 20.8439
0.0796 8.97892
0.0798 -11.3402
0.08 -21.2366
0.0802 -11.4165
0.0804 9.10027
0.0806 21.2681
0.0808 13.7034
0.081 -6.66121
0.0812 -20.9323
0.0814 -15.7921
0.0816 4.0686
0.0818 20.2315
0.082 17.6392
0.0822 -1.3716
0.0824 -19.1755
0.0826 -19.2064
0.0828 -1.37824
0.083 17.7818
0.0832 20.4611
0.0834 4.12814
0.0836 -16.0753
0.0838 -21.3775
0.084 -6.82523
0.0842 14.0872
0.0844 21.9366
0.0846 9.41782
0.0848 -11.8549
0.085 -22.1272
0.0852 -11.8565
0.0854 9.42037
0.0856 21.9456
0.0858 14.0951
0.086 -6.83005
0.0862 -21.396
0.0864 -16.0919
0.0866 4.13314
0.0868 20.4899
0.087 17.8105
0.0872 -1.38077
0.0874 -19.2462
0.0876 -19.2202
0.0878 -1.37519
0.088 17.6907
0.0882 20.2972
0.0884 4.08327
0.0886 -15.855
0.0888 -21.0245
0.089 -6.6935
0.0892 13.7764
0.0894 21.3924
0.0896 9.15851
0.0898 -11.4964
0.09 -21.3987
0.0902 -11.4345
0.0904 9.06014
0.0906 21.0486
0.0908 13.4821
0.091 -6.51524
0.0912 -20.3544
0.0914 -15.2672
0.0916 3.91073
0.0918 19.3351
0.092 16.7616
0.0922 -1.29597
0.0924 -18.0158
0.0926 -17.9434
0.0928 -1.28041
0.093 16.4275
0.0932 18.7977
0.0934 3.77154
0.0936 -14.6056
0.0938 -19.3162
0.094 -6.1333
0.0942 12.5898
0.0944 19.4978
0.0946 8.32521
0.0948 -10.4226
0.095 -19.3482
0.0952 -10.3112
0.0954 8.1483
0.0956 18.8796
0.0958 12.0604
0.096 -5.81256
0.0962 -18.1104
0.0964 -13.5474
0.0966 3.46083
0.0968 17.0644
0.097 14.7529
0.0972 -1.13756
0.0974 -15.7706
0.0976 -15.6642
0.0978 -1.11469
0.098 14.2619
0.0982 16.2745
0.0984 3.25621
0.0986 -12.5748
0.0988 -16.5838
0.099 -5.25086
0.0992 10.748
0.0994 16.598
0.0996 7.06679
0.0998 -8.82169
0.1 -16.3291
0.1002 -8.67698
0.1004 6.83683
0.1006 15.7944
0.1008 10.0597
0.101 -4.8339
0.1012 -15.016
0.1014 -11.1988
0.1016 2.85217
0.1018 14.0203
0.102 12.0839
0.1022 -0.928864
0.1024 -12.837
0.1026 -12.7102
0.1028 -0.901613
0.103 11.4987
0.1032 13.079
0.1034 2.60833
0.1036 -10.0397
0.1038 -13.1966
0.104 -4.16441
0.1042 8.49531
0.1044 13.0745
0.1046 5.54745
0.1048 -6.90097
0.105 -12.7289
0.1052 -6.7399
0.1054 5.2915
0.1056 12.18
0.1058 7.72919
0.106 -3.70027
0.1062 -11.4514
0.1064 -8.5079
0.1066 2.15852
0.1068 10.5692
0.107 9.07361
0.1072 -0.694691
0.1074 -9.56196
0.1076 -9.4288
0.1078 -0.666068
0.108 8.45901
0.1082 9.58055
0.1084 1.90238
0.1086 -7.29038
0.1088 -9.54013
0.109 -2.99697
0.1092 6.08575
0.1094 9.32258
0.1096 3.93684
0.1098 -4.87387
0.11 -8.94609
0.1102 -4.71341
0.1104 3.68185
0.1106 8.43146
0.1108 5.32251
0.111 -2.53457
0.1112 -7.80142
0.1114 -5.76422
0.1116 1.45422
0.1118 7.07996
0.112 6.04267
0.1122 -0.459889
0.1124 -6.2917
0.1126 -6.16571
0.1128 -0.432807
0.113 5.46117
0.1132 6.14449
0.1134 1.21188
0.1136 -4.61223
0.1138 -5.99302
0.114 -1.8691
0.1142 3.76745
0.1144 5.72762
0.1146 2.39998
0.1148 -2.94763
0.115 -5.36635
0.1152 -2.80372
0.1154 2.1713
0.1156 4.92843
0.1158 3.08294
0.116 -1.45439
0.1162 -4.43364
0.1164 -3.24348
0.1166 0.809939
0.1168 3.90178
0.117 3.294
0.1172 -0.247886
0.1174 -3.35203
0.1176 -3.24554
0.1178 -0.224997
0.118 2.80252
0.1182 3.11114
0.1184 0.605116
0.1186 -2.26984
0.1188 -2.90523
0.119 -0.891954
0.1192 1.76864
0.1194 2.6432
0.1196 1.0879
0.1198 -1.31132
0.12 -2.34083
0.1202 -1.19798
0.1204 0.907793
0.1206 2.01379
0.1208 1.22955
0.121 -0.565351
0.1212 -1.67715
0.1214 -1.1919
0.1216 0.288575
0.1218 1.34495
0.122 1.09584
0.1222 -0.0793718
0.1224 -1.0298
0.1226 -0.95325
0.1228 -0.0629178
0.123 0.742549
0.1232 0.776604
0.1234 0.141341
0.1236 -0.492029
0.1238 -0.578518
0.124 -0.161078
0.1242 0.284869
0.1244 0.371291
0.1246 0.129129
0.1248 -0.125394
0.125 -0.166489
0.1252 -0.0539543
0.1254 0.015603
0.1256 -0.0254404
0.1258 -0.0549203
0.126 0.0447749
0.1262 0.195495
0.1264 0.187325
0.1266 -0.0581434
0.1268 -0.336385
0.127 -0.332871
0.1272 0.0288376
0.1274 0.442733
0.1276 0.481372
0.1278 0.037143
0.128 -0.511198
0.1282 -0.623246
0.1284 -0.132452
0.1286 0.540525
0.1288 0.749883
0.129 0.248757
0.1292 -0.531515
0.1294 -0.853974
0.1296 -0.377123
0.1298 0.486924
0.13 0.929778
0.1302 0.508421
0.1304 -0.411283
0.1306 -0.973335
0.1308 -0.633727
0.131 0.310666
0.1312 0.982599
0.1314 0.744715
0.1316 -0.192389
0.1318 -0.95751
0.132 -0.834028
0.1322 0.0646728
0.1324 0.899978
0.1326 0.895599
0.1328 0.0637313
0.133 -0.813799
0.1332 -0.924938
0.1334 -0.18394
0.1336 0.704496
0.1338 0.91935
0.134 0.287342
0.1342 -0.579094
0.1344 -0.878088
0.1346 -0.365993
0.1348 0.44583
0.135 0.802436
0.1352 0.412999
0.1354 -0.313816
0.1356 -0.695717
0.1358 -0.42286
0.136 0.192662
0.1362 0.563215
0.1364 0.391774
0.1366 -0.0920652
0.1368 -0.412033
0.137 -0.317879
0.1372 0.0213882
0.1374 0.250867
0.1376 0.201438
0.1378 0.010763
0.138 -0.0897194
0.1382 -0.0449434
0.1384 0.00304876
0.1386 -0.0604478
0.1388 -0.146852
0.139 -0.0687084
0.1392 0.18811
0.1394 0.366986
0.1396 0.190206
0.1398 -0.281612
0.14 -0.606425
0.1402 -0.369344
0.1404 0.329628
0.1406 0.85427
0.1408 0.605515
0.141 -0.321629
0.1412 -1.09805
0.1414 -0.895545
0.1416 0.248341
0.1418 1.3241
0.142 1.23363
0.1422 -0.102194
0.1424 -1.51793
0.1426 -1.61133
0.1428 -0.122271
0.143 1.66474
0.1432 2.0177
0.1434 0.428047
0.1436 -1.74991
0.1438 -2.43947
0.144 -0.815354
0.1442 1.75952
0.1444 2.86131
0.1446 1.28142
0.1448 -1.68088
0.145 -3.26622
0.1452 -1.82035
0.1454 1.50307
0.1456 3.63595
0.1458 2.42306
0.146 -1.2174
0.1462 -3.95148
0.1464 -3.07731
0.1466 0.817924
0.1468 4.1936
0.147 3.76789
0.1472 -0.301779
0.1474 -4.3435
0.1476 -4.47684
0.1478 -0.330442
0.148 4.38335
0.1482 5.18378
0.1484 1.07447
0.1486 -4.29696
0.1488 -5.86637
0.149 -1.92219
0.1492 4.07034
0.1494 6.5008
0.1496 2.86161
0.1498 -3.6923
0.15 -7.06237
0.1502 -3.87692
0.1504 3.155
0.1506 7.52616
0.1508 4.94864
0.151 -2.45436
0.1512 -7.86772
0.1514 -6.05393
0.1516 1.59051
0.1518 8.06373
0.152 7.16696
0.1522 -0.568022
0.1524 -8.09279
0.1526 -8.25942
0.1528 -0.60384
0.153 7.93608
0.1532 9.30112
0.1534 1.9111
0.1536 -7.57805
0.1538 -10.2606
0.154 -3.33507
0.1542 7.00708
0.1544 11.106
0.1546 4.85259
0.1548 -6.216
0.155 -11.8057
0.1552 -6.43624
0.1554 5.20259
0.1556 12.3293
0.1558 8.05486
0.156 -3.96993
0.1562 -12.6481
0.1564 -9.674
0.1566 2.52669
0.1568 12.7367
0.157 11.2567
0.1572 -0.887248
0.1574 -12.5728
0.1576 -12.764
0.1578 -0.928335
0.158 12.1389
0.1582 14.156
0.1584 2.89443
0.1586 -11.4223
0.1588 -15.393
0.159 -4.98016
0.1592 10.416
0.1594 16.4355
0.1596 7.14979
0.1598 -9.11925
0.16 -17.2465
0.1602 -9.36335
0.1604 7.5377
0.1606 17.7912
0.1608 11.5773
0.161 -5.68377
0.1612 -18.039
0.1614 -13.7452
0.1616 3.57669
0.1618 17.9636
0.162 15.819
0.1622 -1.24243
0.1624 -17.5444
0.1626 -17.7497
0.1628 -1.28657
0.163 16.7668
0.1632 19.4885
0.1634 3.97176
0.1636 -15.6234
0.1638 -20.9878
0.164 -6.76906
0.1642 14.1138
0.1644 22.2026
0.1646 9.62958
0.1648 -12.2457
0.165 -23.0914
0.1652 -12.5004
0.1654 10.0344
0.1656 23.6174
0.1658 15.3257
0.166 -7.50331
0.1662 -23.7491
0.1664 -18.0475
0.1666 4.68373
0.1668 23.4618
0.167 20.6072
0.1672 -1.61434
0.1674 -22.7383
0.1676 -22.9467
0.1678 -1.65914
0.168 21.5692
0.1682 25.0095
0.1684 5.08469
0.1686 -19.9537
0.1688 -26.7419
0.169 -8.60482
0.1692 17.9001
0.1694 28.0946
0.1696 12.1575
0.1698 -15.4258
0.17 -29.0237
0.1702 -15.6774
0.1704 12.5573
0.1706 29.4918
0.1708 19.0969
0.171 -9.32995
0.1712 -29.4689
0.1714 -22.3477
0.1716 5.78784
0.1718 28.9336
0.172 25.362
0.1722 -1.98285
0.1724 -27.8735
0.1726 -28.0738
0.1728 -2.02589
0.173 26.2862
0.1732 30.4205
0.1734 6.17308
0.1736 -24.1793
0.1738 -32.3444
0.174 -10.3883
0.1742 21.5705
0.1744 33.7937
0.1746 14.5972
0.1748 -18.4882
0.175 -34.7237
0.1752 -18.7231
0.1754 14.9706
0.1756 35.0985
0.1758 22.6882
0.176 -11.0655
0.1762 -34.8913
0.1764 -26.4151
0.1766 6.82977
0.1768 34.0854
0.177 29.8285
0.1772 -2.32823
0.1774 -32.6752
0.1776 -32.8567
0.1778 -2.36723
0.178 30.6661
0.1782 35.433
0.1784 7.17891
0.1786 -28.0749
0.1788 -37.4973
0.179 -12.0247
0.1792 24.93
0.1794 38.9973
0.1796 16.8194
0.1798 -21.2706
0.18 -39.8897
0.1802 -21.4767
0.1804 17.1469
0.1806 40.1417
0.1808 25.9103
0.181 -12.6186
0.1812 -39.731
0.1814 -30.0359
0.1816 7.75488
0.1818 38.6474
0.182 33.773
0.1822 -2.63241
0.1824 -36.8927
0.1826 -37.0461
0.1828 -2.66539
0.183 34.4811
0.1832 39.7866
0.1834 8.05003
0.1836 -31.4392
0.1838 -41.9341
0.184 -13.4295
0.1842 27.8055
0.1844 43.4378
0.1846 18.7099
0.1848 -23.6305
0.185 -44.2575
0.1852 -23.7973
0.1854 18.9751
0.1856 44.3647
0.1858 28.5995
0.186 -13.9106
0.1862 -43.7434
0.1864 -33.0275
0.1866 8.51656
0.1868 42.3904
0.187 36.9978
0.1872 -2.88019
0.1874 -40.3156
0.1876 -40.4336
0.1878 -2.90555
0.188 37.5423
0.1882 43.2663
0.1884 8.74352
0.1886 -34.1065
0.1888 -45.4375
0.189 -14.5341
0.1892 30.057
0.1894 46.8995
0.1896 20.1772
0.1898 -25.4538
0.19 -47.6168
0.1902 -25.5739
0.1904 20.3681
0.1906 47.5665
0.1908 30.6283
0.191 -14.8803
0.1912 -46.7395
0.1914 -35.2496
0.1916 9.07926
0.1918 45.1402
0.192 39.3535
0.1922 -3.06015
0.1924 -42.7868
0.1926 -42.8643
0.1928 -3.07681
0.193 39.7113
0.1932 45.7157
0.1934 9.22838
0.1936 -35.9586
0.1938 -47.8527
0.194 -15.2901
0.1942 31.5861
0.1944 49.2324
0.1946 21.1581
0.1948 -26.6626
0.195 -49.825
0.1952 -26.7314
0.1954 21.2674
0.1956 49.6143
0.1958 31.9132
0.196 -15.4883
0.1962 -48.5983
0.1964 -36.6132
0.1966 9.42067
0.1968 46.789
0.197 40.7489
0.1972 -3.16539
0.1974 -44.2127
0.1976 -44.2474
0.1978 -3.17285
0.198 40.9091
0.1982 47.0468
0.1984 9.48748
0.1986 -36.9308
0.1988 -49.0971
0.199 -15.6719
0.1992 32.3425
0.1994 50.3611
0.1996 21.6217
0.1998 -27.2198
0.2 -50.8157
0.2002 -27.2361
0.2004 21.6476
0.2006 50.4517
0.2008 32.4201
0.201 -15.719
0.2012 -49.274
0.2014 -37.0862
0.2016 9.53316
0.2018 47.302
0.202 41.156
0.2022 -3.19395
0.2024 -44.5689
0.2026 -44.5613
0.2028 -3.19232
0.203 41.121
0.2032 47.2457
0.2034 9.51859
0.2036 -37.017
0.2038 -49.1655
0.204 -15.6791
0.2042 32.327
0.2044 50.2901
0.2046 21.5711
0.2048 -27.1309
0.205 -50.6031
0.2052 -27.0971
0.2054 21.5173
0.2056 50.1021
0.2058 32.166
0.206 -15.5816
0.2062 -48.7989
0.2064 -36.6953
0.2066 9.42415
0.2068 46.719
0.207 40.6122
0.2072 -3.14892
0.2074 -43.9012
0.2076 -43.8546
0.2078 -3.1389
0.208 40.397
0.2082 46.3729
0.2084 9.3345
0.2086 -36.2692
0.2088 -48.13
0.209 -15.3355
0.2092 31.591
0.2094 49.1024
0.2096 21.0434
0.2098 -26.4444
0.21 -49.2801
0.2102 -26.366
0.2104 20.9189
0.2106 48.6672
0.2108 31.2182
0.211 -15.1096
0.2112 -47.2809
0.2114 -35.5239
0.2116 9.11564
0.2118 45.1518
0.212 39.2171
0.2122 -3.03822
0.2124 -42.323
0.2126 -42.2431
0.2128 -3.02107
0.213 38.8488
0.2132 44.5593
0.2134 8.96214
0.2136 -34.7942
0.2138 -46.1354
0.214 -14.6881
0.2142 30.2332
0.2144 46.9546
0.2146 20.107
0.2148 -25.2476
0.215 -47.0129
0.2152 -25.1333
0.2154 19.9253
0.2156 46.3195
0.2158 29.6893
0.216 -14.3586
0.2162 -44.8962
0.2164 -33.7065
0.2166 8.64272
0.2168 42.777
0.217 37.1265
0.2172 -2.87411
0.2174 -40.007
0.2176 -39.902
0.2178 -2.85154
0.218 36.642
0.2182 41.9975
0.2184 8.44078
0.2186 -32.7465
0.2188 -43.3892
0.219 -13.804
0.2192 28.3934
0.2194 44.0662
0.2196 18.857
0.2198 -23.6616
0.22 -44.0293
0.2202 -23.5222
0.2204 18.6354
0.2206 43.2917
0.2208 27.7301
0.221 -13.4021
0.2212 -41.8781
0.2214 -31.4201
0.2216 8.05125
0.2218 39.8239
0.222 34.5415
0.2222 -2.67231
0.2224 -37.1748
0.2226 -37.0543
0.2228 -2.64641
0.223 33.9854
0.2232 38.9292
0.2234 7.81945
0.2236 -30.3182
0.2238 -40.1483
0.224 -12.7656
0.2242 26.2425
0.2244 40.7052
0.2246 17.409
0.2248 -21.8328
0.225 -40.6043
0.2252 -21.6808
0.2254 17.1675
0.2256 39.861
0.2258 25.5195
0.226 -12.3275
0.2262 -38.5012
0.2264 -28.8724
0.2266 7.39486
0.2268 36.5599
0.227 31.6958
0.2272 -2.45104
0.2274 -34.0814
0.2276 -33.9561
0.2278 -2.42409
0.228 31.1173
0.2282 35.6293
0.2284 7.15376
0.2286 -27.7263
0.2288 -36.702
0.229 -11.6654
0.2292 23.9722
0.2294 37.1706
0.2296 15.8919
0.2298 -19.9235
0.23 -37.0416
0.2302 -19.7724
0.2304 15.6517
0.2306 36.3309
0.2308 23.253
0.231 -11.2297
0.2312 -35.0636
0.2314 -26.2881
0.2316 6.73142
0.2318 33.2727
0.232 28.8399
0.2322 -2.22976
0.2324 -30.999
0.2326 -30.8798
0.2328 -2.20414
0.233 28.2898
0.2332 32.3876
0.2334 6.50214
0.2336 -25.1982
0.2338 -33.3526
0.234 -10.6001
0.2342 21.7816
0.2344 33.7724
0.2346 14.4386
0.2348 -18.1013
0.235 -33.6537
0.2352 -17.9642
0.2354 14.2208
0.2356 33.011
0.2358 21.1295
0.236 -10.205
0.2362 -31.8669
0.2364 -23.8941
0.2366 6.11916
0.2368 30.2507
0.237 26.2248
0.2372 -2.02793
0.2374 -28.1984
0.2376 -28.0959
0.2378 -2.00589
0.238 25.7517
0.2382 29.4896
0.2384 5.92201
0.2386 -22.9569
0.2388 -30.3956
0.239 -9.66354
0.2392 19.8643
0.2394 30.8111
0.2396 13.1778
0.2398 -16.5274
0.24 -30.7408
0.2402 -16.4167
0.2404 13.0018
0.2406 30.1963
0.2408 19.3377
0.241 -9.34452
0.2412 -29.196
0.2414 -21.9039
0.2416 5.6128
0.2418 27.7643
0.242 24.0845
0.2422 -1.86363
0.2424 -25.9313
0.2426 -25.8549
0.2428 -1.84721
0.243 23.7319
0.2432 27.1971
0.2434 5.46586
0.2436 -21.2054
0.2438 -28.0995
0.244 -8.94103
0.2442 18.3948
0.2444 28.5569
0.2446 12.2246
0.2448 -15.3461
0.245 -28.5703
0.2452 -15.2723
0.2454 12.1073
0.2456 28.147
0.2458 18.0437
0.246 -8.72833
0.2462 -27.2997
0.2464 -20.5034
0.2466 5.25973
0.2468 26.047
0.247 22.6206
0.2472 -1.75239
0.2474 -24.4123
0.2476 -24.3696
0.2478 -1.74321
0.248 22.4235
0.2482 25.73
0.2484 5.17761
0.2486 -20.1131
0.2488 -26.6871
0.249 -8.50289
0.2492 17.517
0.2494 27.2312
0.2496 11.6732
0.2498 -14.6744
0.25 -27.3585
0.2502 -14.6454
0.2504 11.6271
0.2506 27.0702
0.2508 17.3791
0.251 -8.41934
0.2512 -26.373
0.2514 -19.8375
0.2516 5.09668
0.2518 25.2786
0.252 21.9875
0.2522 -1.70602
0.2524 -23.8039
0.2526 -23.8001
0.2528 -1.70521
0.253 21.9701
0.2532 25.2507
0.2534 5.08946
0.2536 -19.8032
0.2538 -26.3192
0.254 -8.39961
0.2542 17.3331
0.2544 26.9904
0.2546 11.5895
0.2548 -14.5936
0.255 -27.254
0.2552 -14.6142
0.2554 11.6221
0.2556 27.1046
0.2558 17.4309
0.256 -8.4589
0.2562 -26.5423
0.2564 -19.999
0.2566 5.14702
0.2568 25.5721
0.257 22.2809
0.2572 -1.73175
0.2574 -24.2043
0.2576 -24.2419
0.2578 -1.73984
0.258 22.4545
0.2582 25.8515
0.2584 5.21941
0.2586 -20.3432
0.2588 -27.0827
0.259 -8.65784
0.2592 17.8959
0.2594 27.9135
0.2596 12.0058
0.2598 -15.143
0.26 -28.3265
0.2602 -15.2142
0.2604 12.1191
0.2606 28.3094
0.2608 18.2351
0.261 -8.86333
0.2612 -27.8555
0.2614 -21.0217
0.2616 5.4187
0.2618 26.9638
0.262 23.5297
0.2622 -1.83161
0.2624 -25.6389
0.2626 -25.7173
0.2628 -1.84847
0.263 23.8917
0.2632 27.5461
0.2634 5.56958
0.2636 -21.739
0.2638 -28.9818
0.264 -9.27784
0.2642 19.2039
0.2644 29.9944
0.2646 12.9181
0.2648 -16.3153
0.265 -30.5593
0.2652 -16.4347
0.2654 13.1079
0.2656 30.6575
0.2658 19.7719
0.266 -9.622
0.2662 -30.276
0.2664 -22.8753
0.2666 5.90329
0.2668 29.4085
0.267 25.6918
0.2672 -2.0021
0.2674 -28.0556
0.2676 -28.1711
0.2678 -2.02694
0.268 26.225
0.2682 30.2664
0.2684 6.12557
0.2686 -23.932
0.2688 -31.935
0.269 -10.2326
0.2692 21.199
0.2694 33.1393
0.2696 14.2847
0.2698 -18.0562
0.27 -33.8474
0.2702 -18.2173
0.2704 14.5408
0.2706 34.0342
0.2708 21.9656
0.271 -10.697
0.2712 -33.6817
0.2714 -25.4653
0.2716 6.5759
0.2718 32.7796
0.272 28.654
0.2722 -2.23424
0.2724 -31.326
0.2726 -31.472
0.2728 -2.26561
0.273 29.3277
0.2732 33.8635
0.2734 6.85672
0.2736 -26.8003
0.2738 -35.7776
0.274 -11.4684
0.2742 23.7684
0.2744 37.1693
0.2746 16.0274
0.2748 -20.2655
0.275 -38.0007
0.2752 -20.4585
0.2754 16.3341
0.2756 38.2413
0.2758 24.6865
0.276 -12.0247
0.2762 -37.8697
0.2764 -28.6368
0.2766 7.39609
0.2768 36.8734
0.277 32.2367
0.2772 -2.51388
0.2774 -35.2502
0.2776 -35.4172
0.2778 -2.54979
0.278 33.0077
0.2782 38.1139
0.2784 7.71745
0.2786 -30.1645
0.2788 -40.2681
0.279 -12.9074
0.2792 26.7495
0.2794 41.8287
0.2796 18.0351
0.2798 -22.8021
0.28 -42.7526
0.2802 -23.0141
0.2804 18.372
0.2806 43.0062
0.2808 27.758
0.281 -13.5185
0.2812 -42.566
0.2814 -32.1817
0.2816 8.30986
0.2818 41.4197
0.282 36.2027
0.2822 -2.82244
0.2824 -39.5665
0.2826 -39.7431
0.2828 -2.86039
0.283 37.0176
0.2832 42.7307
0.2834 8.64951
0.2836 -33.7963
0.2838 -45.1009
0.284 -14.4514
0.2842 29.9382
0.2844 46.7973
0.2846 20.1696
0.2848 -25.4907
0.285 -47.774
0.2852 -25.7064
0.2854 20.5125
0.2856 47.9958
0.2858 30.9647
0.286 -15.0733
0.2862 -47.4396
0.2864 -35.8493
0.2866 9.25242
0.2868 46.0951
0.287 40.269
0.2872 -3.13786
0.2874 -43.9654
0.2876 -44.1383
0.2878 -3.17503
0.288 41.0671
0.2882 47.3791
0.2884 9.58506
0.2886 -37.4306
0.2888 -49.922
0.289 -15.9869
0.2892 33.0997
0.2894 51.7082
0.2896 22.2727
0.2898 -28.1314
0.29 -52.6905
0.2902 -28.3342
0.2904 22.595
0.2906 52.8347
0.2908 34.0645
0.291 -16.5715
0.2912 -52.1202
0.2914 -39.3602
0.2916 10.1517
0.2918 50.5411
0.292 44.1228
0.2922 -3.43578
0.2924 -48.1062
0.2926 -48.2614
0.2928 -3.46916
0.293 44.8394
0.2932 51.694
0.2934 10.4504
0.2936 -40.7799
0.2938 -54.3491
0.294 -17.3917
0.2942 35.9813
0.2944 56.1675
0.2946 24.1751
0.2948 -30.5109
0.295 -57.1035
0.2952 -30.6835
0.2954 24.4494
0.2956 57.1261
0.2958 36.8023
0.296 -17.8891
0.2962 -56.2195
0.2964 -42.4217
0.2966 10.9325
0.2968 54.384
0.297 47.4388
0.2972 -3.69096
0.2974 -51.6363
0.2976 -51.7598
0.2978 -3.71752
0.298 48.0091
0.2982 55.3014
0.2984 11.1702
0.2986 -43.5514
0.2988 -57.9928
0.299 -18.5416
0.2992 38.3271
0.2994 59.7772
0.2996 25.7062
0.2998 -32.4147
0.3 -60.6129
0.3002 -32.5403
0.3004 25.9057
0.3006 60.4744
0.3008 38.9242
0.301 -18.9033
0.3012 -59.3528
0.3014 -44.745
0.3016 11.5206
0.3018 57.2567
0.302 49.8984
0.3022 -3.8787
0.3024 -54.2119
0.3026 -54.2905
0.3028 -3.89559
0.303 50.261
0.3032 57.8401
0.3034 11.6718
0.3036 -45.4632
0.3038 -60.4801
0.304 -19.3181
0.3042 39.8931
0.3044 62.1587
0.3046 26.704
0.3048 -33.6396
0.305 -62.8409
0.3052 -33.7027
0.3054 26.8042
0.3056 62.5089
0.3058 40.193
0.306 -19.4997
0.3062 -61.1628
0.3064 -46.0623
0.3066 11.8476
0.3068 58.8207
0.307 51.2081
0.3072 -3.97635
0.3074 -55.5185
0.3076 -55.5404
0.3078 -3.98106
0.308 51.3091
0.3082 58.9832
0.3084 11.8896
0.3086 -46.262
0.3088 -61.476
0.309 -19.6148
0.3092 40.4616
0.3094 62.9752
0.3096 27.0249
0.3098 -34.0061
0.31 -63.4546
0.3102 -33.9937
0.3104 27.0052
0.3106 62.9063
0.3108 40.4025
0.311 -19.5789
0.3112 -61.3408
0.3114 -46.1429
0.3116 11.8546
0.3118 58.7866
0.312 51.1183
0.3122 -3.9647
0.3124 -55.2901
0.3126 -55.246
0.3128 -3.95521
0.313 50.9145
0.3132 58.4586
0.3134 11.7695
0.3136 -45.7385
0.3138 -60.7054
0.314 -19.3449
0.3142 39.8551
0.3144 61.9533
0.3146 26.5528
0.3148 -33.3696
0.315 -62.1875
0.3152 -33.272
0.3154 26.3978
0.3156 61.4113
0.3158 39.3907
0.316 -19.0634
0.3162 -59.6465
0.3164 -44.8086
0.3166 11.4963
0.3168 56.9328
0.317 49.4389
0.3172 -3.82919
0.3174 -53.3267
0.3176 -53.2101
0.3178 -3.80412
0.318 48.9006
0.3182 56.0666
0.3184 11.2718
0.3186 -43.7412
0.3188 -57.9703
0.319 -18.4463
0.3192 37.9478
0.3194 58.9011
0.3196 25.2069
0.3198 -31.6304
0.32 -58.8568
0.3202 -31.4418
0.3204 24.9072
0.3206 57.8535
0.3208 37.0504
0.321 -17.9025
0.3212 -55.9247
0.3214 -41.945
0.3216 10.7441
0.3218 53.1209
0.322 46.0526
0.3222 -3.56097
0.3224 -49.5079
0.3226 -49.3158
0.3228 -3.51967
0.323 45.1659
0.3232 51.6942
0.3234 10.3745
0.3236 -40.1873
0.3238 -53.1646
0.324 -16.8864
0.3242 34.6752
0.3244 53.7217
0.3246 22.9474
0.3248 -28.7406
0.325 -53.3773
0.3252 -28.4596
0.3254 22.5007
0.3256 52.1607
0.3258 33.338
0.326 -16.0761
0.3262 -50.1169
0.3264 -37.5114
0.3266 9.58838
0.3268 47.3064
0.327 40.924
0.3272 -3.15755
0.3274 -43.8029
0.3276 -43.5361
0.3278 -3.10019
0.328 39.6922
0.3282 45.3246
0.3284 9.07488
0.3286 -35.0699
0.3288 -46.2833
0.329 -14.665
0.3292 30.0392
0.3294 46.4228
0.3296 19.7793
0.3298 -24.7089
0.33 -45.7698
0.3302 -24.3387
0.3304 19.1909
0.3306 44.3663
0.3308 28.2775
0.331 -13.5975
0.3312 -42.2684
0.3314 -31.5449
0.3316 8.03942
0.3318 39.545
0.332 34.1051
0.3322 -2.62325
0.3324 -36.2757
0.3326 -35.9386
0.3328 -2.55079
0.333 32.5493
0.3332 37.0417
0.3334 7.39083
0.3336 -28.4611
0.3338 -37.4265
0.334 -11.8152
0.3342 24.1114
0.3344 37.1199
0.3346 15.7541
0.3348 -19.6024
0.335 -36.1635
0.3352 -19.1508
0.3354 15.0364
0.3356 34.6114
0.3358 21.9626
0.336 -10.5132
0.3362 -32.5294
0.3364 -24.1617
0.3366 6.12792
0.3368 29.9928
0.337 25.7353
0.3372 -1.96914
0.3374 -27.0846
0.3376 -26.6856
0.3378 -1.88337
0.338 23.8935
0.3382 27.0295
0.3384 5.36012
0.3386 -20.5113
0.3388 -26.7977
0.339 -8.40339
0.3392 17.0311
0.3394 26.0339
0.3396 10.9684
0.3398 -13.5448
0.34 -24.7935
0.3402 -13.024
0.3404 10.1408
0.3406 23.1414
0.3408 14.5534
0.341 -6.90203
0.3412 -21.1512
0.3414 -15.5539
0.3416 3.90396
0.3418 18.902
0.342 16.0371
0.3422 -1.21275
0.3424 -16.4776
0.3426 -16.0282
0.3428 -1.11616
0.343 13.963
0.3432 15.565
0.3434 3.03934
0.3436 -11.4431
0.3438 -14.6968
0.344 -4.52633
0.3442 9.00025
0.3444 13.483
0.3446 5.56022
0.3448 -6.71174
0.345 -11.9913
0.3452 -6.13793
0.3454 4.64832
0.3456 10.2959
0.3458 6.27018
0.346 -2.87208
0.3462 -8.47531
0.3464 -5.981
0.3466 1.43494
0.3468 6.61028
0.347 5.30704
0.3472 -0.377298
0.3474 -4.78157
0.3476 -4.29644
0.3478 -0.273016
0.348 3.06776
0.3482 3.00755
0.3484 0.501484
0.3486 -1.54303
0.3488 -1.5072
0.349 -0.307283
0.3492 0.275149
0.3494 -0.131032
0.3496 -0.296671
0.3498 0.67643
0.35 1.82894
0.3502 1.28403
0.3504 -1.26226
0.3506 -3.50578
0.3508 -2.61565
0.351 1.44436
0.3512 5.08051
0.3514 4.2406
0.3516 -1.19734
0.3518 -6.47408
0.352 -6.09742
0.3522 0.509303
0.3524 7.61158
0.3526 8.11573
0.3528 0.617673
0.353 -8.42446
0.3532 -10.218
0.3534 -2.16737
0.3536 8.85246
0.3538 12.3216
0.354 4.10961
0.3542 -8.84547
0.3544 -14.341
0.3546 -6.40084
0.3548 8.3651
0.355 16.19
0.3552 8.98497
0.3554 -7.38594
0.3556 -17.784
0.3558 -11.7947
0.356 5.89664
0.3562 19.0424
0.3564 14.7529
0.3566 -3.90049
0.3568 -19.891
0.357 -17.7746
0.3572 1.41577
0.3574 20.2638
0.3576 20.7688
0.3578 1.52432
0.358 -20.1054
0.3582 -23.641
0.3584 -4.87209
0.3586 19.3722
0.3588 26.2952
0.359 8.56619
0.3592 -18.0345
0.3594 -28.6365
0.3596 -12.5327
0.3598 16.0773
0.36 30.5737
0.3602 16.6867
0.3604 -13.5012
0.3606 -32.0215
0.3608 -20.934
0.361 10.3231
0.3612 32.9027
0.3614 25.1732
0.3616 -6.57599
0.3618 -33.1509
0.362 -29.2978
0.3622 2.30895
0.3624 32.7119
0.3626 33.1989
0.3628 2.41364
0.363 -31.5459
0.3632 -36.7678
0.3634 -7.51311
0.3636 29.6285
0.3638 39.898
0.364 12.8979
0.3642 -26.9523
0.3644 -42.4888
0.3646 -18.4653
0.3648 23.5272
0.365 44.4467
0.3652 24.1034
0.3654 -19.3809
0.3656 -45.6889
0.3658 -29.6935
0.366 14.5589
0.3662 46.1448
0.3664 35.1128
0.3666 -9.12397
0.3668 -45.7584
0.367 -40.2363
0.3672 3.15543
0.3674 44.4898
0.3676 44.9406
0.3678 3.25232
0.368 -42.3169
0.3682 -49.1059
0.3684 -9.99128
0.3686 39.2362
0.3688 52.619
0.369 16.9419
0.3692 -35.2635
0.3694 -55.3764
0.3696 -23.9751
0.3698 30.4343
0.37 57.2862
0.3702 30.9554
0.3704 -24.8032
0.3706 -58.2707
0.3708 -37.7428
0.371 18.4441
0.3712 58.2688
0.3714 44.1963
0.3716 -11.4482
0.3718 -57.2372
0.372 -50.1768
0.3722 3.92321
0.3724 55.1524
0.3726 55.5498
0.3728 4.00864
0.373 -52.0112
0.3732 -60.1885
0.3734 -12.2129
0.3736 47.8318
0.3738 63.9769
0.374 20.5451
0.3742 -42.6536
0.3744 -66.8119
0.3746 -28.8538
0.3748 36.5371
0.375 68.6064
0.3752 36.9835
0.3754 -29.5632
0.3756 -69.291
0.3758 -44.7772
0.376 21.8319
0.3762 68.8163
0.3764 52.0805
0.3766 -13.4608
0.3768 -67.1537
0.377 -58.7438
0.3772 4.58332
0.3774 64.2971
0.3776 64.6263
0.3778 4.65407
0.378 -60.2632
0.3782 -69.5981
0.3784 -14.0942
0.3786 55.0916
0.3788 73.5441
0.379 23.572
0.3792 -48.8448
0.3794 -76.3655
0.3796 -32.9182
0.3798 41.6068
0.38 77.9828
0.3802 41.9618
0.3804 -33.4824
0.3806 -78.3375
0.3808 -50.534
0.381 24.5956
0.3812 77.3936
0.3814 58.4713
0.3816 -15.0869
0.3818 -75.1387
0.382 -65.6188
0.3822 5.11122
0.3824 71.5847
0.3826 71.8336
0.3828 5.16472
0.383 -66.7677
0.3832 -76.9872
0.3834 -15.5658
0.3836 60.7483
0.3838 80.9687
0.384 25.9115
0.3842 -53.6099
0.3844 -83.6873
0.3846 -36.0196
0.3848 45.4581
0.385 85.0737
0.3852 45.7092
0.3854 -36.4187
0.3856 -85.0822
0.3858 -54.8047
0.386 26.6355
0.3862 83.6917
0.3864 63.1389
0.3866 -16.268
0.3868 -80.9064
0.387 -70.5562
0.3872 5.4881
0.3874 76.756
0.3876 76.9162
0.3878 5.52253
0.388 -71.2955
0.3882 -82.0957
0.3884 -16.5762
0.3886 64.604
0.3888 85.9922
0.389 27.4823
0.3892 -56.7841
0.3894 -88.5249
0.3896 -38.0515
0.3898 47.9593
0.39 89.6373
0.3902 48.0985
0.3904 -38.2727
0.3906 -89.298
0.3908 -57.4463
0.391 27.8836
0.3912 87.5014
0.3914 65.9291
0.3916 -16.9654
0.3918 -84.2683
0.392 -73.3957
0.3922 5.70182
0.3924 79.6453
0.3926 79.7122
0.3928 5.71618
0.393 -73.7042
0.3932 -84.7648
0.3934 -17.094
0.3936 66.5408
0.3938 88.4618
0.394 28.2372
0.3942 -58.2728
0.3944 -90.7357
0.3946 -38.9546
0.3948 49.0384
0.395 91.5438
0.3952 49.0626
0.3954 -38.993
0.3956 -90.87
0.3958 -58.388
0.396 28.3069
0.3962 88.7244
0.3964 66.7714
0.3966 -17.1618
0.3968 -85.1433
0.397 -74.0703
0.3972 5.74745
0.3974 80.1885
0.3976 80.1616
0.3978 5.74168
0.398 -73.9464
0.3982 -84.9439
0.3984 -17.1102
0.3986 66.5259
0.3988 88.3391
0.399 28.1652
0.3992 -58.0567
0.3994 -90.2943
0.3996 -38.7201
0.3998 48.6867
0.4 90.7821
0.4002 48.598
0.4004 -38.5791
0.4006 -89.8015
0.4008 -57.6347
0.401 27.9095
0.4012 87.3776
0.4014 65.6819
0.4016 -16.8623
0.4018 -83.5607
0.402 -72.6097
0.4022 5.62761
0.4024 78.4258
0.4026 78.309
0.4028 5.60251
0.403 -72.0706
0.4032 -82.6935
0.4034 -16.6376
0.4036 64.6138
0.4038 85.7008
0.404 27.2924
0.4042 -56.1924
0.4044 -87.2934
0.4046 -37.3899
0.4048 46.9595
0.405 87.4596
0.4052 46.7649
0.4054 -37.0807
0.4056 -86.2129
0.4058 -55.2669
0.406 26.7316
0.4062 83.592
0.4064 62.7626
0.4066 -16.0939
0.4068 -79.6593
0.407 -69.1381
0.4072 5.35223
0.4074 74.5
0.4076 74.301
0.4078 5.30946
0.408 -68.2197
0.4082 -78.1818
0.4084 -15.7111
0.4086 60.9428
0.4088 80.7349
0.409 25.6801
0.4092 -52.8092
0.4094 -81.9388
0.4096 -35.0539
0.4098 43.9723
0.41 81.7967
0.4102 43.6837
0.4104 -34.5952
0.4106 -80.3357
0.4108 -51.4361
0.411 24.848
0.4112 77.606
0.4114 58.1959
0.4116 -14.9044
0.4118 -73.6795
0.412 -63.868
0.4122 4.93805
0.4124 68.6483
0.4126 68.3784
0.4128 4.88004
0.413 -62.6225
0.4132 -71.6756
0.4134 -14.3852
0.4136 55.7277
0.4138 73.7307
0.414 23.4218
0.4142 -48.1025
0.4144 -74.5382
0.4146 -31.8461
0.4148 39.8956
0.415 74.115
0.4152 39.5286
0.4154 -31.2628
0.4156 -72.4999
0.4158 -46.3565
0.416 22.3638
0.4162 69.7522
0.4164 52.235
0.4166 -13.3593
0.4168 -65.9504
0.417 -57.0889
0.4172 4.40775
0.4174 61.1901
0.4176 60.8637
0.4178 4.33757
0.418 -55.5819
0.4182 -63.526
0.4184 -12.7312
0.4186 49.2487
0.4188 65.0637
0.419 20.6382
0.4192 -42.3233
0.4194 -65.4856
0.4196 -27.9366
0.4198 34.9454
0.42 64.8207
0.4202 34.5189
0.4204 -27.2589
0.4206 -63.1171
0.4208 -40.2945
0.421 19.409
0.4212 60.4407
0.4214 45.1902
0.4216 -11.5392
0.4218 -56.8733
0.422 -49.1517
0.4222 3.78875
0.4224 52.5105
0.4226 52.1439
0.4228 3.70994
0.423 -47.4596
0.4232 -54.1509
0.4234 -10.8338
0.4236 41.8368
0.4238 55.1758
0.424 17.4712
0.4242 -35.7653
0.4244 -55.2402
0.4246 -23.5235
0.4248 29.3719
0.425 54.3829
0.4252 28.9072
0.4254 -22.785
0.4256 -52.6589
0.4258 -33.5543
0.426 16.1315
0.4262 50.1375
0.4264 37.4137
0.4266 -9.53467
0.4268 -46.9004
0.427 -40.4515
0.4272 3.11179
0.4274 43.04
0.4276 42.6511
0.4278 3.0282
0.428 -38.6566
0.4282 -44.0126
0.4284 -8.78646
0.4286 33.8566
0.4288 44.5526
0.429 14.0759
0.4292 -28.7498
0.4294 -44.3032
0.4296 -18.8225
0.4298 23.4472
0.43 43.3104
0.4302 22.9664
0.4304 -18.0585
0.4306 -41.6329
0.4308 -26.4625
0.431 12.69
0.4312 39.3405
0.4314 29.2808
0.4316 -7.44249
0.4318 -36.5118
0.432 -31.4066
0.4322 2.4094
0.4324 33.2326
0.4326 32.8398
0.4328 2.32496
0.433 -29.5934
0.4332 -33.5947
0.4334 -6.68669
0.4336 25.6876
0.4338 33.6989
0.434 10.6135
0.4342 -21.6092
0.4344 -33.1922
0.4346 -14.0557
0.4348 17.4508
0.435 32.1248
0.4352 16.9762
0.4354 -13.3016
0.4356 -30.5566
0.4358 -19.3516
0.436 9.24562
0.4362 28.5544
0.4364 21.1712
0.4366 -5.36014
0.4368 -26.1911
0.437 -22.4372
0.4372 1.71415
0.4374 23.543
0.4376 23.1641
0.4378 1.63271
0.438 -20.6883
0.4382 -23.3774
0.4384 -4.63113
0.4386 17.7053
0.4388 23.1128
0.439 7.24274
0.4392 -14.6702
0.4394 -22.4147
0.4396 -9.44047
0.4398 11.6558
0.44 21.335
0.4402 11.2087
0.4404 -8.72991
0.4406 -19.9313
0.4408 -12.5429
0.441 5.95379
0.4412 18.2653
0.4414 13.4496
0.4416 -3.38114
0.4418 -16.4011
0.442 -13.9451
0.4422 1.05714
0.4424 14.4036
0.4426 14.0551
0.4428 0.982241
0.443 -12.3367
0.4432 -13.8134
0.4434 -2.7107
0.4436 10.2621
0.4438 13.2608
0.444 4.11179
0.4442 -8.23751
0.4444 -12.4433
0.4446 -5.17883
0.4448 6.31536
0.445 11.4113
0.4452 5.91465
0.4454 -4.54201
0.4456 -10.2176
0.4458 -6.33102
0.446 2.95659
0.4462 8.91624
0.4464 6.44798
0.4466 -1.59039
0.4468 -7.56076
0.447 -6.29287
0.4472 0.466364
0.4474 6.20292
0.4476 5.89929
0.4478 0.401096
0.448 -4.89136
0.4482 -5.30591
0.4484 -1.00617
0.4486 3.67042
0.4488 4.55521
0.449 1.35142
0.4492 -2.5791
0.4494 -3.69211
0.4496 -1.44735
0.4498 1.65018
0.45 2.76265
0.4502 1.3118
0.4504 -0.909598
0.4506 -1.81265
0.4508 -0.969161
0.451 0.375907
0.4512 0.886401
0.4514 0.449429
0.4516 -0.0600748
0.4518 -0.0254694
0.452 0.212839
0.4522 -0.0345858
0.4524 -0.732398
0.4526 -0.97968
0.4528 -0.0877409
0.453 1.35425
0.4532 1.81093
0.4534 0.41573
0.4536 -1.81273
0.4538 -2.66546
0.454 -0.931452
0.4542 2.08672
0.4544 3.50238
0.4546 1.61108
0.4548 -2.16181
0.455 -4.28227
0.4552 -2.42572
0.4554 2.0305
0.4556 4.96826
0.4558 3.34241
0.456 -1.69233
0.4562 -5.52707
0.4564 -4.32511
0.4566 1.15371
0.4568 5.9299
0.457 5.33587
0.4572 -0.427614
0.4574 -6.15323
0.4576 -6.33597
0.4578 -0.466895
0.458 6.17937
0.4582 7.28702
0.4584 1.50534
0.4586 -5.99692
0.4588 -8.15209
0.459 -2.65857
0.4592 5.60103
0.4594 8.8968
0.4596 3.89371
0.4598 -4.99344
0.46 -9.49021
0.4602 -5.17508
0.4604 4.18238
0.4606 9.90574
0.4608 6.46532
0.461 -3.1823
0.4612 -10.1219
0.4614 -7.72638
0.4616 2.01337
0.4618 10.1227
0.462 8.92067
0.4622 -0.70091
0.4624 -9.8984
0.4626 -10.0121
0.4628 -0.725346
0.463 9.4454
0.4632 10.967
0.4634 2.23213
0.4636 -8.76653
0.4638 -11.7552
0.464 -3.78354
0.4642 7.87085
0.4644 12.3507
0.4646 5.34206
0.4648 -6.77343
0.465 -12.7324
0.4652 -6.8696
0.4654 5.4949
0.4656 12.8849
0.4658 8.32849
0.466 -4.06087
0.4662 -12.7984
0.4664 -9.68254
0.4666 2.50124
0.4668 12.4693
0.467 10.898
0.4672 -0.84937
0.4674 -11.9005
0.4676 -11.9444
0.4678 -0.858806
0.468 11.1006
0.4682 12.7954
0.4684 2.58575
0.4686 -10.0844
0.4688 -13.4296
0.469 -4.29329
0.4692 8.872
0.4694 13.8306
0.4696 5.94368
0.4698 -7.48841
0.47 -13.9883
0.4702 -7.50052
0.4704 5.96293
0.4706 13.898
0.4708 8.92974
0.471 -4.32833
0.4712 -13.5615
0.4714 -10.2005
0.4716 2.61991
0.4718 12.9865
0.472 11.2858
0.4722 -0.87466
0.4724 -12.1865
0.4726 -12.1636
0.4728 -0.86974
0.473 11.1802
0.4732 12.8166
0.4734 2.57592
0.4736 -9.99148
0.4738 -13.2336
0.474 -4.20775
0.4742 8.6482
0.4744 13.4089
0.4746 5.73129
0.4748 -7.18177
0.475 -13.3428
0.4752 -7.11564
0.4754 5.62621
0.4756 13.0417
0.4758 8.33373
0.476 -4.01725
0.4762 -12.5174
0.4764 -9.36294
0.4766 2.39138
0.4768 11.7872
0.477 10.1857
0.4772 -0.784907
0.4774 -10.8732
0.4776 -10.7899
0.4778 -0.767012
0.478 9.8015
0.4782 11.1691
0.4784 2.23126
0.4786 -8.60184
0.4788 -11.3227
0.479 -3.57763
0.4792 7.3065
0.4794 11.2558
0.4796 4.77958
0.4798 -5.9495
0.48 -10.979
0.4802 -5.8149
0.4804 4.56568
0.4806 10.5082
0.4808 6.66624
0.481 -3.18974
0.4812 -9.86413
0.4814 -7.32157
0.4816 1.8553
0.4818 9.07139
0.482 7.7744
0.4822 -0.594043
0.4824 -8.1581
0.4826 -8.02389
0.4828 -0.565194
0.483 7.15495
0.4832 8.07485
0.4834 1.59713
0.4836 -6.09432
0.4838 -7.93753
0.484 -2.48074
0.4842 5.00939
0.4844 7.62726
0.4846 3.19977
0.4848 -3.93322
0.485 -7.16402
0.4852 -3.74317
0.4854 2.89776
0.4856 6.57179
0.4858 4.10536
0.486 -1.93301
0.4862 -5.87786
0.4864 -4.28635
0.4866 1.06618
0.4868 5.11205
0.487 4.2917
0.4872 -0.320858
0.4874 -4.3058
0.4876 -4.13237
0.4878 -0.28358
0.488 3.49126
0.4882 3.82432
0.4884 0.732563
0.4886 -2.7004
0.4888 -3.38809
0.489 -1.01674
0.4892 1.96401
0.4894 2.84818
0.4896 1.13224
0.4898 -1.31084
0.49 -2.23234
0.4902 -1.08082
0.4904 0.766716
0.4906 1.57074
0.4908 0.869837
0.491 -0.3538
0.4912 -0.895142
0.4914 -0.512031
0.4916 0.0898741
0.4918 0.237915
0.492 0.0252295
0.4922 0.0122088
0.4924 0.368886
0.4926 0.568151
0.4928 0.0550411
0.493 -0.894481
0.4932 -1.24171
0.4934 -0.293459
0.4936 1.3103
0.4938 1.96578
0.494 0.699089
0.4942 -1.59083
0.4944 -2.70826
0.4946 -1.2622
0.4948 1.71449
0.495 3.43553
0.4952 1.96749
0.4954 -1.66425
0.4956 -4.11336
0.4958 -2.79436
0.496 1.42829
0.4962 4.70795
0.4964 3.71748
0.4966 -1.00042
0.4968 -5.18688
0.497 -4.70733
0.4972 0.380435
0.4974 5.52009
0.4976 5.731
0.4978 0.425771
0.498 -5.6808
0.4982 -6.753
0.4984 -1.40617
0.4986 5.64638
0.4988 7.73623
0.499 2.54279
0.4992 -5.39907
0.4994 -8.64292
0.4996 -3.81202
0.4998 4.92661
0.5 9.43569
0.5002 5.18512
0.5004 -4.22282
0.5006 -10.0786
0.5008 -6.62881
0.501 3.28788
0.5012 10.5382
0.5014 8.10609
0.5016 -2.12857
0.5018 -10.7844
0.502 -9.57703
0.5022 0.758287
0.5024 10.7914
0.5026 10.9998
0.5028 0.803079
0.503 -10.5388
0.5032 -12.3317
0.5034 -2.52945
0.5036 10.0119
0.5038 13.5302
0.504 4.38905
0.5042 -9.20239
0.5044 -14.5541
0.5046 -6.34499
0.5048 8.10902
0.505 15.3646
0.5052 8.35607
0.5054 -6.73759
0.5056 -15.9262
0.5058 -10.3777
0.506 5.10114
0.5062 16.2081
0.5064 12.3627
0.5066 -3.21988
0.5068 -16.1847
0.507 -14.2627
0.5072 1.12089
0.5074 15.8366
0.5076 16.029
0.5078 1.16227
0.508 -15.1511
0.5082 -17.614
0.5084 -3.59019
0.5086 14.1231
0.5088 18.972
0.509 6.11835
0.5092 -12.755
0.5094 -20.0606
0.5096 -8.69803
0.5098 11.0572
0.51 20.8418
0.5102 11.2773
0.5104 -9.04781
0.5106 -21.283
0.5108 -13.8021
0.511 6.75278
0.5112 21.3578
0.5114 16.2176
0.5116 -4.20533
0.5118 -21.0469
0.512 -18.4691
0.5122 1.44544
0.5124 20.3387
0.5126 20.5035
0.5128 1.48086
0.513 -19.2296
0.5132 -22.2706
0.5134 -4.52235
0.5136 17.7247
0.5138 23.724
0.514 7.62364
0.5142 -15.8375
0.5144 -24.8226
0.5146 -10.7263
0.5148 13.5899
0.515 25.5314
0.5152 13.7699
0.5154 -11.0123
0.5156 -25.8222
0.5158 -16.6937
0.516 8.14241
0.5162 25.6749
0.5164 19.4374
0.5166 -5.02537
0.5168 -25.0778
0.517 -21.9429
0.5172 1.71243
0.5174 24.0278
0.5176 24.1553
0.5178 1.73983
0.518 -22.5312
0.5182 -26.0243
0.5184 -5.2706
0.5186 20.6033
0.5188 27.5054
0.519 8.8161
0.5192 -18.2683
0.5194 -28.5605
0.5196 -12.3108
0.5198 15.5591
0.52 29.1596
0.5202 15.6888
0.5204 -12.5168
0.5206 -29.2807
0.5208 -18.8851
0.521 9.18986
0.5212 28.911
0.5214 21.8372
0.5216 -5.63303
0.5218 -28.047
0.522 -24.4862
0.5222 1.90669
0.5224 26.6949
0.5226 26.7781
0.5228 1.92457
0.523 -24.8703
0.5232 -28.6649
0.5234 -5.79314
0.5236 22.5984
0.5238 30.106
0.524 9.62971
0.5242 -19.9132
0.5244 -31.0687
0.5246 -13.3647
0.5248 16.8571
0.525 31.5289
0.5252 16.9298
0.5254 -13.4802
0.5256 -31.4722
0.5258 -20.2589
0.526 9.83919
0.5262 30.8938
0.5264 23.29
0.5266 -5.99628
0.5268 -29.7987
0.527 -25.9662
0.5272 2.01812
0.5274 28.2019
0.5276 28.2369
0.5278 2.02565
0.528 -26.1279
0.5282 -30.0589
0.5284 -6.06368
0.5286 23.6105
0.5288 31.397
0.529 10.0244
0.5292 -20.6918
0.5294 -32.2252
0.5296 -13.8373
0.5298 17.422
0.53 32.5272
0.5302 17.4347
0.5304 -13.8576
0.5306 -32.2961
0.5308 -20.7525
0.531 10.0612
0.5312 31.5354
0.5314 23.732
0.5316 -6.09941
0.5318 -30.2584
0.532 -26.3209
0.5322 2.04213
0.5324 28.488
0.5326 28.474
0.5328 2.03912
0.533 -26.2564
0.5332 -30.1546
0.5334 -6.07254
0.5336 23.6043
0.5338 31.335
0.534 9.98745
0.5342 -20.5803
0.5344 -31.9967
0.5346 -13.7157
0.5348 17.2393
0.535 32.1312
0.5352 17.1931
0.5354 -13.6422
0.5356 -31.7399
0.5358 -20.3603
0.536 9.85421
0.5362 30.834
0.5364 23.1646
0.5366 -5.9434
0.5368 -29.4341
0.537 -25.5601
0.5372 1.97971
0.5374 27.57
0.5376 27.5093
0.5378 1.96666
0.538 -25.2799
0.5382 -28.9833
0.5384 -5.82663
0.5386 22.6095
0.5388 29.9625
0.539 9.5335
0.5392 -19.6109
0.5394 -30.4367
0.5396 -13.0244
0.5398 16.3418
0.54 30.4054
0.5402 16.2412
0.5404 -12.8644
0.5406 -29.8776
0.5408 -19.132
0.541 9.24335
0.5412 28.8714
0.5414 21.6517
0.5416 -5.54534
0.5418 -27.4137
0.542 -23.763
0.5422 1.83722
0.5424 25.5394
0.5426 25.4371
0.5428 1.81522
0.543 -23.2907
0.5432 -26.6538
0.5434 -5.34847
0.5436 20.7158
0.5438 27.4021
0.544 8.70262
0.5442 -17.8682
0.5444 -27.6801
0.5446 -11.8224
0.5448 14.8057
0.545 27.4947
0.5452 14.6583
0.5454 -11.5883
0.5456 -26.8619
0.5458 -17.1675
0.546 8.27802
0.5462 25.8054
0.5464 19.3141
0.5466 -4.93683
0.5468 -24.3567
0.547 -21.0706
0.5472 1.62576
0.5474 22.5539
0.5476 22.4174
0.5478 1.59643
0.548 -20.4409
0.5482 -23.3435
0.5484 -4.67435
0.5486 18.0663
0.5488 23.8464
0.549 7.55705
0.5492 -15.4825
0.5494 -23.9318
0.5496 -10.199
0.5498 12.7442
0.55 23.6134
0.5502 12.5607
0.5504 -9.90734
0.5506 -22.9126
0.5508 -14.6095
0.551 7.02813
0.5512 21.8574
0.5514 16.3203
0.5516 -4.16155
0.5518 -20.4819
0.552 -17.6752
0.5522 1.3604
0.5524 18.8254
0.5526 18.6643
0.5528 1.32576
0.553 -16.9314
0.5532 -19.2854
0.5534 -3.85156
0.5536 14.8466
0.5538 19.5438
0.554 6.17666
0.5542 -12.6195
0.5544 -19.452
0.5546 -8.26643
0.5548 10.2998
0.555 19.0292
0.5552 10.0925
0.5554 -7.93695
0.5556 -18.3005
0.5558 -11.6332
0.556 5.57907
0.5562 17.2965
0.5564 12.8738
0.5566 -3.27217
0.5568 -16.052
0.557 -13.8065
0.5572 1.05907
0.5574 14.6055
0.5576 14.4304
0.5578 1.02141
0.558 -12.9979
0.5582 -14.7512
0.5584 -2.93515
0.5586 11.2716
0.5588 14.7811
0.559 4.65332
0.5592 -9.46963
0.5594 -14.538
0.5596 -6.15283
0.5598 7.63437
0.56 14.0447
0.5602 7.41666
0.5604 -5.80686
0.5606 -13.3288
0.5608 -8.43393
0.561 4.02579
0.5612 12.4213
0.5614 9.20001
0.5616 -2.32672
0.5618 -11.3558
0.562 -9.71628
0.5622 0.74134
0.5624 10.168
0.5626 9.98992
0.5628 0.703062
0.563 -8.89435
0.5632 -10.0335
0.5634 -1.98412
0.5636 7.57132
0.5638 9.86427
0.564 3.08472
0.5642 -6.23449
0.5644 -9.50391
0.5646 -3.99315
0.5648 4.9177
0.565 8.97746
0.5652 4.70323
0.5654 -3.65231
0.5656 -8.31272
0.5658 -5.21417
0.566 2.46651
0.5662 7.53942
0.5664 5.53042
0.5666 -1.38471
0.5668 -6.68834
0.567 -5.66127
0.5672 0.427133
0.5674 5.79052
0.5676 5.62048
0.5678 0.390582
0.568 -4.87644
0.5682 -5.42568
0.5684 -1.05758
0.5686 3.97522
0.5688 5.09777
0.569 1.56788
0.5692 -3.1139
0.5694 -4.66023
0.5696 -1.92034
0.5698 2.31685
0.57 4.13839
0.5702 2.11852
0.5704 -1.60515
0.5706 -3.55867
0.5708 -2.17035
0.571 0.996172
0.5712 2.94779
0.5714 2.0878
0.5716 -0.503238
0.5718 -2.33205
0.572 -1.88639
0.5722 0.13539
0.5724 1.73661
0.5726 1.58461
0.5728 0.102716
0.573 -1.1848
0.5732 -1.20331
0.5734 -0.210798
0.5736 0.697513
0.5738 0.765027
0.574 0.192814
0.5742 -0.292718
0.5744 -0.293304
0.5746 -0.0567229
0.5748 -0.0150079
0.575 -0.188041
0.5752 -0.185858
0.5754 0.214788
0.5756 0.655606
0.5758 0.520089
0.576 -0.299674
0.5762 -1.08707
0.5764 -0.928416
0.5766 0.266751
0.5768 1.46182
0.577 1.39115
0.5772 -0.117139
0.5774 -1.76154
0.5776 -1.88709
0.5778 -0.144127
0.578 1.97066
0.5782 2.39416
0.5784 0.508308
0.5786 -2.07682
0.5788 -2.8901
0.579 -0.963285
0.5792 2.07113
0.5794 3.35308
0.5796 1.49396
0.5798 -1.94844
0.58 -3.76238
0.5802 -2.08273
0.5804 1.70738
0.5806 4.09896
0.5808 2.71004
0.581 -1.35041
0.5812 -4.34599
0.5814 -3.35496
0.5816 0.883719
0.5818 4.48934
0.582 3.9958
0.5822 -0.316977
0.5824 -4.51795
0.5826 -4.61075
0.5828 -0.336926
0.583 4.42415
0.5832 5.1785
0.5834 1.06228
0.5836 -4.20387
0.5838 -5.67885
0.584 -1.84099
0.5842 3.85671
0.5844 6.09326
0.5846 2.65314
0.5848 -3.38598
0.585 -6.40542
0.5852 -3.47751
0.5854 2.79859
0.5856 6.60161
0.5858 4.29216
0.586 -2.10485
0.5862 -6.6712
0.5864 -5.0751
0.5866 1.31819
0.5868 6.60683
0.587 5.80483
0.5872 -0.454779
0.5874 -6.40468
0.5876 -6.46095
0.5878 -0.466875
0.588 6.06457
0.5882 7.02473
0.5884 1.42647
0.5886 -5.58993
0.5888 -7.47957
0.589 -2.40241
0.5892 4.98774
0.5894 7.8115
0.5896 3.37243
0.5898 -4.26835
0.59 -8.00951
0.5902 -4.31414
0.5904 3.4452
0.5906 8.06584
0.5908 5.20562
0.591 -2.53445
0.5912 -7.97622
0.5914 -6.02602
0.5916 1.55458
0.5918 7.73994
0.592 6.75607
0.5922 -0.525915
0.5924 -7.35987
0.5926 -7.37858
0.5928 -0.529936
0.593 6.84243
0.5932 7.87891
0.5934 1.5906
0.5936 -6.19732
0.5938 -8.24528
0.594 -2.63353
0.5942 5.43735
0.5944 8.46913
0.5946 3.6366
0.5948 -4.57809
0.595 -8.54527
0.5952 -4.5786
0.5954 3.63741
0.5956 8.47201
0.5958 5.43985
0.596 -2.63507
0.5962 -8.2512
0.5964 -6.20264
0.5966 1.59221
0.5968 7.88815
0.597 6.85166
0.5972 -0.530752
0.5974 -7.39147
0.5976 -7.37438
0.5978 -0.52708
0.598 6.77283
0.5982 7.76137
0.5984 1.55937
0.5986 -6.04663
0.5988 -8.00643
0.599 -2.54506
0.5992 5.22965
0.5994 8.10682
0.5996 3.46443
0.5998 -4.34055
0.6 -8.06318
0.6002 -4.29962
0.6004 3.3994
0.6006 7.87958
0.6008 5.03505
0.601 -2.42718
0.6012 -7.56328
0.6014 -5.65775
0.6016 1.44521
0.6018 7.12458
0.602 6.15772
0.6022 -0.474615
0.6024 -6.57647
0.6026 -6.52805
0.6028 -0.464209
0.603 5.93427
0.6032 6.76515
0.6034 1.3521
0.6036 -5.21522
0.6038 -6.86869
0.604 -2.17162
0.6042 4.43797
0.6044 6.84163
0.6046 2.90744
0.6048 -3.62211
0.605 -6.69006
0.6052 -3.54672
0.6054 2.78763
0.6056 6.42297
0.6058 4.07941
0.606 -1.9544
0.6062 -6.05198
0.6064 -4.49843
0.6066 1.14164
0.6068 5.59098
0.607 4.79983
0.6072 -0.367426
0.6074 -5.05573
0.6076 -4.98282
0.6078 -0.351755
0.608 4.46336
0.6082 5.04971
0.6084 1.00142
0.6086 -3.83194
0.6088 -5.00581
0.609 -1.56946
0.6092 3.17995
0.6094 4.85923
0.6096 2.04637
0.6098 -2.52575
0.61 -4.62058
0.6102 -2.42552
0.6104 1.8871
0.6106 4.30263
0.6108 2.70324
0.611 -1.28066
0.6112 -3.91992
0.6114 -2.87887
0.6116 0.721568
0.6118 3.48833
0.612 2.95471
0.6122 -0.22304
0.6124 -3.02457
0.6126 -2.93594
0.6128 -0.20399
0.613 2.5457
0.6132 2.83036
0.6134 0.551121
0.6136 -2.06867
0.6138 -2.64815
0.614 -0.812688
0.6142 1.60977
0.6144 2.40153
0.6146 0.985884
0.6148 -1.18421
0.615 -2.10435
0.6152 -1.07079
0.6154 0.805658
0.6156 1.7717
0.6158 1.07034
0.616 -0.485892
0.6162 -1.41939
0.6164 -0.990187
0.6166 0.234438
0.6168 1.0635
0.617 0.838491
0.6172 -0.0583312
0.6174 -0.719877
0.6176 -0.625664
0.6178 -0.0380802
0.618 0.403675
0.6182 0.36402
0.6184 0.0532381
0.6186 -0.128879
0.6188 -0.0673897
0.619 0.0115966
0.6192 -0.0921028
0.6194 -0.249317
0.6196 -0.152398
0.6198 0.248816
0.62 0.570571
0.6202 0.362512
0.6204 -0.333071
0.6206 -0.880703
0.6208 -0.632863
0.621 0.339198
0.6212 1.16439
0.6214 0.952239
0.6216 -0.264214
0.6218 -1.40711
0.622 -1.30763
0.6222 0.107926
0.6224 1.59564
0.6226 1.68464
0.6228 0.127057
0.623 -1.7184
0.6232 -2.0679
0.6234 -0.435388
0.6236 1.76588
0.6238 2.44153
0.624 0.809132
0.6242 -1.7309
0.6244 -2.78968
0.6246 -1.23798
0.6248 1.60887
0.625 3.09692
0.6252 1.70956
0.6254 -1.39798
0.6256 -3.3488
0.6258 -2.20976
0.626 1.09923
0.6262 3.53226
0.6264 2.72317
0.6266 -0.71647
0.6268 -3.63604
0.627 -3.2335
0.6272 0.256315
0.6274 3.65102
0.6276 3.72406
0.6278 0.272015
0.628 -3.57059
0.6282 -4.17829
0.6284 -0.856935
0.6286 3.39081
0.6288 4.58019
0.629 1.4848
0.6292 -3.11061
0.6294 -4.91484
0.6296 -2.14027
0.6298 2.73184
0.63 5.16885
0.6302 2.80674
0.6304 -2.25929
0.6306 -5.33074
0.6308 -3.46679
0.631 1.70056
0.6312 5.39137
0.6314 4.10268
0.6316 -1.06594
0.6318 -5.34416
0.632 -4.69687
0.6322 0.368089
0.6324 5.18539
0.6326 5.2325
0.6328 0.378215
0.633 -4.91429
0.6332 -5.69388
0.6334 -1.15652
0.6336 4.53317
0.6338 6.06697
0.634 1.9491
0.6342 -4.04736
0.6344 -6.33979
0.6346 -2.73745
0.6348 3.4651
0.635 6.50282
0.6352 3.50282
0.6354 -2.79739
0.6356 -6.54922
0.6358 -4.22668
0.636 2.0577
0.6362 6.47517
0.6364 4.89129
0.6366 -1.26162
0.6368 -6.27991
0.637 -5.48017
0.6372 0.42646
0.6374 5.9659
0.6376 5.9786
0.6378 0.429189
0.638 -5.53872
0.6382 -6.37406
0.6384 -1.28598
0.6386 5.00699
0.6388 6.65656
0.639 2.12435
0.6392 -4.38215
0.6394 -6.819
0.6396 -2.92501
0.6398 3.67819
0.64 6.85738
0.6402 3.66955
0.6404 -2.91127
0.6406 -6.77094
0.6408 -4.34092
0.641 2.09932
0.6412 6.56222
0.6414 4.92395
0.6416 -1.26152
0.6418 -6.23703
0.642 -5.40577
0.6422 0.417792
0.6424 5.80432
0.6426 5.77621
0.6428 0.411747
0.643 -5.27595
0.6432 -6.02812
0.6434 -1.20737
0.6436 4.66639
0.6438 6.1576
0.644 1.9503
0.6442 -3.99233
0.6444 -6.16415
0.6446 -2.62324
0.6448 3.27224
0.645 6.05071
0.6452 3.21094
0.6454 -2.52582
0.6456 -5.82361
0.6458 -3.70058
0.646 1.77348
0.6462 5.49244
0.6464 4.08225
0.6466 -1.03573
0.6468 -5.06981
0.647 -4.34923
0.6472 0.332608
0.6474 4.57098
0.6476 4.49824
0.6478 0.316973
0.648 -4.01349
0.6482 -4.52959
0.6484 -0.895752
0.6486 3.41665
0.6488 4.44721
0.649 1.38868
0.6492 -2.80097
0.6494 -4.25861
0.6496 -1.78342
0.6498 2.18762
0.65 3.97468
0.6502 2.07075
0.6504 -1.59771
0.6506 -3.60949
0.6508 -2.24491
0.651 1.05172
0.6512 3.17983
0.6514 2.30385
0.6516 -0.568855
0.6518 -2.70485
0.652 -2.24939
0.6522 0.166369
0.6524 2.20544
0.6526 2.08722
0.6528 0.140957
0.653 -1.7037
0.6532 -1.82688
0.6534 -0.341369
0.6536 1.22226
0.6538 1.48152
0.654 0.42658
0.6542 -0.783581
0.6544 -1.06765
0.6546 -0.392137
0.6548 0.409286
0.655 0.604706
0.6552 0.237688
0.6554 -0.119433
0.6556 -0.114542
0.6558 0.032865
0.656 -0.0681446
0.6562 -0.379127
0.6564 -0.41133
0.6566 0.13848
0.6568 0.851404
0.657 0.885306
0.6572 -0.0800446
0.6574 -1.27692
0.6576 -1.43839
0.6578 -0.114753
0.658 1.63061
0.6582 2.05052
0.6584 0.449166
0.6586 -1.88845
0.6588 -2.69839
0.659 -0.921814
0.6592 2.02827
0.6594 3.35603
0.6596 1.5265
0.6598 -2.03049
0.66 -3.99545
0.6602 -2.25218
0.6604 1.87882
0.6606 4.58737
0.6608 3.08303
0.661 -1.56092
0.6612 -5.102
0.6614 -3.99866
0.6616 1.06899
0.6618 5.50992
0.662 4.97452
0.6622 -0.400178
0.6624 -5.78291
0.6626 -5.98231
0.6628 -0.443039
0.663 5.89487
0.6632 6.99064
0.6634 1.45263
0.6636 -5.82261
0.6638 -7.96573
0.664 -2.61497
0.6642 5.54672
0.6644 8.87224
0.6646 3.91085
0.6648 -5.05229
0.665 -9.67413
0.6652 -5.31576
0.6654 4.32955
0.6656 10.3356
0.6658 6.8002
0.666 -3.37448
0.6662 -10.8221
0.6664 -8.33026
0.6666 2.18918
0.6668 11.1013
0.667 9.86821
0.6672 -0.782177
0.6674 -11.1442
0.6676 -11.3733
0.6678 -0.831425
0.668 10.9257
0.6682 12.8027
0.6684 2.62999
0.6686 -10.426
0.6688 -14.1125
0.669 -4.58552
0.6692 9.63078
0.6694 15.2584
0.6696 6.66406
0.6698 -8.53256
0.67 -16.1976
0.6702 -8.82617
0.6704 7.13067
0.6706 16.8892
0.6708 11.0276
0.671 -5.4319
0.6712 -17.2955
0.6714 -13.2203
0.6716 3.45073
0.6718 17.3832
0.672 15.3531
0.6722 -1.2093
0.6724 -17.1247
0.6726 -17.3728
0.6728 -1.26264
0.673 16.4983
0.6732 19.2258
0.6734 3.92811
0.6736 -15.4899
0.6738 -20.8587
0.674 -6.74337
0.6742 14.0929
0.6744 22.2201
0.6746 9.65861
0.6748 -12.3094
0.675 -23.2613
0.6752 -12.6188
0.6754 10.1503
0.6756 23.9384
0.6758 15.5647
0.676 -7.63518
0.6762 -24.2125
0.6764 -18.4341
0.6766 4.79287
0.6768 24.0519
0.677 21.1629
0.6772 -1.66076
0.6774 -23.4321
0.6776 -23.6866
0.6778 -1.71546
0.678 22.3376
0.6782 25.9417
0.6784 5.28249
0.6786 -20.7618
0.6788 -27.867
0.679 -8.98021
0.6792 18.7084
0.6794 29.4055
0.6796 12.7428
0.6798 -16.1909
0.68 -30.505
0.6802 -16.4997
0.6804 13.2335
0.6806 31.1205
0.6808 20.1774
0.681 -9.87028
0.6812 -31.2143
0.6814 -23.7003
0.6816 6.14553
0.6818 30.7581
0.682 26.9928
0.6822 -2.11277
0.6824 -29.7335
0.6826 -29.9804
0.6828 -2.16585
0.683 28.1325
0.6832 32.5918
0.6834 6.6206
0.6836 -25.9588
0.6838 -34.7601
0.684 -11.1753
0.6842 23.2274
0.6844 36.4247
0.6846 15.7487
0.6848 -19.9653
0.685 -37.5325
0.6852 -20.256
0.6854 16.2107
0.6856 38.0394
0.6858 24.6106
0.686 -12.0133
0.6862 -37.9116
0.6864 -28.7254
0.6866 7.43314
0.6868 37.1263
0.687 32.5152
0.6872 -2.53989
0.6874 -35.6729
0.6876 -35.8979
0.6878 -2.58825
0.688 33.5534
0.6882 38.7967
0.6884 7.86591
0.6886 -30.7828
0.6888 -41.1416
0.689 -13.2021
0.6892 27.3889
0.6894 42.871
0.6896 18.5018
0.6898 -23.4126
0.69 -43.9333
0.6902 -23.6677
0.6904 18.9072
0.6906 44.2879
0.6908 28.6025
0.691 -13.9374
0.6912 -43.9069
0.6914 -33.2103
0.6916 8.57886
0.6918 42.7754
0.692 37.3987
0.6922 -2.91642
0.6924 -40.8922
0.6926 -41.081
0.6928 -2.95701
0.693 38.2705
0.6932 44.1778
0.6934 8.94221
0.6936 -34.9376
0.6938 -46.6187
0.694 -14.9354
0.6942 30.935
0.6944 48.344
0.6946 20.8304
0.6948 -26.3175
0.695 -49.3061
0.6952 -26.5203
0.6954 21.1528
0.6956 49.4705
0.6958 31.8999
0.696 -15.5201
0.6962 -48.8172
0.6964 -36.8675
0.6966 9.50899
0.6968 47.3407
0.697 41.3272
0.6972 -3.21787
0.6974 -45.0508
0.6976 -45.1906
0.6978 -3.24793
0.698 41.9726
0.6982 48.379
0.6984 9.77799
0.6986 -38.1463
0.6988 -50.8248
0.699 -16.2589
0.6992 33.6265
0.6994 52.4729
0.6996 22.5763
0.6998 -28.4815
0.7 -53.2824
0.7002 -28.6173
0.7004 22.7921
0.7006 53.227
0.7008 34.2724
0.701 -16.6502
0.7012 -52.2963
0.7014 -39.438
0.7016 10.1573
0.7018 50.4957
0.702 44.0181
0.7022 -3.42247
0.7024 -47.8465
0.7026 -47.9263
0.7028 -3.43962
0.703 44.3863
0.7032 51.088
0.7034 10.3108
0.7036 -40.1675
0.7038 -53.4414
0.704 -17.0716
0.7042 35.257
0.7044 54.939
0.7046 23.6037
0.7048 -29.7352
0.705 -55.5486
0.7052 -29.792
0.7054 23.6939
0.7056 55.2542
0.7058 35.527
0.706 -17.2351
0.7062 -54.0563
0.7064 -40.7071
0.7066 10.4692
0.7068 51.9718
0.707 45.2401
0.7072 -3.51246
0.7074 -49.0341
0.7076 -49.0455
0.7078 -3.51489
0.708 45.2924
0.7082 52.0559
0.7084 10.491
0.7086 -40.8104
0.7088 -54.2183
0.709 -17.2947
0.7092 35.666
0.7094 55.4953
0.7096 23.808
0.7098 -29.9488
0.71 -55.8658
0.7102 -29.9181
0.7104 23.7593
0.7106 55.325
0.7108 35.52
0.711 -17.2062
0.7112 -53.8855
0.7114 -40.518
0.7116 10.405
0.7118 51.5758
0.712 44.8279
0.7122 -3.47521
0.7124 -48.4408
0.7126 -48.3785
0.7128 -3.46181
0.713 44.5402
0.7132 51.1128
0.7134 10.2851
0.7136 -39.9476
0.7138 -52.9896
0.714 -16.8764
0.7142 34.7489
0.7144 53.9834
0.7146 23.1228
0.7148 -29.0407
0.715 -54.0856
0.7152 -28.9184
0.7154 22.9284
0.7156 53.3041
0.7158 34.1669
0.716 -16.5237
0.7162 -51.6631
0.7164 -38.7829
0.7166 9.94291
0.7168 49.2029
0.717 42.6937
0.7172 -3.30417
0.7174 -45.9785
0.7176 -45.8408
0.7178 -3.27458
0.718 42.0584
0.7182 48.1808
0.7184 9.67807
0.7186 -37.5237
0.7188 -49.6859
0.719 -15.7959
0.7192 32.4655
0.7194 50.3447
0.7196 21.5248
0.7198 -26.984
0.72 -50.1618
0.7202 -26.7703
0.7204 21.1852
0.7206 49.158
0.7208 31.449
0.721 -15.1799
0.7212 -47.3692
0.7214 -35.4896
0.7216 9.08058
0.7218 44.8459
0.722 38.8346
0.7222 -2.99939
0.7224 -41.6516
0.7226 -41.4408
0.7228 -2.95408
0.723 37.8617
0.7232 43.2806
0.7234 8.67503
0.7236 -33.5614
0.7238 -44.3416
0.724 -14.0655
0.7242 28.8441
0.7244 44.6272
0.7246 19.0364
0.7248 -23.8091
0.725 -44.1559
0.7252 -23.5091
0.7254 18.5596
0.7256 42.9608
0.7258 27.4166
0.726 -13.2006
0.7262 -41.0885
0.7264 -30.7053
0.7266 7.8361
0.7268 38.5982
0.727 33.3355
0.7272 -2.56773
0.7274 -35.5599
0.7276 -35.2819
0.7278 -2.50798
0.728 32.0525
0.7282 36.534
0.7284 7.30128
0.7286 -28.1626
0.7288 -37.0961
0.729 -11.731
0.7292 23.9817
0.7294 36.9866
0.7296 15.7264
0.7298 -19.6047
0.73 -36.2374
0.7302 -19.2278
0.7304 15.1274
0.7306 34.8933
0.7308 22.1886
0.731 -10.6445
0.7312 -33.0099
0.7314 -24.5751
0.7316 6.24754
0.7318 30.6528
0.732 26.3676
0.7322 -2.02273
0.7324 -27.8958
0.7326 -27.5602
0.7328 -1.95059
0.733 24.8186
0.7332 28.1606
0.7334 5.60181
0.7336 -21.5051
0.7338 -28.1897
0.734 -8.87036
0.7342 18.0416
0.7344 27.6807
0.7346 11.7069
0.7348 -14.5144
0.735 -26.6782
0.7352 -14.0743
0.7354 11.0076
0.7356 25.2366
0.7358 15.948
0.736 -7.60179
0.7362 -23.4188
0.7364 -17.3166
0.7366 4.37154
0.7368 21.2942
0.737 18.1815
0.7372 -1.38408
0.7374 -18.9373
0.7376 -18.5568
0.7378 -1.30229
0.738 16.4251
0.7382 18.4684
0.7384 3.6394
0.7386 -13.8358
0.7388 -17.9536
0.739 -5.59025
0.7392 11.2463
0.7394 17.0593
0.7396 7.12962
0.7398 -8.73049
0.74 -15.8407
0.7402 -8.24456
0.7404 6.35738
0.7406 14.3603
0.7408 8.93441
0.741 -4.18941
0.7412 -12.6853
0.7414 -9.21064
0.7416 2.28088
0.7418 10.8864
0.742 9.0963
0.7422 -0.676735
0.7424 -9.03532
0.7426 -8.62523
0.7428 -0.588584
0.743 7.20343
0.7432 7.84098
0.7434 1.49185
0.7436 -5.45938
0.7438 -6.79555
0.744 -2.02159
0.7442 3.86744
0.7444 5.5478
0.7446 2.17822
0.7448 -2.48578
0.745 -4.16186
0.7452 -1.97399
0.7454 1.36488
0.7456 2.70522
0.7458 1.43253
0.746 -0.546211
0.7462 -1.24694
0.7464 -0.588151
0.7466 0.0610733
0.7468 -0.144363
0.747 -0.515127
0.7472 0.0702269
0.7474 1.40238
0.7476 1.82483
0.7478 0.161033
0.748 -2.46501
0.7482 -3.28145
0.7484 -0.751718
0.7486 3.27607
0.7488 4.82014
0.749 1.68686
0.7492 -3.78694
0.7494 -6.37244
0.7496 -2.94
0.7498 3.95799
0.75 7.86817
0.7502 4.47382
0.7504 -3.75975
0.7506 -9.23741
0.7508 -6.24103
0.751 3.17385
0.7512 10.4124
0.7514 8.18561
0.7516 -2.19375
0.7518 -11.3295
0.752 -10.2442
0.7522 0.825014
0.7524 11.931
0.7526 12.3476
0.7528 0.914551
0.753 -12.1668
0.7532 -14.4228
0.7534 -2.99518
0.7536 11.9958
0.7538 16.3947
0.754 5.37569
0.7542 -11.3875
0.7544 -18.188
0.7546 -8.00436
0.7548 10.3227
0.755 19.7296
0.7552 10.82
0.7554 -8.79468
0.7556 -20.9502
0.7558 -13.7535
0.756 6.80931
0.7562 21.7862
0.7564 16.7291
0.7566 -4.38544
0.7568 -22.1819
0.757 -19.6666
0.7572 1.55469
0.7574 22.0908
0.7576 22.4831
0.7578 1.639
0.758 -21.4772
0.7582 -25.0948
0.7584 -5.14014
0.7586 20.3171
0.7588 27.4196
0.759 8.88274
0.7592 -18.5998
0.7594 -29.3787
0.7596 -12.7917
0.7598 16.3277
0.76 30.8991
0.7602 16.7844
0.7604 -13.5174
0.7606 -31.9151
0.7608 -20.7724
0.761 10.1992
0.7612 32.3704
0.7614 24.6635
0.7616 -6.41676
0.7618 -32.2197
0.762 -28.3639
0.7622 2.22681
0.7624 31.4298
0.7626 31.7801
0.7628 2.30212
0.763 -29.9811
0.7632 -34.8216
0.7634 -7.09089
0.7636 27.8685
0.7638 37.4024
0.764 12.0513
0.7642 -25.1013
0.7644 -39.4439
0.7646 -17.0877
0.7648 21.7041
0.765 40.8761
0.7652 22.0995
0.7654 -17.7161
0.7656 -41.6401
0.7658 -26.9825
0.766 13.1911
0.7662 41.6893
0.7664 31.6319
0.7666 -8.19628
0.7668 -40.9908
0.767 -35.9442
0.7672 2.81108
0.7674 39.5268
0.7676 39.8194
0.7678 2.87398
0.768 -37.2948
0.7682 -43.1637
0.7684 -8.75926
0.7686 34.3085
0.7688 45.8916
0.769 14.7379
0.7692 -30.5977
0.7694 -47.9275
0.7696 -20.6978
0.7698 26.208
0.77 49.208
0.7702 26.5242
0.7704 -21.2002
0.7706 -49.6834
0.7708 -32.1018
0.771 15.6492
0.7712 49.319
0.7714 37.3175
0.7716 -9.64305
0.7718 -48.0962
0.772 -42.0623
0.7722 3.28091
0.7724 46.013
0.7726 46.2344
0.7728 3.32851
0.773 -43.0845
0.7732 -49.7407
0.7734 -10.0691
0.7736 39.3432
0.7738 52.4995
0.774 16.8198
0.7742 -34.8379
0.7744 -54.4419
0.7746 -23.4568
0.7748 29.6336
0.775 55.5138
0.7752 29.8559
0.7754 -23.8101
0.7756 -55.6769
0.7758 -35.8958
0.776 17.4608
0.7762 54.9102
0.7764 41.4596
0.7766 -10.6908
0.7768 -53.21
0.777 -46.4378
0.7772 3.61472
0.7774 50.5907
0.7776 50.7308
0.7778 3.64484
0.778 -47.0845
0.7782 -54.2504
0.7784 -10.9603
0.7786 42.7411
0.7788 56.9224
0.779 18.2014
0.7792 -37.6268
0.7794 -58.6874
0.7796 -25.2378
0.7798 31.8231
0.78 59.5031
0.7802 31.9415
0.7804 -25.4258
0.7806 -59.3446
0.7808 -38.1897
0.781 18.5425
0.7812 58.2051
0.7814 43.8673
0.7816 -11.2911
0.7818 -56.0965
0.782 -48.8688
0.7822 3.79713
0.7824 53.0488
0.7826 53.1011
0.7828 3.80837
0.783 -49.1102
0.7832 -56.4847
0.7834 -11.3917
0.7836 44.3455
0.7838 58.956
0.784 18.8189
0.7842 -38.8357
0.7844 -60.468
0.7846 -25.9585
0.7848 32.6755
0.785 60.9918
0.7852 32.6843
0.7854 -25.9725
0.7856 -60.5169
0.7858 -38.8776
0.786 18.8443
0.7862 59.0514
0.7864 44.4293
0.7866 -11.4163
0.7868 -56.6221
0.787 -49.243
0.7872 3.81971
0.7874 53.2736
0.7876 53.2357
0.7878 3.81155
0.788 -49.0677
0.7882 -56.3402
0.7884 -11.3433
0.7886 44.0821
0.7888 58.5062
0.789 18.6436
0.7892 -38.4085
0.7894 -59.7012
0.7896 -25.5857
0.7898 32.1513
0.79 59.9109
0.7902 32.0502
0.7904 -25.425
0.7906 -59.1396
0.7908 -37.9274
0.791 18.3521
0.7912 57.41
0.7914 43.1197
0.7916 -11.0606
0.7918 -54.7626
0.792 -47.5429
0.7922 3.6814
0.7924 51.2547
0.7926 51.1282
0.7928 3.65421
0.793 -46.9592
0.7932 -53.8236
0.7934 -10.8173
0.7936 41.963
0.7938 55.594
0.794 17.6837
0.7942 -36.3652
0.7944 -56.4225
0.7946 -24.1365
0.7948 30.2747
0.795 56.3103
0.7952 30.0684
0.7954 -23.8086
0.7956 -55.2763
0.7958 -35.3834
0.796 17.0888
0.7962 53.3567
0.7964 39.9989
0.7966 -10.2404
0.7968 -50.604
0.797 -43.8472
0.7972 3.3886
0.7974 47.0855
0.7976 46.8764
0.7978 3.34365
0.798 -42.8821
0.7982 -49.0512
0.7984 -9.83811
0.7986 38.0863
0.7988 50.3538
0.799 15.9836
0.7992 -32.8001
0.7994 -50.7835
0.7996 -21.678
0.7998 27.1326
0.8 50.3566
0.8002 26.8305
0.8004 -21.1979
0.8006 -49.1057
0.8008 -31.3629
0.801 15.1128
0.8012 47.0789
0.8014 35.2112
0.8016 -8.99365
0.8018 -44.3383
0.802 -38.3267
0.8022 2.95484
0.8024 40.9584
0.8026 40.6763
0.8028 2.8942
0.803 -37.0246
0.8032 -42.2434
0.8034 -8.45088
0.8036 32.6308
0.8038 43.0275
0.804 13.6216
0.8042 -27.8776
0.8044 -43.0442
0.8046 -18.3234
0.8048 22.8696
0.805 42.324
0.8052 22.4857
0.8054 -17.7133
0.8056 -40.9118
0.8058 -26.0511
0.806 12.5149
0.8062 38.8654
0.8064 28.9768
0.8066 -7.37764
0.8068 -36.2536
0.807 -31.235
0.8072 2.40004
0.8074 33.1549
0.8076 32.8128
0.8078 2.32648
0.808 -29.6555
0.8082 -33.7125
0.8084 -6.71927
0.8086 25.8468
0.8088 33.951
0.809 10.7061
0.8092 -21.8234
0.8094 -33.5592
0.8096 -14.2265
0.8098 17.681
0.81 32.5804
0.8102 17.2328
0.8104 -13.5141
0.8106 -31.0696
0.8108 -19.6909
0.811 9.41395
0.8112 29.0916
0.8114 21.5806
0.8116 -5.46622
0.8118 -26.7191
0.812 -22.8959
0.8122 1.74953
0.8124 24.0312
0.8126 23.6445
0.8128 1.6664
0.813 -21.1109
0.8132 -23.8473
0.8134 -4.72215
0.8136 18.0432
0.8138 23.5375
0.814 7.36973
0.8142 -14.9128
0.8144 -22.7597
0.8146 -9.57342
0.8148 11.8026
0.815 21.5682
0.8152 11.3104
0.8154 -8.79107
0.8156 -20.0255
0.8158 -12.5707
0.816 5.95057
0.8162 18.2004
0.8164 13.3576
0.8166 -3.34592
0.8168 -16.1665
0.817 -13.6868
0.8172 1.03273
0.8174 13.9996
0.8176 13.5857
0.8178 0.94376
0.818 -11.7764
0.8182 -13.0929
0.8184 -2.54959
0.8186 9.57164
0.8188 12.2562
0.819 3.76273
0.8192 -7.45698
0.8194 -11.1318
0.8196 -4.57345
0.8198 5.49866
0.82 9.78221
0.8202 4.98427
0.8204 -3.75599
0.8206 -8.27477
0.8208 -5.00973
0.821 2.27988
0.8212 6.67949
0.8214 4.67577
0.8216 -1.11157
0.8218 -5.06723
0.822 -4.0189
0.8222 0.281631
0.8224 3.50772
0.8226 3.08498
0.8228 0.190761
0.823 -2.06765
0.8232 -1.92794
0.8234 -0.298214
0.8236 0.808851
0.8238 0.608161
0.824 0.0452481
0.8242 0.213388
0.8244 0.809223
0.8246 0.551899
0.8248 -0.951839
0.825 -2.25618
0.8252 -1.46577
0.8254 1.36863
0.8256 3.66366
0.8258 2.65846
0.826 -1.43628
0.8262 -4.96359
0.8264 -4.08269
0.8266 1.13853
0.8268 6.09069
0.827 5.68307
0.8272 -0.470795
0.8274 -6.9844
0.8276 -7.39764
0.8278 -0.559625
0.828 7.59052
0.8282 9.15951
0.8284 1.93364
0.8286 -7.86283
0.8288 -10.8987
0.829 -3.62078
0.8292 7.76442
0.8294 12.544
0.8296 5.57994
0.8298 -7.26884
0.83 -14.0249
0.8302 -7.76029
0.8304 6.36095
0.8306 15.2736
0.8308 10.1026
0.831 -5.03753
0.8312 -16.2268
0.8314 -12.5405
0.8316 3.30758
0.8318 16.8277
0.832 15.0025
0.8322 -1.19227
0.8324 -17.0271
0.8326 -17.4134
0.8328 -1.27531
0.833 16.7856
0.8332 19.6965
0.8334 4.05087
0.8336 -16.0743
0.8338 -21.7752
0.834 -7.0797
0.8342 14.8759
0.8344 23.5754
0.8346 10.298
0.8348 -13.1854
0.835 -25.0272
0.8352 -13.634
0.8354 11.0109
0.8356 26.0669
0.8358 17.0101
0.836 -8.3729
0.8362 -26.6387
0.8364 -20.3441
0.8366 5.30502
0.8368 26.6961
0.837 23.5515
0.8372 -1.85282
0.8374 -26.2037
0.8376 -26.5474
0.8378 -1.9267
0.838 25.1379
0.8382 29.2484
0.8384 5.9663
0.8386 -23.4881
0.8388 -31.575
0.839 -10.1898
0.8392 21.2569
0.8394 33.4531
0.8396 14.5137
0.8398 -18.4609
0.84 -34.8164
0.8402 -18.8489
0.8404 15.1302
0.8406 35.6079
0.8408 23.1027
0.841 -11.3082
0.8412 -35.7813
0.8414 -27.1809
0.8416 7.05099
0.8418 35.3024
0.842 30.9898
0.8422 -2.4262
0.8424 -34.1504
0.8426 -34.4383
0.8428 -2.48808
0.843 32.3185
0.8432 37.4402
0.8434 7.60488
0.8436 -29.8143
0.8438 -39.916
0.844 -12.8301
0.8442 26.66
0.8444 41.795
0.8446 18.0644
0.8448 -22.8923
0.845 -43.0169
0.8452 -23.2053
0.8454 18.5619
0.8456 43.5336
0.8458 28.1493
0.846 -13.7325
0.8462 -43.3099
0.8464 -32.794
0.8466 8.48012
0.8468 42.3252
0.847 37.0406
0.8472 -2.89115
0.8474 -40.5737
0.8476 -40.7957
0.8478 -2.93886
0.848 38.0651
0.8482 43.9736
0.8484 8.90722
0.8486 -34.8246
0.8488 -46.4982
0.849 -14.9061
0.8492 30.8925
0.8494 48.3049
0.8496 20.8247
0.8498 -26.3237
0.85 -49.3415
0.8502 -26.5516
0.8504 21.1868
0.8506 49.5705
0.8508 31.9767
0.851 -15.5631
0.8512 -48.969
0.8514 -36.9939
0.8516 9.54442
0.8518 47.5302
0.852 41.5032
0.8522 -3.23234
0.8524 -45.2632
0.8526 -45.4127
0.8528 -3.26449
0.853 42.1934
0.8532 48.6406
0.8534 9.83214
0.8536 -38.3619
0.8538 -51.117
0.854 -16.3537
0.8542 33.8249
0.8544 52.7854
0.8546 22.7116
0.8548 -28.653
0.855 -53.6039
0.8552 -28.79
0.8554 22.9294
0.8556 53.5463
0.8558 34.4768
0.856 -16.7487
0.8562 -52.6027
0.8564 -39.6664
0.8566 10.2154
0.8568 50.7797
0.857 44.2614
0.8572 -3.44103
0.8574 -48.1005
0.8576 -48.1748
0.8578 -3.457
0.858 44.6044
0.8582 51.3316
0.8584 10.3584
0.8586 -40.3464
0.8588 -53.6706
0.859 -17.1419
0.8592 35.3959
0.8594 55.1453
0.8596 23.6879
0.8598 -29.8356
0.86 -55.7251
0.8602 -29.8806
0.8604 23.7595
0.8606 55.3958
0.8608 35.6105
0.861 -17.2719
0.8612 -54.1599
0.8614 -40.7761
0.8616 10.4846
0.8618 52.0368
0.862 45.2864
0.8622 -3.51526
0.8624 -49.0621
0.8626 -49.0622
0.8628 -3.51529
0.863 45.2871
0.8632 52.0379
0.8634 10.485
0.8636 -40.7777
0.8638 -54.1626
0.864 -17.273
0.8642 35.6133
0.8644 55.4011
0.8646 23.7623
0.8648 -29.8849
0.865 -55.7346
0.8652 -29.8416
0.8654 23.6935
0.8656 55.1607
0.8658 35.4074
0.866 -17.1483
0.8662 -53.6937
0.8664 -40.3663
0.8666 10.3642
0.8668 51.3642
0.867 44.6363
0.8672 -3.45978
0.8674 -48.2181
0.8676 -48.1488
0.8678 -3.44487
0.868 44.3162
0.8682 50.8491
0.8684 10.2307
0.8686 -39.7321
0.8688 -52.6982
0.869 -16.782
0.8692 34.5514
0.8694 53.6725
0.8696 22.9881
0.8698 -28.8699
0.87 -53.765
0.8702 -28.746
0.8704 22.7911
0.8706 52.9843
0.8708 33.962
0.871 -16.4248
0.8712 -51.3553
0.8714 -38.5533
0.8716 9.88459
0.8718 48.9176
0.872 42.4497
0.8722 -3.2856
0.8724 -45.7253
0.8726 -45.5944
0.8728 -3.25746
0.873 41.8453
0.8732 47.9453
0.8734 9.63268
0.8736 -37.3558
0.8738 -49.4754
0.874 -15.733
0.8742 32.3452
0.8744 50.1729
0.8746 21.4582
0.8748 -26.9096
0.875 -50.0417
0.8752 -26.7165
0.8754 21.1513
0.8756 49.1005
0.8758 31.4267
0.876 -15.1765
0.8762 -47.3826
0.8764 -35.5187
0.8766 9.09316
0.8768 44.9346
0.877 38.9356
0.8772 -3.00915
0.8774 -41.8158
0.8776 -41.6339
0.8778 -2.97006
0.878 38.0961
0.8782 43.584
0.8784 8.74326
0.8786 -33.8553
0.8788 -44.7711
0.879 -14.2154
0.8792 29.1805
0.8794 45.1946
0.8796 19.2993
0.8798 -24.1649
0.88 -44.8678
0.8802 -23.917
0.8804 18.9053
0.8806 43.8179
0.8808 28.0013
0.881 -13.5009
0.8812 -42.0844
0.8814 -31.4968
0.8816 8.05057
0.8818 39.7185
0.882 34.3602
0.8822 -2.65122
0.8824 -36.7817
0.8826 -36.5615
0.8828 -2.6039
0.883 33.3442
0.8832 38.0839
0.8834 7.62708
0.8836 -29.4835
0.8838 -38.9236
0.884 -12.3377
0.8842 25.2826
0.8844 39.09
0.8846 16.6635
0.8848 -20.8281
0.885 -38.6045
0.8852 -20.5419
0.8854 16.2086
0.8856 37.5003
0.8858 23.9209
0.886 -11.5126
0.8862 -35.821
0.8864 -26.7598
0.8866 6.82714
0.8868 33.6197
0.887 29.0295
0.8872 -2.23567
0.8874 -30.9574
0.8876 -30.713
0.8878 -2.18313
0.888 27.9015
0.8882 31.8049
0.8884 6.35696
0.8886 -24.5245
0.8888 -32.3116
0.889 -10.221
0.8892 20.9022
0.8894 32.2505
0.8896 13.7193
0.8898 -17.112
0.89 -31.6493
0.8902 -16.8049
0.8904 13.2312
0.8906 30.5449
0.8908 19.4413
0.891 -9.33584
0.8912 -28.9827
0.8914 -21.6022
0.8916 5.49864
0.8918 27.0149
0.892 23.2719
0.8922 -1.78801
0.8924 -24.6994
0.8926 -24.4451
0.8928 -1.73336
0.893 22.0984
0.8932 25.1269
0.8934 5.00951
0.8936 -19.2768
0.8938 -25.3318
0.894 -7.99215
0.8942 16.3007
0.8944 25.0833
0.8946 10.6413
0.8948 -13.2363
0.895 -24.4129
0.8952 -12.9259
0.8954 10.148
0.8956 23.3592
0.8958 14.8239
0.896 -7.09734
0.8962 -21.9668
0.8964 -16.3226
0.8966 4.14185
0.8968 20.2847
0.897 17.4182
0.8972 -1.33391
0.8974 -18.3656
0.8976 -18.1156
0.8978 -1.28016
0.898 16.2641
0.8982 18.428
0.8984 3.66081
0.8986 -14.0357
0.8988 -18.3762
0.899 -5.77583
0.8992 11.7352
0.8994 17.9875
0.8996 7.60073
0.8998 -9.41603
0.9 -17.2952
0.9002 -9.11889
0.9004 7.12851
0.9006 16.3372
0.9008 10.3216
0.901 -4.91927
0.9012 -15.1549
0.9014 -11.2077
0.9016 2.8302
0.9018 13.7924
0.902 11.7836
0.9022 -0.897743
0.9024 -12.2951
0.9026 -12.0622
0.9028 -0.847677
0.903 10.7085
0.9032 12.0628
0.9034 2.38207
0.9036 -9.07723
0.9038 -11.81
0.904 -3.68814
0.9042 7.44404
0.9044 11.3327
0.9046 4.7553
0.9048 -5.84877
0.905 -10.6636
0.9052 -5.57965
0.9054 4.32761
0.9056 9.83793
0.9058 6.16364
0.906 -2.91232
0.9062 -8.89227
0.9064 -6.51576
0.9066 1.62972
0.9068 7.86389
0.907 6.64992
0.9072 -0.501265
0.9074 -6.78961
0.9076 -6.58487
0.9078 -0.457254
0.908 5.70486
0.9082 6.34343
0.9084 1.23578
0.9086 -4.64286
0.9088 -5.95169
0.909 -1.83
0.9092 3.63386
0.9094 5.43813
0.9096 2.24109
0.9098 -2.70448
0.91 -4.83277
0.9102 -2.47548
0.9104 1.87717
0.9106 4.16625
0.9108 2.54437
0.911 -1.16984
0.9112 -3.46894
0.9114 -2.46319
0.9116 0.595557
0.9118 2.77019
0.912 2.25094
0.9122 -0.16244
0.9124 -2.09747
0.9126 -1.92953
0.9128 -0.126339
0.913 1.47575
0.9132 1.523
0.9134 0.272415
0.9136 -0.926851
0.9138 -1.05673
0.914 -0.281961
0.9142 0.469016
0.9144 0.556647
0.9146 0.165317
0.9148 -0.116489
0.915 -0.0484741
0.9152 0.063496
0.9154 -0.120716
0.9156 -0.443047
0.9158 -0.387328
0.916 0.236937
0.9162 0.894829
0.9164 0.786536
0.9166 -0.23087
0.9168 -1.28607
0.917 -1.23965
0.9172 0.105449
0.9174 1.59876
0.9176 1.7241
0.9178 0.132391
0.918 -1.8182
0.9182 -2.2169
0.9184 -0.472051
0.9186 1.93324
0.9188 2.69535
0.919 0.899697
0.9192 -1.93657
0.9194 -3.13776
0.9196 -1.39877
0.9198 1.82483
0.92 3.52401
0.9202 1.95057
0.9204 -1.59859
0.9206 -3.83615
0.9208 -2.53484
0.921 1.26223
0.9212 4.05889
0.9214 3.13044
0.9216 -0.823739
0.9218 -4.17998
0.922 -3.716
0.9222 0.294405
0.9224 4.19056
0.9226 4.27056
0.9228 0.311602
0.923 -4.08528
0.9232 -4.77415
0.9234 -0.977697
0.9236 3.86249
0.9238 5.20844
0.924 1.68541
0.9242 -3.52417
0.9244 -5.55718
0.9246 -2.41497
0.9248 3.07582
0.925 5.80672
0.9252 3.14587
0.9254 -2.52629
0.9256 -5.94631
0.9258 -3.85754
0.926 1.88745
0.9262 5.96842
0.9264 4.52987
0.9266 -1.17378
0.9268 -5.86889
0.927 -5.14386
0.9272 0.401994
0.9274 5.64704
0.9276 5.68208
0.9278 0.409527
0.928 -5.30563
0.9282 -6.12922
0.9284 -1.24125
0.9286 4.85076
0.9288 6.47245
0.929 2.07306
0.9292 -4.29164
0.9294 -6.70181
0.9296 -2.88484
0.9298 3.64034
0.93 6.81039
0.9302 3.65702
0.9304 -2.91136
0.9306 -6.79457
0.9308 -4.37115
0.931 2.12129
0.9312 6.65403
0.9314 5.01038
0.9316 -1.28821
0.9318 -6.39176
0.932 -5.5599
0.9322 0.431277
0.9324 6.01392
0.9326 6.00736
0.9328 0.429867
0.933 -5.52965
0.9332 -6.34317
0.9334 -1.27564
0.9336 4.95078
0.9338 6.56071
0.934 2.08705
0.9342 -4.29144
0.9344 -6.65653
0.9346 -2.84622
0.9348 3.56773
0.935 6.63035
0.9352 3.53684
0.9354 -2.79714
0.9356 -6.48507
0.9358 -4.14464
0.936 1.99815
0.9362 6.22661
0.9364 4.65771
0.9366 -1.18965
0.9368 -5.86374
0.937 -5.06682
0.9372 0.390417
0.9374 5.4078
0.9376 5.36565
0.9378 0.381357
0.938 -4.8723
0.9382 -5.55087
0.9384 -1.10861
0.9386 4.27259
0.9388 5.62224
0.939 1.77583
0.9392 -3.62534
0.9394 -5.58257
0.9396 -2.3695
0.9398 2.9481
0.94 5.43755
0.9402 2.87841
0.9404 -2.25876
0.9406 -5.19559
0.9408 -3.29393
0.941 1.57508
0.9412 4.8675
0.9414 3.61026
0.9416 -0.914159
0.9418 -4.4662
0.942 -3.8245
0.9422 0.291982
0.9424 4.00627
0.9426 3.93672
0.9428 0.277032
0.943 -3.50353
0.9432 -3.94988
0.9434 -0.780412
0.9436 2.97456
0.9438 3.86973
0.944 1.20797
0.9442 -2.43622
0.9444 -3.70458
0.9446 -1.55205
0.9448 1.90515
0.945 3.46504
0.9452 1.80774
0.9454 -1.39726
0.9456 -3.16365
0.9458 -1.97295
0.946 0.927317
0.9462 2.81453
0.9464 2.04846
0.9466 -0.508492
0.9468 -2.43287
0.947 -2.03785
0.9472 0.151992
0.9474 2.03454
0.9476 1.94737
0.9478 0.133255
0.948 -1.63555
0.9482 -1.7857
0.9484 -0.340846
0.9486 1.2516
0.9488 1.56372
0.949 0.467077
0.9492 -0.897577
0.9494 -1.29409
0.9496 -0.511037
0.9498 0.58713
0.95 0.990916
0.9502 0.474619
0.9504 -0.332246
0.9506 -0.669283
0.9508 -0.362454
0.951 0.142891
0.9512 0.344788
0.9514 0.18176
0.9516 -0.0267073
0.9518 -0.0330643
0.952 0.0578801
0.9522 -0.0112249
0.9524 -0.250701
0.9526 -0.344815
0.9528 -0.0314545
0.953 0.492238
0.9532 0.665676
0.9534 0.154302
0.9536 -0.678637
0.9538 -1.00578
0.954 -0.354069
0.9542 0.798756
0.9544 1.34958
0.9546 0.624786
0.9548 -0.843574
0.955 -1.68113
0.9552 -0.957918
0.9554 0.806489
0.9556 1.98457
0.9558 1.3426
0.956 -0.683543
0.9562 -2.24461
0.9564 -1.76596
0.9566 0.473579
0.9568 2.44701
0.957 2.21343
0.9572 -0.178307
0.9574 -2.57903
0.9576 -2.66925
0.9578 -0.197699
0.958 2.6298
0.9582 3.11682
0.9584 0.647093
0.9586 -2.59073
0.9588 -3.53926
0.959 -1.15993
0.9592 2.45575
0.9594 3.91988
0.9596 1.72392
0.9598 -2.22158
0.96 -4.24265
0.9602 -2.32473
0.9604 1.88784
0.9606 4.49271
0.9608 2.94636
0.961 -1.45715
0.9612 -4.65682
0.9614 -3.5716
0.9616 0.935111
0.9618 4.72374
0.962 4.18246
0.9622 -0.33017
0.9624 -4.68466
0.9626 -4.7607
0.9628 -0.346515
0.963 4.5334
0.9632 5.28828
0.9634 1.08135
0.9636 -4.26674
0.9638 -5.74796
0.964 -1.85865
0.9642 3.8845
0.9644 6.12371
0.9646 2.66099
0.9648 -3.38963
0.965 -6.40121
0.9652 -3.46968
0.9654 2.7882
0.9656 6.56826
0.9658 4.26523
0.966 -2.0893
0.9662 -6.61519
0.9664 -5.02787
0.9666 1.30484
0.9668 6.53512
0.967 5.73807
0.9672 -0.44929
0.9674 -6.32422
0.9676 -6.37705
0.9678 -0.460646
0.968 5.98189
0.9682 6.92733
0.9684 1.40644
0.9686 -5.51078
0.9688 -7.37316
0.969 -2.36819
0.9692 4.91682
0.9694 7.70099
0.9696 3.32511
0.9698 -4.20911
0.97 -7.89986
0.9702 -4.25606
0.9704 3.39972
0.9706 7.96172
0.9708 5.14011
0.971 -2.50345
0.9712 -7.88168
0.9714 -5.95704
0.9716 1.53745
0.9718 7.65815
0.972 6.68788
0.9722 -0.520866
0.9724 -7.29299
0.9726 -7.31542
0.9728 -0.525689
0.973 6.79142
0.9732 7.82469
0.9734 1.58059
0.9736 -6.16201
0.9738 -8.20332
0.974 -2.62175
0.9742 5.41643
0.9744 8.44189
0.9746 3.62722
0.9748 -4.56922
0.975 -8.53423
0.9752 -4.57565
0.9754 3.63743
0.9756 8.47756
0.9758 5.44695
0.976 -2.64022
0.9762 -8.27263
0.9764 -6.22273
0.9766 1.59838
0.9768 7.92368
0.977 6.88678
0.9772 -0.533799
0.9774 -7.43837
0.9776 -7.42555
0.9778 -0.531044
0.978 6.82761
0.9782 7.82845
0.9784 1.57369
0.9786 -6.1053
0.9788 -8.08814
0.979 -2.57226
0.9792 5.28796
0.9794 8.20076
0.9796 3.50601
0.9798 -4.39433
0.98 -8.166
0.9802 -4.35587
0.9804 3.44489
0.9806 7.98714
0.9808 5.10495
0.981 -2.46135
0.9812 -7.67095
0.9814 -5.73896
0.9816 1.46606
0.9818 7.22755
0.982 6.24658
0.9822 -0.481431
0.9824 -6.67009
0.9826 -6.61981
0.9828 -0.470622
0.983 6.01448
0.9832 6.8541
0.9834 1.36929
0.9836 -5.27888
0.9838 -6.94852
0.984 -2.19542
0.9842 4.48329
0.9844 6.90579
0.9846 2.932
0.9848 -3.649
0.985 -6.73216
0.9852 -3.56464
0.9854 2.79795
0.9856 6.43728
0.9858 4.08197
0.986 -1.95224
0.9862 -6.03392
0.9864 -4.47589
0.9866 1.13343
0.9868 5.53762
0.987 4.74189
0.9872 -0.361993
0.9874 -4.96625
0.9876 -4.87908
0.9878 -0.343256
0.988 4.33954
0.9882 4.89029
0.9884 0.965709
0.9886 -3.67851
0.9888 -4.78195
0.989 -1.49143
0.9892 3.00487
0.9894 4.56396
0.9896 1.90954
0.9898 -2.34042
0.99 -4.24936
0.9902 -2.2126
0.9904 1.70642
0.9906 3.85404
0.9908 2.39677
0.991 -1.12296
0.9912 -3.39625
0.9914 -2.46198
0.9916 0.608392
0.9918 2.89609
0.992 2.41198
0.9922 -0.178733
0.9924 -2.37495
0.9926 -2.25425
0.9928 -0.152788
0.993 1.85488
0.9932 1.9998
0.9934 0.376175
0.9936 -1.35798
0.9938 -1.66292
0.994 -0.485005
0.9942 0.905671
0.9944 1.26081
0.9946 0.476676
0.9948 -0.518118
0.995 -0.813085
0.9952 -0.35255
0.9954 0.21356
0.9956 0.341244
0.9958 0.117996
0.996 -0.0077435
0.9962 0.131915
0.9964 0.217692
0.9966 -0.0866142
0.9968 -0.582966
0.997 -0.641468
0.9972 0.0602743
0.9974 0.988534
0.9976 1.13684
0.9978 0.0921531
0.998 -1.32599
0.9982 -1.68425
0.9984 -0.37194
0.9986 1.57416
0.9988 2.26158
0.999 0.776076
0.9992 -1.71397
0.9994 -2.84472
0.9996 -1.29722
0.9998 1.72911
