0 -28.3221
0.5 -29.7656
1 -29.848
1.5 -29.7708
2 -29.7185
2.5 -29.9148
3 -29.8729
3.5 -29.8643
4 26.1522
4.5 -29.3746
5 -29.8224
5.5 -29.688
6 -29.5013
6.5 -29.8139
7 -30.0391
7.5 -30.0215
8 20
8.5 -30.188
9 -29.8951
9.5 -29.9134
10 -29.8084
10.5 -29.9884
11 -29.7432
11.5 -29.8628
12 -29.7772
12.5 -30.9064
13 -29.7903
13.5 -29.8084
14 -29.8767
14.5 -29.9867
15 -29.9682
15.5 -29.6241
16 -29.5785
16.5 -29.7572
17 -29.9806
17.5 -29.0493
18 -29.6423
18.5 -30.1051
19 -29.1423
19.5 -29.8441
20 -31.5256
20.5 -30.0916
21 -28.7112
21.5 -30.1782
22 -29.8341
22.5 -29.7144
23 -29.4355
23.5 -29.8947
24 -28.2922
24.5 -27.9823
25 -29.6445
25.5 -29.9572
26 -29.8797
26.5 -28.7232
27 -29.1403
27.5 -29.9384
28 -30.2935
28.5 -28.9259
29 -30.164
29.5 -28.2575
30 -29.4869
30.5 -29.2267
31 -30.7895
31.5 -32.2659
32 -28.587
32.5 -30.4234
33 -33.8757
33.5 -28.1595
34 -29.1498
34.5 -29.8872
35 -27.9047
35.5 -30.1483
36 -30.1899
36.5 -30.1654
37 -34.1638
37.5 -27.7712
38 -28.3284
38.5 -29.8145
39 -29.5883
39.5 -29.4497
40 -29.6839
40.5 -29.5784
41 -27.8485
41.5 -28.7206
42 -34.6756
42.5 -29.7708
43 -30.4156
43.5 -29.1298
44 -27.0994
44.5 -31.2845
45 -31.3743
45.5 -29.2246
46 -32.3448
46.5 -27.8963
47 -27.7029
47.5 -28.4744
48 -29.1311
48.5 -30.9443
49 -28.9773
49.5 -28.6747
50 -28.6736
50.5 -28.2087
51 -31.6745
51.5 -29.1489
52 -29.1573
52.5 -30.3834
53 -31.7494
53.5 -33.2521
54 -39.2429
54.5 -29.7777
55 -32.7278
55.5 -27.6631
56 -29.4179
56.5 -28.1473
57 -28.978
57.5 -28.6719
58 -28.2644
58.5 -31.8947
59 -27.4286
59.5 -28.8046
60 -27.645
60.5 -29.067
61 -29.1878
61.5 -30.4846
62 -31.5693
62.5 -27.7198
63 -29.4613
63.5 -30.9012
64 -31.0127
64.5 -28.7675
65 -28.5595
65.5 -28.2529
66 -27.7159
66.5 -28.5994
67 -30.5693
67.5 -26.9413
68 -30.0188
68.5 -29.3414
69 -29.6914
69.5 -31.738
70 -26.484
70.5 -28.9559
71 -27.8762
71.5 -28.3302
72 -28.6469
72.5 -28.0517
73 -30.4886
73.5 -31.9818
74 -29.8115
74.5 -33.7125
75 -30.7522
75.5 -27.0228
76 -28.3711
76.5 -29.4845
77 -28.0983
77.5 -28.029
78 -30.4968
78.5 -27.7528
79 -29.5309
79.5 -34.5807
80 -26.3445
80.5 -28.7981
81 -32.4856
81.5 -27.596
82 -39.6514
82.5 -31.5473
83 -29.6349
83.5 -29.2847
84 -31.7188
84.5 -32.1333
85 -28.7366
85.5 -29.6921
86 -28.3105
86.5 -29.2691
87 -27.5478
87.5 -27.8695
88 -27.604
88.5 -26.2181
89 -28.5073
89.5 -26.3438
90 -28.8776
90.5 -26.3536
91 -27.2273
91.5 -26.2757
92 20
92.5 -26.2634
93 -31.6015
93.5 -28.2545
94 -28.2286
94.5 -26.7206
95 -25.5274
95.5 -29.0285
96 26.1522
96.5 -27.9678
97 -32.9373
97.5 -25.5191
98 -26.1285
98.5 -26.39
99 -26.4528
99.5 -29.1269
