0 -26.508
1 -26.3788
2 -29.3626
3 -27.0081
4 0.859676
5 -24.2773
6 -28.2914
7 -27.1093
8 26.8583
9 -31.9259
10 -28.539
11 -24.6885
12 15.3164
13 -26.9254
14 -25.3628
15 -23.8945
16 38.6333
17 -25.1918
18 -25.9734
19 -23.6493
20 6.81761
21 -24.8438
22 -21.9067
23 -29.612
24 12.2229
25 -27.4575
26 -26.6561
27 -26.0543
28 12.5166
29 -25.8249
30 -27.228
31 -26.6364
32 4.7167
33 -22.2214
34 -22.9027
35 -21.7512
36 14.2609
37 -25.5459
38 -27.1252
39 -26.8389
40 9.61945
41 -28.1323
42 -26.9873
43 -23.961
44 11.6967
45 -23.8023
46 -27.0571
47 -19.8278
48 9.28039
49 -23.7921
50 -26.627
51 -25.1443
52 9.284
53 -23.4704
54 -24.8429
55 -21.808
56 11.6969
57 -22.8401
58 -23.223
59 -22.7257
60 9.61804
61 -20.7663
62 -21.8416
63 -21.9541
64 14.2623
65 -22.9053
66 -26.0224
67 -20.7888
68 4.71108
69 -24.6354
70 -18.9933
71 -23.5166
72 12.5154
73 -26.6876
74 -19.8543
75 -21.7699
76 12.2239
77 -26.4242
78 -23.0599
79 -31.6057
80 6.82055
81 -23.1238
82 -21.6656
83 -22.5235
84 14.7015
85 -27.0623
86 -22.3884
87 -18.8316
88 15.3153
89 -21.8107
90 -20.7272
91 -21.8593
92 14.0757
93 -21.9284
94 -23.4035
95 -21.9629
96 0.905234
97 -24.2935
98 -16.6108
99 -22.9054
