0 1
0.008 1.60262
0.016 2.20308
0.024 2.79987
0.032 3.39147
0.04 3.97639
0.048 4.55315
0.056 5.12028
0.064 5.67634
0.072 6.21992
0.08 6.74963
0.088 7.26412
0.096 7.76209
0.104 8.24226
0.112 8.70341
0.12 9.14434
0.128 9.56394
0.136 9.96112
0.144 10.3349
0.152 10.6842
0.16 11.0082
0.168 11.3061
0.176 11.5771
0.184 11.8204
0.192 12.0355
0.2 12.2217
0.208 12.3786
0.216 12.5057
0.224 12.6027
0.232 12.6693
0.24 12.7053
0.248 12.7106
0.256 12.6851
0.264 12.6289
0.272 12.5421
0.28 12.4249
0.288 12.2774
0.296 12.1002
0.304 11.8935
0.312 11.6578
0.32 11.3938
0.328 11.1019
0.336 10.783
0.344 10.4379
0.352 10.0672
0.36 9.67194
0.368 9.25306
0.376 8.81158
0.384 8.34855
0.392 7.86512
0.4 7.36244
0.408 6.84175
0.416 6.30432
0.424 5.75146
0.432 5.18451
0.44 4.60487
0.448 4.01396
0.456 3.41321
0.464 2.80411
0.472 2.18813
0.48 1.56679
0.488 0.94161
0.496 0.314128
0.504 -0.31413
0.512 -0.941616
0.52 -1.56679
0.528 -2.18813
0.536 -2.80411
0.544 -3.41322
0.552 -4.01396
0.56 -4.60488
0.568 -5.18452
0.576 -5.75146
0.584 -6.30432
0.592 -6.84175
0.6 -7.36244
0.608 -7.86512
0.616 -8.34855
0.624 -8.81158
0.632 -9.25307
0.64 -9.67194
0.648 -10.0672
0.656 -10.4379
0.664 -10.783
0.672 -11.1019
0.68 -11.3938
0.688 -11.6578
0.696 -11.8935
0.704 -12.1002
0.712 -12.2774
0.72 -12.4249
0.728 -12.5421
0.736 -12.6289
0.744 -12.6851
0.752 -12.7106
0.76 -12.7053
0.768 -12.6693
0.776 -12.6027
0.784 -12.5057
0.792 -12.3786
0.8 -12.2217
0.808 -12.0355
0.816 -11.8204
0.824 -11.5771
0.832 -11.3061
0.84 -11.0082
0.848 -10.6842
0.856 -10.3349
0.864 -9.96112
0.872 -9.56394
0.88 -9.14434
0.888 -8.7034
0.896 -8.24226
0.904 -7.76209
0.912 -7.26412
0.92 -6.74962
0.928 -6.21992
0.936 -5.67634
0.944 -5.12028
0.952 -4.55315
0.96 -3.97639
0.968 -3.39147
0.976 -2.79986
0.984 -2.20307
0.992 -1.60262
1 -0.999998
1.008 -0.396747
1.016 0.205607
1.024 0.805556
1.032 1.40157
1.04 1.99216
1.048 2.57585
1.056 3.15115
1.064 3.71663
1.072 4.27087
1.08 4.81246
1.088 5.34007
1.096 5.85236
1.104 6.34806
1.112 6.82594
1.12 7.28479
1.128 7.72348
1.136 8.14092
1.144 8.53606
1.152 8.90793
1.16 9.25563
1.168 9.57828
1.176 9.8751
1.184 10.1454
1.192 10.3884
1.2 10.6037
1.208 10.7906
1.216 10.9488
1.224 11.0778
1.232 11.1774
1.24 11.2474
1.248 11.2875
1.256 11.2978
1.264 11.2783
1.272 11.229
1.28 11.15
1.288 11.0417
1.296 10.9044
1.304 10.7383
1.312 10.544
1.32 10.3221
1.328 10.0731
1.336 9.79759
1.344 9.49645
1.352 9.17042
1.36 8.82038
1.368 8.44725
1.376 8.05202
1.384 7.63573
1.392 7.19948
1.4 6.74441
1.408 6.27171
1.416 5.78263
1.424 5.27846
1.432 4.7605
1.44 4.2301
1.448 3.68869
1.456 3.13763
1.464 2.57839
1.472 2.01242
1.48 1.44121
1.488 0.866223
1.496 0.288988
1.504 -0.289
1.512 -0.866234
1.52 -1.44121
1.528 -2.01242
1.536 -2.5784
1.544 -3.13764
1.552 -3.68869
1.56 -4.23012
1.568 -4.7605
1.576 -5.27846
1.584 -5.78264
1.592 -6.27172
1.6 -6.74441
1.608 -7.19948
1.616 -7.63574
1.624 -8.05202
1.632 -8.44726
1.64 -8.82038
1.648 -9.17042
1.656 -9.49645
1.664 -9.7976
1.672 -10.0731
1.68 -10.3221
1.688 -10.5441
1.696 -10.7383
1.704 -10.9044
1.712 -11.0417
1.72 -11.15
1.728 -11.229
1.736 -11.2783
1.744 -11.2978
1.752 -11.2875
1.76 -11.2473
1.768 -11.1774
1.776 -11.0778
1.784 -10.9488
1.792 -10.7906
1.8 -10.6037
1.808 -10.3884
1.816 -10.1454
1.824 -9.8751
1.832 -9.57828
1.84 -9.25562
1.848 -8.90793
1.856 -8.53606
1.864 -8.14091
1.872 -7.72347
1.88 -7.28479
1.888 -6.82593
1.896 -6.34806
1.904 -5.85236
1.912 -5.34006
1.92 -4.81246
1.928 -4.27086
1.936 -3.71663
1.944 -3.15114
1.952 -2.57584
1.96 -1.99216
1.968 -1.40156
1.976 -0.805549
1.984 -0.205607
1.992 0.396759
2 1
2.008 1.60262
2.016 2.20309
2.024 2.79986
2.032 3.39148
2.04 3.9764
2.048 4.55316
2.056 5.12028
2.064 5.67634
2.072 6.21992
2.08 6.74962
2.088 7.26413
2.096 7.76209
2.104 8.24227
2.112 8.7034
2.12 9.14434
2.128 9.56394
2.136 9.96112
2.144 10.3349
2.152 10.6842
2.16 11.0082
2.168 11.3061
2.176 11.5771
2.184 11.8204
2.192 12.0355
2.2 12.2217
2.208 12.3786
2.216 12.5057
2.224 12.6027
2.232 12.6693
2.24 12.7053
2.248 12.7106
2.256 12.6851
2.264 12.6289
2.272 12.5421
2.28 12.4249
2.288 12.2774
2.296 12.1002
2.304 11.8935
2.312 11.6578
2.32 11.3938
2.328 11.1019
2.336 10.783
2.344 10.4378
2.352 10.0672
2.36 9.67194
2.368 9.25306
2.376 8.81158
2.384 8.34855
2.392 7.86511
2.4 7.36243
2.408 6.84175
2.416 6.30432
2.424 5.75145
2.432 5.18452
2.44 4.60487
2.448 4.01396
2.456 3.4132
2.464 2.80411
2.472 2.18813
2.48 1.56678
2.488 0.941618
2.496 0.314124
2.504 -0.314129
2.512 -0.941623
2.52 -1.5668
2.528 -2.18815
2.536 -2.80411
2.544 -3.41322
2.552 -4.01396
2.56 -4.60489
2.568 -5.18453
2.576 -5.75146
2.584 -6.30433
2.592 -6.84175
2.6 -7.36243
2.608 -7.86511
2.616 -8.34856
2.624 -8.81159
2.632 -9.25307
2.64 -9.67195
2.648 -10.0672
2.656 -10.4379
2.664 -10.7831
2.672 -11.1019
2.68 -11.3938
2.688 -11.6578
2.696 -11.8935
2.704 -12.1002
2.712 -12.2774
2.72 -12.4249
2.728 -12.5421
2.736 -12.6289
2.744 -12.6851
2.752 -12.7106
2.76 -12.7053
2.768 -12.6693
2.776 -12.6027
2.784 -12.5057
2.792 -12.3786
2.8 -12.2217
2.808 -12.0355
2.816 -11.8204
2.824 -11.5771
2.832 -11.3061
2.84 -11.0082
2.848 -10.6842
2.856 -10.3349
2.864 -9.96112
2.872 -9.56393
2.88 -9.14433
2.888 -8.7034
2.896 -8.24227
2.904 -7.76209
2.912 -7.26411
2.92 -6.74961
2.928 -6.21991
2.936 -5.67632
2.944 -5.12028
2.952 -4.55316
2.96 -3.97639
2.968 -3.39146
2.976 -2.79985
2.984 -2.20307
2.992 -1.6026
3 -0.999999
3.008 -0.396742
3.016 0.205623
3.024 0.805554
3.032 1.40158
3.04 1.99217
3.048 2.57586
3.056 3.15115
3.064 3.71664
3.072 4.27088
3.08 4.81246
3.088 5.34008
3.096 5.85236
3.104 6.34807
3.112 6.82593
3.12 7.28479
3.128 7.72349
3.136 8.14091
3.144 8.53606
3.152 8.90793
3.16 9.25563
3.168 9.57829
3.176 9.87511
3.184 10.1454
3.192 10.3884
3.2 10.6037
3.208 10.7906
3.216 10.9488
3.224 11.0778
3.232 11.1774
3.24 11.2474
3.248 11.2875
3.256 11.2978
3.264 11.2783
3.272 11.2289
3.28 11.15
3.288 11.0417
3.296 10.9044
3.304 10.7383
3.312 10.5441
3.32 10.3221
3.328 10.073
3.336 9.79759
3.344 9.49644
3.352 9.17042
3.36 8.82039
3.368 8.44725
3.376 8.05202
3.384 7.63572
3.392 7.19947
3.4 6.7444
3.408 6.27171
3.416 5.78263
3.424 5.27844
3.432 4.7605
3.44 4.2301
3.448 3.68869
3.456 3.13762
3.464 2.5784
3.472 2.01242
3.48 1.44119
3.488 0.86623
3.496 0.288984
3.504 -0.288993
3.512 -0.866238
3.52 -1.44122
3.528 -2.01245
3.536 -2.5784
3.544 -3.13763
3.552 -3.68869
3.56 -4.23011
3.568 -4.7605
3.576 -5.27847
3.584 -5.78266
3.592 -6.27172
3.6 -6.7444
3.608 -7.19948
3.616 -7.63573
3.624 -8.05204
3.632 -8.44726
3.64 -8.82039
3.648 -9.17043
3.656 -9.49644
3.664 -9.79759
3.672 -10.0731
3.68 -10.3221
3.688 -10.5441
3.696 -10.7383
3.704 -10.9044
3.712 -11.0417
3.72 -11.15
3.728 -11.229
3.736 -11.2783
3.744 -11.2978
3.752 -11.2875
3.76 -11.2474
3.768 -11.1774
3.776 -11.0778
3.784 -10.9488
3.792 -10.7906
3.8 -10.6037
3.808 -10.3884
3.816 -10.1454
3.824 -9.8751
3.832 -9.57827
3.84 -9.25563
3.848 -8.90793
3.856 -8.53606
3.864 -8.1409
3.872 -7.72348
3.88 -7.28477
3.888 -6.82593
3.896 -6.34806
3.904 -5.85235
3.912 -5.34007
3.92 -4.81246
3.928 -4.27085
3.936 -3.71661
3.944 -3.15114
3.952 -2.57585
3.96 -1.99216
3.968 -1.40158
3.976 -0.805545
3.984 -0.205591
3.992 0.396774
4 1.00001
