0 -0.952413
0.0002 -0.25405
0.0004 0.678037
0.0006 0.984898
0.0008 0.388777
0.001 -0.561289
0.0012 -0.999835
0.0014 -0.532762
0.0016 0.413854
0.0018 0.987575
0.002 0.677614
0.0022 -0.235117
0.0024 -0.938052
0.0026 -0.8118
0.0028 0.0279451
0.003 0.841959
0.0032 0.920733
0.0034 0.200076
0.0036 -0.692442
0.0038 -0.987518
0.004 -0.435641
0.0042 0.487241
0.0044 0.994556
0.0046 0.659322
0.0048 -0.231055
0.005 -0.926141
0.0052 -0.846218
0.0054 -0.0622933
0.0056 0.772011
0.0058 0.968076
0.006 0.368556
0.0062 -0.531492
0.0064 -0.997205
0.0066 -0.653413
0.0068 0.217505
0.007 0.91213
0.0072 0.875317
0.0074 0.14071
0.0076 -0.704418
0.0078 -0.991371
0.008 -0.497575
0.0082 0.38538
0.0084 0.966167
0.0086 0.795269
0.0088 0.00933749
0.009 -0.78251
0.0092 -0.972785
0.0094 -0.419683
0.0096 0.451729
0.0098 0.979596
0.01 0.767845
0.0102 -0.0201644
0.0104 -0.791807
0.0106 -0.972623
0.0108 -0.432013
0.011 0.426665
0.0112 0.970264
0.0114 0.802668
0.0116 0.0502063
0.0118 -0.73747
0.012 -0.990754
0.0122 -0.530423
0.0124 0.309388
0.0126 0.926969
0.0128 0.884574
0.013 0.216028
0.0132 -0.603729
0.0134 -0.998282
0.0136 -0.694204
0.0138 0.0927673
0.014 0.814133
0.0142 0.97207
0.0144 0.461152
0.0146 -0.364839
0.0148 -0.940593
0.015 -0.876304
0.0152 -0.21908
0.0154 0.584762
0.0156 0.994746
0.0158 0.738923
0.016 -0.00862952
0.0162 -0.749275
0.0164 -0.99365
0.0166 -0.583634
0.0168 0.208381
0.017 0.86307
0.0172 0.955273
0.0174 0.428275
0.0176 -0.374387
0.0178 -0.935044
0.018 -0.895795
0.0182 -0.284869
0.0184 0.506262
0.0186 0.975491
0.0188 0.828355
0.019 0.160572
0.0192 -0.606812
0.0194 -0.99428
0.0196 -0.762789
0.0198 -0.0589336
0.02 0.680285
0.0202 0.999855
0.0204 0.705931
0.0206 -0.0188752
0.0208 -0.731156
0.021 -0.998805
0.0212 -0.662139
0.0214 0.0730624
0.0216 0.763365
0.0218 0.9958
0.022 0.633858
0.0222 -0.104484
0.0224 -0.779908
0.0226 -0.99371
0.0228 -0.622095
0.023 0.114179
0.0232 0.782685
0.0234 0.993799
0.0236 0.626767
0.0238 -0.103137
0.024 -0.772516
0.0242 -0.995931
0.0244 -0.646911
0.0246 0.0722408
0.0248 0.749264
0.025 0.998769
0.0252 0.680789
0.0254 -0.0223466
0.0256 -0.71205
0.0258 -0.999956
0.026 -0.725906
0.0262 -0.0455415
0.0264 0.659518
0.0266 0.99631
0.0268 0.778995
0.027 0.13004
0.0272 -0.590152
0.0274 -0.984045
0.0276 -0.836001
0.0278 -0.229134
0.028 0.502638
0.0282 0.959033
0.0284 0.892113
0.0286 0.339947
0.0288 -0.396237
0.029 -0.917138
0.0292 -0.941872
0.0294 -0.458568
0.0296 0.271157
0.0298 0.854604
0.03 0.979381
0.0302 0.579976
0.0304 -0.128887
0.0306 -0.768488
0.0308 -0.998638
0.031 -0.698102
0.0312 -0.0275596
0.0314 0.657102
0.0316 0.993964
0.0318 0.806047
0.032 0.193529
0.0322 -0.520422
0.0324 -0.960525
0.0326 -0.896461
0.0328 -0.362788
0.033 0.360392
0.0332 0.894869
0.0334 0.962068
0.0336 0.527773
0.0338 -0.181082
0.034 -0.795432
0.0342 -0.996292
0.0344 -0.680044
0.0346 -0.0113716
0.0348 0.662925
0.035 0.99392
0.0352 0.81091
0.0354 0.20904
0.0356 -0.500544
0.0358 -0.951714
0.036 -0.912163
0.0362 -0.402718
0.0364 0.313939
0.0366 0.86889
0.0368 0.976851
0.037 0.582625
0.0372 -0.110915
0.0374 -0.747376
0.0376 -0.999981
0.0378 -0.739222
0.038 -0.0991054
0.0382 0.591814
0.0384 0.979068
0.0386 0.864059
0.0388 0.305833
0.039 -0.409264
0.0392 -0.91444
0.0394 -0.950538
0.0396 -0.498973
0.0398 0.208658
0.04 0.809264
0.0402 0.994504
0.0404 0.669098
0.0406 -4.24336e-05
0.0408 -0.66927
0.041 -0.994574
0.0412 -0.808438
0.0414 -0.20628
0.0416 0.50222
0.0418 0.95219
0.042 0.911475
0.0422 0.400614
0.0424 -0.317186
0.0426 -0.871377
0.0428 -0.975292
0.043 -0.574639
0.0432 0.123737
0.0434 0.758254
0.0436 0.999641
0.0438 0.721989
0.044 0.0688738
0.0442 -0.620387
0.0444 -0.986752
0.0446 -0.838596
0.0448 -0.252419
0.045 0.466054
0.0452 0.940917
0.0454 0.922785
0.0456 0.420233
0.0458 -0.303523
0.046 -0.867939
0.0462 -0.975136
0.0464 -0.567543
0.0466 0.140433
0.0468 0.774507
0.047 0.998152
0.0472 0.691575
0.0474 0.0166835
0.0476 -0.667597
0.0478 -0.99582
0.048 -0.791467
0.0482 -0.162699
0.0484 0.55394
0.0486 0.973107
0.0488 0.868025
0.049 0.293998
0.0492 -0.439632
0.0494 -0.935471
0.0496 -0.923377
0.0498 -0.408431
0.05 0.329866
0.0502 0.888432
0.0504 0.960571
0.0506 0.505132
0.0508 -0.228832
0.051 -0.837232
0.0512 -0.983183
0.0514 -0.584252
0.0516 0.139719
0.0518 0.786596
0.052 0.994949
0.0522 0.646647
0.0524 -0.0648362
0.0526 -0.740595
0.0528 -0.999447
0.053 -0.693548
0.0532 0.00578117
0.0534 0.702586
0.0536 0.999848
0.0538 0.726251
0.054 0.0363497
0.0542 -0.675205
0.0544 -0.998708
0.0546 -0.745833
0.0548 -0.0607596
0.055 0.660392
0.0552 0.997812
0.0554 0.752916
0.0556 0.0667772
0.0558 -0.6594
0.056 -0.998033
0.0562 -0.747477
0.0564 -0.053741
0.0566 0.672777
0.0568 0.999205
0.057 0.728719
0.0572 0.0209651
0.0574 -0.70028
0.0576 -0.999995
0.0578 -0.695012
0.058 0.0321881
0.0582 0.740714
0.0584 0.997783
0.0586 0.643925
0.0588 -0.106102
0.059 -0.791688
0.0592 -0.988563
0.0594 -0.572401
0.0596 0.200546
0.0598 0.84929
0.06 0.966915
0.0602 0.477093
0.0604 -0.314146
0.0606 -0.90774
0.0608 -0.926124
0.061 -0.354947
0.0612 0.443695
0.0614 0.959078
0.0616 0.858537
0.0618 0.204062
0.062 -0.583356
0.0622 -0.993032
0.0624 -0.756291
0.0626 -0.0248555
0.0628 0.723866
0.063 0.997239
0.0632 0.612518
0.0634 -0.178521
0.0636 -0.851957
0.0638 -0.958057
0.064 -0.423124
0.0642 0.396665
0.0644 0.950293
0.0646 0.862198
0.0648 0.189089
0.065 -0.613639
0.0652 -0.998336
0.0654 -0.699365
0.0656 0.0809384
0.0658 0.806446
0.066 0.974577
0.0662 0.465869
0.0664 -0.368282
0.0666 -0.945948
0.0668 -0.860459
0.067 -0.168863
0.0672 0.642989
0.0674 0.999996
0.0676 0.645982
0.0678 -0.169689
0.068 -0.864887
0.0682 -0.939327
0.0684 -0.336378
0.0686 0.510807
0.0688 0.988183
0.069 0.746172
0.0692 -0.0416811
0.0694 -0.799992
0.0696 -0.970457
0.0698 -0.42442
0.07 0.436837
0.0702 0.974411
0.0704 0.785739
0.0706 0.00866827
0.0708 -0.775913
0.071 -0.976805
0.0712 -0.439414
0.0714 0.431999
0.0716 0.975717
0.0718 0.775022
0.072 -0.0197287
0.0722 -0.800313
0.0724 -0.964642
0.0726 -0.382762
0.0728 0.496984
0.073 0.990743
0.0732 0.710955
0.0734 -0.126516
0.0736 -0.86551
0.0738 -0.922503
0.074 -0.24935
0.0742 0.622624
0.0744 0.999636
0.0746 0.578202
0.0748 -0.307296
0.075 -0.946692
0.0752 -0.82304
0.0754 -0.0331143
0.0756 0.784618
0.0758 0.964287
0.076 0.35638
0.0762 -0.544276
0.0764 -0.998554
0.0766 -0.629991
0.0768 0.260036
0.077 0.935339
0.0772 0.833089
0.0774 0.0354075
0.0776 -0.792796
0.0778 -0.956242
0.078 -0.314571
0.0782 0.593496
0.0784 0.999768
0.0786 0.557048
0.0788 -0.360809
0.079 -0.971293
0.0792 -0.749964
0.0794 0.116207
0.0796 0.883107
0.0798 0.887405
0.08 0.12243
0.0802 -0.749753
0.0804 -0.969211
0.0806 -0.34162
0.0808 0.586059
0.081 0.999499
0.0812 0.532369
0.0814 -0.405728
0.0816 -0.985173
0.0818 -0.689772
0.082 0.220458
0.0822 0.934609
0.0824 0.81234
0.0826 -0.0395198
0.0828 -0.856581
0.083 -0.901195
0.0832 -0.130304
0.0834 0.759498
0.0836 0.959288
0.0838 0.284545
0.084 -0.65089
0.0842 -0.990686
0.0844 -0.420726
0.0846 0.537139
0.0848 0.999999
0.085 0.537975
0.0852 -0.423386
0.0854 -0.991932
0.0856 -0.636629
0.0858 0.313564
0.086 0.970975
0.0862 0.717867
0.0864 -0.210514
0.0866 -0.941203
0.0868 -0.7834
0.087 0.116143
0.0872 0.906171
0.0874 0.835211
0.0876 -0.0316071
0.0878 -0.868874
0.088 -0.875362
0.0882 -0.0425244
0.0884 0.831756
0.0886 0.905851
0.0888 0.106106
0.089 -0.796749
0.0892 -0.928511
0.0894 -0.159283
0.0896 0.765325
0.0898 0.944954
0.09 0.20238
0.0902 -0.738564
0.0904 -0.956535
0.0906 -0.235818
0.0908 0.717207
0.091 0.964341
0.0912 0.260045
0.0914 -0.701714
0.0916 -0.969194
0.0918 -0.275498
0.092 0.69231
0.0922 0.971662
0.0924 0.282575
0.0926 -0.689022
0.0928 -0.972076
0.093 -0.281619
0.0932 0.69171
0.0934 0.970554
0.0936 0.272921
0.0938 -0.70009
0.094 -0.967023
0.0942 -0.256725
0.0944 0.713744
0.0946 0.961247
0.0948 0.233244
0.095 -0.732136
0.0952 -0.952851
0.0954 -0.202676
0.0956 0.754617
0.0958 0.941354
0.096 0.165229
0.0962 -0.780432
0.0964 -0.926192
0.0966 -0.121144
0.0968 0.808724
0.097 0.906755
0.0972 0.0707198
0.0974 -0.838545
0.0976 -0.882414
0.0978 -0.0143336
0.098 0.868865
0.0982 0.852556
0.0984 -0.0475365
0.0986 -0.898584
0.0988 -0.816618
0.099 0.114297
0.0992 0.926556
0.0994 0.774119
0.0996 -0.185227
0.0998 -0.951605
0.1 -0.724688
0.1002 0.259474
0.1004 0.972559
0.1006 0.6681
0.1008 -0.336057
0.101 -0.988276
0.1012 -0.604292
0.1014 0.413875
0.1016 0.99768
0.1018 0.53339
0.102 -0.491725
0.1022 -0.999794
0.1024 -0.455717
0.1026 0.568326
0.1028 0.993777
0.103 0.371798
0.1032 -0.642349
0.1034 -0.978953
0.1036 -0.282361
0.1038 0.712457
0.104 0.954843
0.1042 0.188319
0.1044 -0.777339
0.1046 -0.921183
0.1048 -0.0907547
0.105 0.835756
0.1052 0.877945
0.1054 -0.00911325
0.1056 -0.88658
0.1058 -0.825339
0.106 0.109963
0.1062 0.928834
0.1064 0.763813
0.1066 -0.21041
0.1068 -0.961726
0.107 -0.694043
0.1072 0.309056
0.1074 0.984674
0.1076 0.616907
0.1078 -0.40453
0.108 -0.99733
0.1082 -0.533463
0.1084 0.495536
0.1086 0.999587
0.1088 0.444909
0.109 -0.580896
0.1092 -0.991584
0.1094 -0.352541
0.1096 0.659585
0.1098 0.973693
0.11 0.257715
0.1102 -0.730762
0.1104 -0.946509
0.1106 -0.161797
0.1108 0.793791
0.111 0.910818
0.1112 0.0661212
0.1114 -0.848257
0.1116 -0.867572
0.1118 0.028047
0.112 0.893971
0.1122 0.817851
0.1124 -0.11955
0.1126 -0.930961
0.1128 -0.762828
0.113 0.207364
0.1132 0.959465
0.1134 0.703727
0.1136 -0.290622
0.1138 -0.97991
0.114 -0.64179
0.1142 0.368623
0.1144 0.99289
0.1146 0.578243
0.1148 -0.440845
0.115 -0.999136
0.1152 -0.514263
0.1154 0.506933
0.1156 0.999484
0.1158 0.45096
0.116 -0.566701
0.1162 -0.994849
0.1164 -0.389353
0.1166 0.620109
0.1168 0.986193
0.117 0.330361
0.1172 -0.667248
0.1174 -0.974492
0.1176 -0.274798
0.1178 0.708317
0.118 0.960718
0.1182 0.223369
0.1184 -0.743596
0.1186 -0.945807
0.1188 -0.176677
0.119 0.773422
0.1192 0.930649
0.1194 0.13523
0.1196 -0.798158
0.1198 -0.916064
0.12 -0.0994556
0.1202 0.818173
0.1204 0.902791
0.1206 0.0697083
0.1208 -0.83381
0.121 -0.891479
0.1212 -0.0462886
0.1214 0.845368
0.1216 0.882675
0.1218 0.029455
0.122 -0.853073
0.1222 -0.876818
0.1224 -0.0194363
0.1226 0.857067
0.1228 0.874229
0.123 0.0164419
0.1232 -0.85738
0.1234 -0.875101
0.1236 -0.0206676
0.1238 0.853925
0.124 0.87949
0.1242 0.0322977
0.1244 -0.84648
0.1246 -0.887302
0.1248 -0.0515008
0.125 0.83468
0.1252 0.898277
0.1254 0.0784193
0.1256 -0.818016
0.1258 -0.911974
0.126 -0.113151
0.1262 0.795836
0.1264 0.927746
0.1266 0.155721
0.1268 -0.767352
0.127 -0.944724
0.1272 -0.206048
0.1274 0.73166
0.1276 0.961794
0.1278 0.263899
0.128 -0.687772
0.1282 -0.97758
0.1284 -0.328831
0.1286 0.634654
0.1288 0.990434
0.129 0.400133
0.1292 -0.571288
0.1294 -0.99843
0.1296 -0.476756
0.1298 0.496753
0.13 0.999384
0.1302 0.557241
0.1304 -0.410315
0.1306 -0.990884
0.1308 -0.639656
0.131 0.311553
0.1312 0.970357
0.1314 0.721533
0.1316 -0.200489
0.1318 -0.935163
0.132 -0.799835
0.1322 0.0777422
0.1324 0.882733
0.1326 0.870951
0.1328 0.0553124
0.133 -0.810751
0.1332 -0.930731
0.1334 -0.196392
0.1336 0.717376
0.1338 0.97459
0.134 0.342175
0.1342 -0.601515
0.1344 -0.997675
0.1346 -0.488204
0.1348 0.463115
0.135 0.995125
0.1352 0.628872
0.1354 -0.30348
0.1356 -0.962414
0.1358 -0.757487
0.136 0.125561
0.1362 0.895792
0.1364 0.866474
0.1366 0.0657942
0.1368 -0.792795
0.137 -0.947721
0.1372 -0.263698
0.1374 0.652804
0.1376 0.993094
0.1378 0.459228
0.138 -0.477606
0.1382 -0.995119
0.1384 -0.641637
0.1386 0.271887
0.1388 0.947817
0.139 0.79882
0.1392 -0.043582
0.1394 -0.847633
0.1396 -0.91807
0.1398 -0.196018
0.14 0.694399
0.1402 0.987122
0.1404 0.432502
0.1406 -0.492189
0.1408 -0.99546
0.141 -0.648983
0.1412 0.249955
0.1414 0.935801
0.1416 0.827234
0.1418 0.0182459
0.142 -0.805602
0.1422 -0.949281
0.1424 -0.293563
0.1426 0.608418
0.1428 0.999411
0.143 0.553356
0.1432 -0.354839
0.1434 -0.966421
0.1436 -0.772933
0.1438 0.0627853
0.144 0.845853
0.1442 0.928009
0.1444 0.243106
0.1446 -0.641898
0.1448 -0.997703
0.145 -0.533146
0.1452 0.368565
0.1454 0.967799
0.1456 0.775363
0.1458 -0.0497574
0.146 -0.833798
0.1462 -0.939221
0.1464 -0.282069
0.1466 0.603256
0.1468 0.999955
0.147 0.588798
0.1472 -0.296819
0.1474 -0.942968
0.1476 -0.831014
0.1478 -0.0525185
0.148 0.767549
0.1482 0.973453
0.1484 0.402242
0.1486 -0.489152
0.1488 -0.990847
0.149 -0.70522
0.1492 0.139482
0.1494 0.873244
0.1496 0.916272
0.1498 0.236098
0.15 -0.629731
0.1502 -0.999574
0.1504 -0.583925
0.1506 0.28953
0.1508 0.935717
0.151 0.849738
0.1512 0.100227
0.1514 -0.727026
0.1516 -0.987724
0.1518 -0.480289
0.152 0.399787
0.1522 0.969423
0.1524 0.788165
0.1526 -0.00241098
0.1528 -0.790718
0.153 -0.968887
0.1532 -0.400833
0.1534 0.475213
0.1536 0.985823
0.1538 0.739955
0.154 -0.0727002
0.1542 -0.829341
0.1544 -0.951814
0.1546 -0.347699
0.1548 0.521226
0.155 0.992847
0.1552 0.709086
0.1554 -0.113275
0.1556 -0.84932
0.1558 -0.94123
0.156 -0.320385
0.1562 0.542547
0.1564 0.995179
0.1566 0.696446
0.1568 -0.127329
0.157 -0.854873
0.1572 -0.938799
0.1574 -0.31687
0.1576 0.542845
0.1578 0.994887
0.158 0.70085
0.1582 -0.118088
0.1584 -0.848373
0.1586 -0.944001
0.1588 -0.33425
0.159 0.524859
0.1592 0.992165
0.1594 0.719747
0.1596 -0.0887106
0.1598 -0.830914
0.16 -0.954881
0.1602 -0.36906
0.1604 0.490749
0.1606 0.986054
0.1608 0.749731
0.161 -0.0423924
0.1612 -0.802928
0.1614 -0.968685
0.1616 -0.417429
0.1618 0.442521
0.162 0.975105
0.1622 0.78694
0.1624 0.0174845
0.1626 -0.764754
0.1628 -0.982415
0.163 -0.47522
0.1632 0.382389
0.1634 0.957962
0.1636 0.827423
0.1638 0.0872549
0.164 -0.717104
0.1642 -0.993311
0.1644 -0.538201
0.1646 0.313018
0.1648 0.933821
0.165 0.867495
0.1652 0.162986
0.1654 -0.661377
0.1656 -0.999271
0.1658 -0.602268
0.166 0.237618
0.1662 0.902761
0.1664 0.904079
0.1666 0.240607
0.1668 -0.599799
0.167 -0.999148
0.1672 -0.66372
0.1674 0.159872
0.1676 0.865905
0.1678 0.934971
0.168 0.316124
0.1682 -0.535398
0.1684 -0.992916
0.1686 -0.719497
0.1688 0.08376
0.169 0.825406
0.1692 0.959006
0.1694 0.385849
0.1696 -0.471838
0.1698 -0.981672
0.17 -0.767354
0.1702 0.0133286
0.1704 0.784295
0.1706 0.976072
0.1708 0.446583
0.171 -0.413176
0.1712 -0.967477
0.1714 -0.805885
0.1716 -0.0475269
0.1718 0.746207
0.172 0.986952
0.1722 0.495687
0.1724 -0.363596
0.1726 -0.953059
0.1728 -0.834397
0.173 -0.0951949
0.1732 0.71505
0.1734 0.993013
0.1736 0.531004
0.1738 -0.327176
0.174 -0.941409
0.1742 -0.852607
0.1744 -0.126367
0.1746 0.694657
0.1748 0.995752
0.175 0.550622
0.1752 -0.307726
0.1754 -0.935316
0.1756 -0.860191
0.1758 -0.137949
0.176 0.688436
0.1762 0.996241
0.1764 0.552522
0.1766 -0.308661
0.1768 -0.936832
0.177 -0.856241
0.1772 -0.126902
0.1774 0.698992
0.1776 0.994497
0.1778 0.534169
0.178 -0.332866
0.1782 -0.94668
0.1784 -0.838664
0.1786 -0.0901264
0.1788 0.727667
0.179 0.98879
0.1792 0.492152
0.1794 -0.382418
0.1796 -0.963559
0.1798 -0.803632
0.18 -0.0245191
0.1802 0.773897
0.1804 0.974946
0.1806 0.422022
0.1808 -0.458042
0.181 -0.983327
0.1812 -0.745205
0.1814 0.0725997
0.1816 0.834301
0.1818 0.945727
0.182 0.318564
0.1822 -0.558115
0.1824 -0.998101
0.1826 -0.655354
0.1828 0.202456
0.183 0.901457
0.1832 0.890508
0.1834 0.176762
0.1836 -0.677112
0.1838 -0.995459
0.184 -0.524727
0.1842 0.362976
0.1844 0.962508
0.1846 0.795637
0.1848 -0.00617558
0.185 -0.803538
0.1852 -0.958167
0.1854 -0.344644
0.1856 0.546041
0.1858 0.998026
0.186 0.646121
0.1862 -0.22749
0.1864 -0.917733
0.1866 -0.865213
0.1868 -0.110808
0.187 0.734114
0.1872 0.982037
0.1874 0.42941
0.1876 -0.474297
0.1878 -0.990528
0.188 -0.695259
0.1882 0.171028
0.1884 0.897213
0.1886 0.884647
0.1888 0.141916
0.189 -0.718641
0.1892 -0.984517
0.1894 -0.433644
0.1896 0.47806
0.1898 0.992266
0.19 0.679023
0.1902 -0.201917
0.1904 -0.914386
0.1906 -0.86037
0.1908 -0.0833555
0.191 0.764348
0.1912 0.968001
0.1914 0.353931
0.1916 -0.560132
0.1918 -0.99982
0.192 -0.590408
0.1922 0.32178
0.1924 0.960206
0.1926 0.778808
0.1928 -0.0692333
0.193 -0.858483
0.1932 -0.910837
0.1934 -0.179383
0.1936 0.70722
0.1938 0.983547
0.194 0.408933
0.1942 -0.520597
0.1944 -0.998573
0.1946 -0.607926
0.1948 0.312969
0.195 0.961128
0.1952 0.768704
0.1954 -0.0977335
0.1956 -0.87891
0.1958 -0.887254
0.196 -0.113466
0.1962 0.761041
0.1964 0.962769
0.1966 0.311216
0.1968 -0.61714
0.197 -0.997047
0.1972 -0.488517
0.1974 0.456568
0.1976 0.993828
0.1978 0.640743
0.198 -0.287871
0.1982 -0.958145
0.1984 -0.765433
0.1986 0.118415
0.1988 0.895734
0.199 0.861975
0.1992 0.0458002
0.1994 -0.812539
0.1996 -0.931245
0.1998 -0.200197
0.2 0.71433
0.2002 0.975224
0.2004 0.341558
0.2006 -0.606419
0.2008 -0.996653
0.201 -0.467898
0.2012 0.493486
0.2014 0.998713
0.2016 0.578286
0.2018 -0.379484
0.202 -0.984771
0.2022 -0.672649
0.2024 0.267615
0.2026 0.958176
0.2028 0.751582
0.203 -0.160359
0.2032 -0.922109
0.2034 -0.816157
0.2036 0.0595296
0.2038 0.879484
0.204 0.867764
0.2042 0.0336359
0.2044 -0.83289
0.2046 -0.907975
0.2048 -0.118388
0.205 0.784562
0.2052 0.938429
0.2054 0.194371
0.2056 -0.736382
0.2058 -0.960747
0.206 -0.261528
0.2062 0.689895
0.2064 0.976469
0.2066 0.320025
0.2068 -0.646339
0.207 -0.987009
0.2072 -0.370178
0.2074 0.606675
0.2076 0.993624
0.2078 0.412389
0.208 -0.571628
0.2082 -0.997404
0.2084 -0.447103
0.2086 0.54172
0.2088 0.999259
0.209 0.474766
0.2092 -0.517303
0.2094 -0.999927
0.2096 -0.495802
0.2098 0.49859
0.21 0.999973
0.2102 0.510588
0.2104 -0.485679
0.2106 -0.999802
0.2108 -0.519445
0.211 0.478572
0.2112 0.999667
0.2114 0.522631
0.2116 -0.477189
0.2118 -0.999681
0.212 -0.520343
0.2122 0.481383
0.2124 0.999831
0.2126 0.512717
0.2128 -0.490941
0.213 -0.999985
0.2132 -0.499839
0.2134 0.505591
0.2136 0.99991
0.2138 0.481753
0.214 -0.525005
0.2142 -0.999281
0.2144 -0.458475
0.2146 0.548796
0.2148 0.997694
0.215 0.430005
0.2152 -0.576514
0.2154 -0.994682
0.2156 -0.396346
0.2158 0.607652
0.216 0.989724
0.2162 0.357514
0.2164 -0.641638
0.2166 -0.98227
0.2168 -0.313563
0.217 0.67784
0.2172 0.971745
0.2174 0.26459
0.2176 -0.715566
0.2178 -0.95758
0.218 -0.210757
0.2182 0.754066
0.2184 0.939217
0.2186 0.1523
0.2188 -0.792546
0.219 -0.91614
0.2192 -0.0895414
0.2194 0.830169
0.2196 0.887884
0.2198 0.0228943
0.22 -0.866076
0.2202 -0.854062
0.2204 0.0471315
0.2206 0.899393
0.2208 0.814377
0.221 -0.11993
0.2212 -0.929259
0.2214 -0.768639
0.2216 0.194805
0.2218 0.954835
0.222 0.716778
0.2222 -0.270974
0.2224 -0.975334
0.2226 -0.658857
0.2228 0.347587
0.223 0.990036
0.2232 0.595073
0.2234 -0.423738
0.2236 -0.998312
0.2238 -0.525763
0.224 0.498489
0.2242 0.999644
0.2244 0.451399
0.2246 -0.570888
0.2248 -0.99364
0.225 -0.372578
0.2252 0.639999
0.2254 0.98005
0.2256 0.290014
0.2258 -0.704921
0.226 -0.958774
0.2262 -0.20452
0.2264 0.76482
0.2266 0.929869
0.2268 0.116982
0.227 -0.818948
0.2272 -0.893546
0.2274 -0.0283428
0.2276 0.866665
0.2278 0.85017
0.228 -0.0604295
0.2282 -0.907461
0.2284 -0.800247
0.2286 0.148367
0.2288 0.940965
0.229 0.74441
0.2292 -0.234527
0.2294 -0.966958
0.2296 -0.683399
0.2298 0.318021
0.23 0.985375
0.2302 0.618045
0.2304 -0.398036
0.2306 -0.996308
0.2308 -0.549239
0.231 0.473855
0.2312 0.999998
0.2314 0.477912
0.2316 -0.544875
0.2318 -0.996822
0.232 -0.405009
0.2322 0.610616
0.2324 0.987288
0.2326 0.331466
0.2328 -0.670731
0.233 -0.972007
0.2332 -0.258182
0.2334 0.725009
0.2336 0.951681
0.2338 0.186011
0.234 -0.773368
0.2342 -0.927082
0.2344 -0.115735
0.2346 0.815856
0.2348 0.899028
0.235 0.0480594
0.2352 -0.852634
0.2354 -0.868363
0.2356 0.0163992
0.2358 0.883968
0.236 0.835941
0.2362 -0.0771141
0.2364 -0.91021
0.2366 -0.802605
0.2368 0.133649
0.237 0.93178
0.2372 0.769172
0.2374 -0.185655
0.2376 -0.949152
0.2378 -0.736423
0.238 0.232861
0.2382 0.96283
0.2384 0.705094
0.2386 -0.275067
0.2388 -0.973332
0.239 -0.675862
0.2392 0.312131
0.2394 0.981172
0.2396 0.649347
0.2398 -0.343951
0.24 -0.986839
0.2402 -0.626109
0.2404 0.370459
0.2406 0.990786
0.2408 0.606639
0.241 -0.391597
0.2412 -0.993409
0.2414 -0.591368
0.2416 0.407311
0.2418 0.995036
0.242 0.580662
0.2422 -0.41753
0.2424 -0.995909
0.2426 -0.574818
0.2428 0.422157
0.243 0.996177
0.2432 0.57407
0.2434 -0.421061
0.2436 -0.995879
0.2438 -0.578576
0.244 0.414068
0.2442 0.994932
0.2444 0.588419
0.2446 -0.400953
0.2448 -0.993124
0.245 -0.603594
0.2452 0.381448
0.2454 0.990097
0.2456 0.623992
0.2458 -0.355242
0.246 -0.985346
0.2462 -0.649388
0.2464 0.321994
0.2466 0.978206
0.2468 0.679417
0.247 -0.281348
0.2472 -0.96785
0.2474 -0.713545
0.2476 0.232966
0.2478 0.953293
0.248 0.75105
0.2482 -0.176554
0.2484 -0.933396
0.2486 -0.79098
0.2488 0.111913
0.249 0.906887
0.2492 0.832131
0.2494 -0.0389909
0.2496 -0.872385
0.2498 -0.873017
0.25 -0.0420535
0.2502 0.828449
0.2504 0.911846
0.2506 0.130777
0.2508 -0.77363
0.251 -0.94651
0.2512 -0.226373
0.2514 0.706562
0.2516 0.974593
0.2518 0.327587
0.252 -0.626054
0.2522 -0.993395
0.2524 -0.432637
0.2526 0.531222
0.2528 0.999991
0.253 0.539146
0.2532 -0.421631
0.2534 -0.991324
0.2536 -0.644084
0.2538 0.297459
0.254 0.964342
0.2542 0.743758
0.2544 -0.15967
0.2546 -0.91618
0.2548 -0.83383
0.255 0.0101848
0.2552 0.844393
0.2554 0.90941
0.2556 0.147967
0.2558 -0.747232
0.256 -0.965212
0.2562 -0.310534
0.2564 0.623955
0.2566 0.995808
0.2568 0.471996
0.257 -0.475157
0.2572 -0.995961
0.2574 -0.625607
0.2576 0.303093
0.2578 0.961065
0.258 0.763563
0.2582 -0.111951
0.2584 -0.88766
0.2586 -0.87732
0.2588 -0.0919577
0.259 0.773997
0.2592 0.95807
0.2594 0.300156
0.2596 -0.620624
0.2598 -0.997395
0.26 -0.502146
0.2602 0.430915
0.2604 0.988068
0.2606 0.685805
0.2608 -0.211478
0.261 -0.92497
0.2612 -0.838044
0.2614 -0.0276584
0.2616 0.80605
0.2618 0.945768
0.262 0.273153
0.2622 -0.633218
0.2624 -0.997085
0.2626 -0.508857
0.2628 0.413058
0.263 0.982712
0.2632 0.716753
0.2634 -0.1572
0.2636 -0.897452
0.2638 -0.878354
0.264 -0.117787
0.2642 0.741575
0.2644 0.976499
0.2646 0.3911
0.2648 -0.521884
0.265 -0.99743
0.2652 -0.639097
0.2654 0.252256
0.2656 0.932944
0.2658 0.837355
0.266 0.0465803
0.2662 -0.782336
0.2664 -0.96329
0.2666 -0.348178
0.2668 0.553814
0.267 0.999114
0.2672 0.622497
0.2674 -0.265039
0.2676 -0.934778
0.2678 -0.838949
0.268 -0.0574793
0.2682 0.770459
0.2684 0.970119
0.2686 0.380338
0.2688 -0.51812
0.269 -0.995764
0.2692 -0.666519
0.2694 0.201691
0.2696 0.906525
0.2698 0.879796
0.27 0.144447
0.2702 -0.706703
0.2704 -0.989776
0.2706 -0.478781
0.2708 0.415478
0.271 0.976921
0.2712 0.757613
0.2714 -0.0660602
0.2716 -0.836696
0.2718 -0.941108
0.272 -0.297467
0.2722 0.582007
0.2724 0.999636
0.2726 0.625484
0.2728 -0.243214
0.273 -0.919388
0.2732 -0.869802
0.2734 -0.134688
0.2736 0.706151
0.2738 0.991321
0.274 0.497655
0.2742 -0.386315
0.2744 -0.967117
0.2746 -0.7904
0.2748 0.00452883
0.275 0.795618
0.2752 0.96529
0.2754 0.382047
0.2756 -0.498674
0.2758 -0.990887
0.276 -0.712266
0.2762 0.119737
0.2764 0.858505
0.2766 0.931071
0.2768 0.281956
0.277 -0.585324
0.2772 -0.999395
0.2774 -0.64056
0.2776 0.213121
0.2778 0.902014
0.278 0.894752
0.2782 0.197593
0.2784 -0.651647
0.2786 -0.998881
0.2788 -0.577319
0.279 0.288177
0.2792 0.931971
0.2794 0.859635
0.2796 0.127236
0.2798 -0.702675
0.28 -0.993411
0.2802 -0.522396
0.2804 0.348919
0.2806 0.952791
0.2808 0.826915
0.281 0.0680224
0.2812 -0.74283
0.2814 -0.985295
0.2816 -0.474165
0.2818 0.399467
0.282 0.967657
0.2822 0.796258
0.2824 0.0164378
0.2826 -0.775893
0.2828 -0.975495
0.283 -0.430018
0.2832 0.443854
0.2834 0.97875
0.2836 0.766233
0.2838 -0.0313925
0.284 -0.805051
0.2842 -0.963944
0.2844 -0.386682
0.2846 0.485933
0.2848 0.98741
0.285 0.734586
0.2852 -0.0795302
0.2854 -0.832929
0.2856 -0.94972
0.2858 -0.340405
0.286 0.529302
0.2862 0.994201
0.2864 0.698369
0.2866 -0.132097
0.2868 -0.861526
0.287 -0.931074
0.2872 -0.287061
0.2874 0.577165
0.2876 0.998805
0.2878 0.653956
0.288 -0.19313
0.2882 -0.892013
0.2884 -0.905307
0.2886 -0.222219
0.2888 0.63208
0.289 0.999756
0.2892 0.596972
0.2894 -0.266361
0.2896 -0.924346
0.2898 -0.868514
0.29 -0.141254
0.2902 0.69552
0.2904 0.993996
0.2906 0.522216
0.2908 -0.354809
0.291 -0.956664
0.2912 -0.815268
0.2914 -0.039622
0.2916 0.767172
0.2918 0.976292
0.292 0.423706
0.2922 -0.460073
0.2924 -0.984453
0.2926 -0.738366
0.2928 0.0865337
0.293 0.8439
0.2932 0.938622
0.2934 0.29508
0.2936 -0.581165
0.2938 -0.999541
0.294 -0.628885
0.2942 0.239183
0.2944 0.91833
0.2946 0.869776
0.2948 0.130673
0.295 -0.712718
0.2952 -0.989111
0.2954 -0.47698
0.2956 0.416334
0.2958 0.977189
0.296 0.755644
0.2962 -0.0722486
0.2964 -0.842582
0.2966 -0.935253
0.2968 -0.274038
0.297 0.608867
0.2972 0.999857
0.2974 0.581003
0.2976 -0.309669
0.2978 -0.949153
0.298 -0.816007
0.2982 -0.0169693
0.2984 0.796479
0.2986 0.958241
0.2988 0.333946
0.299 -0.565279
0.2992 -0.999614
0.2994 -0.609463
0.2996 0.284822
0.2998 0.943828
0.3 0.819959
0.3002 0.014086
0.3004 -0.804127
0.3006 -0.95149
0.3008 -0.302807
0.301 0.600274
0.3012 0.999672
0.3014 0.557624
0.3016 -0.355313
0.3018 -0.9685
0.302 -0.76138
0.3022 0.0925872
0.3024 0.868431
0.3026 0.904024
0.3028 0.166664
0.303 -0.714132
0.3032 -0.982266
0.3034 -0.404982
0.3036 0.522247
0.3038 0.998562
0.304 0.609584
0.3042 -0.30945
0.3044 -0.959725
0.3046 -0.772583
0.3048 0.0909236
0.305 0.87541
0.3052 0.890652
0.3054 0.120647
0.3056 -0.756673
0.3058 -0.964332
0.306 -0.315608
0.3062 0.61474
0.3064 0.997131
0.3066 0.487446
0.3068 -0.460072
0.307 -0.994586
0.3072 -0.632587
0.3074 0.301739
0.3076 0.963378
0.3078 0.749984
0.308 -0.147077
0.3082 -0.910584
0.3084 -0.840592
0.3086 0.00159512
0.3088 0.8431
0.309 0.90682
0.3092 0.130938
0.3094 -0.767242
0.3096 -0.952008
0.3098 -0.248279
0.31 0.688506
0.3102 0.979973
0.3104 0.349434
0.3106 -0.611469
0.3108 -0.994645
0.311 -0.434342
0.3112 0.539793
0.3114 0.999791
0.3116 0.503582
0.3118 -0.476294
0.312 -0.998819
0.3122 -0.558093
0.3124 0.423063
0.3126 0.994651
0.3128 0.598939
0.313 -0.381595
0.3132 -0.989654
0.3134 -0.62712
0.3136 0.352916
0.3138 0.985593
0.314 0.643422
0.3142 -0.337691
0.3144 -0.983615
0.3146 -0.648312
0.3148 0.336303
0.315 0.984235
0.3152 0.641871
0.3154 -0.348893
0.3156 -0.98732
0.3158 -0.623766
0.316 0.375358
0.3162 0.992072
0.3164 0.593261
0.3166 -0.415302
0.3168 -0.997002
0.317 -0.549272
0.3172 0.467941
0.3174 0.999906
0.3176 0.490471
0.3178 -0.531969
0.318 -0.997863
0.3182 -0.41545
0.3184 0.60538
0.3186 0.987253
0.3188 0.322952
0.319 -0.685273
0.3192 -0.963844
0.3194 -0.212178
0.3196 0.767662
0.3198 0.922958
0.32 0.0831632
0.3202 -0.847312
0.3204 -0.85976
0.3206 0.0627774
0.3208 0.917666
0.321 0.769687
0.3212 -0.222575
0.3214 -0.970907
0.3216 -0.649051
0.3218 0.390947
0.322 0.998236
0.3222 0.495793
0.3224 -0.560044
0.3226 -0.990416
0.3228 -0.310382
0.323 0.719288
0.3232 0.938658
0.3234 0.0967408
0.3236 -0.855573
0.3238 -0.835842
0.324 0.136898
0.3242 0.953921
0.3244 0.678058
0.3246 -0.37744
0.3248 -0.998755
0.325 -0.466319
0.3252 0.606904
0.3254 0.97582
0.3256 0.208211
0.3258 -0.803203
0.326 -0.874713
0.3262 0.0808623
0.3264 0.941965
0.3266 0.691801
0.3268 -0.377302
0.327 -0.999508
0.3272 -0.433113
0.3274 0.65028
0.3276 0.956882
0.3278 0.11657
0.328 -0.864454
0.3282 -0.804584
0.3284 0.227232
0.3286 0.984604
0.3288 0.547186
0.329 -0.556479
0.3292 -0.981982
0.3294 -0.206772
0.3296 0.822477
0.3298 0.841578
0.33 -0.176133
0.3302 -0.977002
0.3304 -0.568937
0.3306 0.54538
0.3308 0.982063
0.331 0.194632
0.3312 -0.836529
0.3314 -0.820513
0.3316 0.225661
0.3318 0.988517
0.332 0.505063
0.3322 -0.617151
0.3324 -0.958122
0.3326 -0.082644
0.3328 0.898531
0.333 0.734223
0.3332 -0.368729
0.3334 -0.999945
0.3336 -0.34773
0.3338 0.752253
0.334 0.882911
0.3342 -0.127184
0.3344 -0.973149
0.3346 -0.556862
0.3348 0.583706
0.335 0.964354
0.3352 0.086154
0.3354 -0.905212
0.3356 -0.710476
0.3358 0.417556
0.336 0.996618
0.3362 0.261766
0.3364 -0.819299
0.3366 -0.816323
0.3368 0.269346
0.337 0.997619
0.3372 0.398095
0.3374 -0.732678
0.3376 -0.884936
0.3378 0.147381
0.338 0.982506
0.3382 0.498009
0.3384 -0.656956
0.3386 -0.926687
0.3388 0.0550239
0.339 0.962704
0.3392 0.566114
0.3394 -0.599118
0.3396 -0.950184
0.3398 -0.00727992
0.34 0.945923
0.3402 0.607021
0.3404 -0.562736
0.3406 -0.961601
0.3408 -0.0405252
0.341 0.936603
0.3412 0.624395
0.3414 -0.548987
0.3416 -0.964586
0.3418 -0.0462283
0.342 0.936467
0.3422 0.620584
0.3424 -0.557368
0.3426 -0.960469
0.3428 -0.0259944
0.343 0.945021
0.3432 0.596648
0.3434 -0.586105
0.3436 -0.948624
0.3438 0.0185517
0.344 0.959962
0.3442 0.552635
0.3444 -0.63233
0.3446 -0.92691
0.3448 0.0855891
0.345 0.977511
0.3452 0.488035
0.3454 -0.69211
0.3456 -0.892181
0.3458 0.172788
0.346 0.992741
0.3462 0.402318
0.3464 -0.760445
0.3466 -0.840839
0.3468 0.276962
0.347 0.99995
0.3472 0.295515
0.3474 -0.831321
0.3476 -0.769462
0.3478 0.393781
0.348 0.993129
0.3482 0.16875
0.3484 -0.897893
0.3486 -0.675433
0.3488 0.517629
0.349 0.966533
0.3492 0.0246759
0.3494 -0.952851
0.3496 -0.557555
0.3498 0.641682
0.35 0.91533
0.3502 -0.132298
0.3504 -0.988968
0.3506 -0.416543
0.3508 0.758223
0.351 0.836255
0.3512 -0.296025
0.3514 -0.999779
0.3516 -0.255316
0.3518 0.859216
0.352 0.728177
0.3522 -0.458949
0.3524 -0.980316
0.3526 -0.0790091
0.3528 0.937053
0.353 0.592459
0.3532 -0.612699
0.3534 -0.927762
0.3536 0.105339
0.3538 0.985378
0.354 0.433029
0.3542 -0.748911
0.3544 -0.841914
0.3546 0.289406
0.3548 0.999851
0.355 0.256107
0.3552 -0.860139
0.3554 -0.72533
0.3556 0.464445
0.3558 0.978713
0.356 0.0695979
0.3562 -0.940711
0.3564 -0.583134
0.3566 0.622247
0.3568 0.92304
0.357 -0.117755
0.3572 -0.987389
0.3574 -0.422461
0.3576 0.75606
0.3578 0.836625
0.358 -0.297349
0.3582 -0.999715
0.3584 -0.251659
0.3586 0.861313
0.3588 0.725521
0.359 -0.461651
0.3592 -0.97999
0.3594 -0.079348
0.3596 0.936036
0.3598 0.597316
0.36 -0.604952
0.3602 -0.93292
0.3604 0.0864737
0.3606 0.980924
0.3608 0.460285
0.361 -0.72382
0.3612 -0.864988
0.3614 0.239166
0.3616 0.999068
0.3618 0.322551
0.362 -0.817221
0.3622 -0.783703
0.3624 0.373904
0.3626 0.995431
0.3628 0.191407
0.363 -0.886319
0.3632 -0.696848
0.3634 0.487821
0.3636 0.976184
0.3638 0.0728747
0.364 -0.934019
0.3642 -0.611846
0.3644 0.579847
0.3646 0.948002
0.3648 -0.0284545
0.365 -0.964357
0.3652 -0.535311
0.3654 0.65031
0.3656 0.917438
0.3658 -0.109317
0.366 -0.98181
0.3662 -0.472829
0.3664 0.700359
0.3666 0.890407
0.3668 -0.167467
0.367 -0.990628
0.3672 -0.428902
0.3674 0.731316
0.3676 0.871787
0.3678 -0.201247
0.368 -0.994201
0.3682 -0.407029
0.3684 0.744018
0.3686 0.865107
0.3688 -0.20913
0.369 -0.994473
0.3692 -0.409779
0.3694 0.738204
0.3696 0.872232
0.3698 -0.189352
0.37 -0.991399
0.3702 -0.438759
0.3704 0.712023
0.3706 0.892958
0.3708 -0.139746
0.371 -0.982419
0.3712 -0.49434
0.3714 0.661733
0.3716 0.924447
0.3718 -0.0579322
0.372 -0.96198
0.3722 -0.574992
0.3724 0.581739
0.3726 0.960463
0.3728 0.0579622
0.373 -0.921238
0.3732 -0.676151
0.3734 0.465187
0.3736 0.990498
0.3738 0.207866
0.374 -0.848193
0.3742 -0.788624
0.3744 0.305424
0.3746 0.999076
0.3748 0.387474
0.375 -0.728722
0.3752 -0.896743
0.3754 0.098695
0.3756 0.965792
0.3758 0.585165
0.376 -0.549141
0.3762 -0.976905
0.3764 -0.151707
0.3766 0.867037
0.3768 0.778646
0.377 -0.300952
0.3772 -0.997649
0.3774 -0.430061
0.3776 0.680587
0.3778 0.932624
0.378 0.0119287
0.3782 -0.923084
0.3784 -0.702823
0.3786 0.394106
0.3788 0.999856
0.379 0.364316
0.3792 -0.721681
0.3794 -0.916017
0.3796 0.0174861
0.3798 0.928812
0.38 0.702224
0.3802 -0.381603
0.3804 -0.999939
0.3806 -0.403659
0.3808 0.680886
0.381 0.942491
0.3812 0.069219
0.3814 -0.886427
0.3816 -0.780258
0.3818 0.257041
0.382 0.987589
0.3822 0.545771
0.3824 -0.541281
0.3826 -0.988995
0.3828 -0.273393
0.383 0.762074
0.3832 0.905949
0.3834 -0.00588144
0.3836 -0.910049
0.3838 -0.759571
0.384 0.267592
0.3842 0.985862
0.3844 0.572544
0.3846 -0.495081
0.3848 -0.997362
0.385 -0.36595
0.3852 0.679302
0.3854 0.956673
0.3856 0.157309
0.3858 -0.817684
0.386 -0.877645
0.3862 0.040293
0.3864 0.912548
0.3866 0.773928
0.3868 -0.218237
0.387 -0.969445
0.3872 -0.657704
0.3874 0.371862
0.3876 0.99567
0.3878 0.539038
0.388 -0.499656
0.3882 -0.999084
0.3884 -0.42568
0.3886 0.602365
0.3888 0.987271
0.389 0.323216
0.3892 -0.682149
0.3894 -0.967004
0.3896 -0.23539
0.3898 0.741851
0.39 0.943968
0.3902 0.16452
0.3904 -0.784428
0.3906 -0.922656
0.3908 -0.111909
0.391 0.812532
0.3912 0.906377
0.3914 0.0782081
0.3916 -0.828209
0.3918 -0.897312
0.392 -0.0637007
0.3922 0.832722
0.3924 0.896581
0.3926 0.0684836
0.3928 -0.826444
0.393 -0.904276
0.3932 -0.0925494
0.3934 0.808834
0.3936 0.919469
0.3938 0.135759
0.394 -0.778467
0.3942 -0.940168
0.3944 -0.197708
0.3946 0.733147
0.3948 0.963248
0.395 0.277487
0.3952 -0.670103
0.3954 -0.984388
0.3956 -0.37335
0.3958 0.586305
0.396 0.998037
0.3962 0.482311
0.3964 -0.478914
0.3966 -0.997495
0.3968 -0.59971
0.397 0.345897
0.3972 0.975153
0.3974 0.718808
0.3976 -0.186796
0.3978 -0.922988
0.398 -0.830524
0.3982 0.00362035
0.3984 0.833377
0.3986 0.923431
0.3988 0.198219
0.399 -0.700259
0.3992 -0.984167
0.3994 -0.409102
0.3996 0.520642
0.3998 0.998422
0.4 0.614728
0.4002 -0.296329
0.4004 -0.952604
0.4006 -0.796278
0.4008 0.0356269
0.401 0.836219
0.4012 0.931512
0.4014 0.24535
0.4016 -0.644809
0.4018 -0.997066
0.402 -0.522289
0.4022 0.383065
0.4024 0.97204
0.4026 0.763779
0.4028 -0.0675009
0.403 -0.842703
0.4032 -0.934387
0.4034 -0.272236
0.4036 0.607697
0.4038 0.999957
0.404 0.594377
0.4042 -0.282688
0.4044 -0.934826
0.4046 -0.849247
0.4048 -0.0970322
0.405 0.729984
0.4052 0.98705
0.4054 0.47763
0.4056 -0.400368
0.4058 -0.9687
0.406 -0.792852
0.4062 -0.0111307
0.4064 0.777946
0.4066 0.975613
0.4068 0.435502
0.407 -0.431821
0.4072 -0.973902
0.4074 -0.787174
0.4076 -0.0144298
0.4078 0.767927
0.408 0.981417
0.4082 0.471647
0.4084 -0.383582
0.4086 -0.957091
0.4088 -0.832378
0.409 -0.103471
0.4092 0.699282
0.4094 0.996803
0.4096 0.577848
0.4098 -0.254174
0.41 -0.903747
0.4102 -0.910014
0.4104 -0.27164
0.4106 0.55763
0.4108 0.993483
0.411 0.732208
0.4112 -0.0403381
0.4114 -0.783767
0.4116 -0.982242
0.4118 -0.501006
0.412 0.325016
0.4122 0.92662
0.4124 0.892773
0.4126 0.249463
0.4128 -0.562786
0.413 -0.992246
0.4132 -0.750228
0.4134 -0.00282467
0.4136 0.745545
0.4138 0.993584
0.414 0.577814
0.4142 -0.222126
0.4144 -0.873666
0.4146 -0.946286
0.4148 -0.394494
0.415 0.41615
0.4152 0.952894
0.4154 0.865829
0.4156 0.214248
0.4158 -0.575905
0.416 -0.991731
0.4162 -0.765819
0.4164 -0.0463321
0.4166 0.702158
0.4168 0.999513
0.417 0.657236
0.4172 -0.103947
0.4174 -0.798189
0.4176 -0.985156
0.4178 -0.548321
0.418 0.234284
0.4182 0.868538
0.4184 0.956465
0.4186 0.444823
0.4188 -0.344457
0.419 -0.91811
0.4192 -0.919842
0.4194 -0.350428
0.4196 0.435557
0.4198 0.951598
0.42 0.880254
0.4202 0.267224
0.4204 -0.509387
0.4206 -0.973157
0.4208 -0.841359
0.421 -0.196138
0.4212 0.568038
0.4214 0.98626
0.4216 0.805693
0.4218 0.137287
0.422 -0.613613
0.4222 -0.99367
0.4224 -0.774876
0.4226 -0.0902667
0.4228 0.648058
0.423 0.997478
0.4232 0.74981
0.4234 0.0543497
0.4236 -0.67309
0.4238 -0.999189
0.424 -0.730845
0.4242 -0.0286249
0.4244 0.690172
0.4246 0.999814
0.4248 0.717924
0.425 0.0120862
0.4252 -0.700526
0.4254 -0.999976
0.4256 -0.710689
0.4258 -0.00368336
0.426 0.705174
0.4262 0.999998
0.4264 0.708575
0.4266 0.0023489
0.4268 -0.704987
0.427 -0.999992
0.4272 -0.710873
0.4274 -0.00700964
0.4276 0.700724
0.4278 0.999937
0.428 0.716792
0.4282 0.01659
0.4284 -0.693092
0.4286 -0.999738
0.4288 -0.725497
0.429 -0.0300124
0.4292 0.682772
0.4294 0.999284
0.4296 0.736148
0.4298 0.0461978
0.43 -0.670459
0.4302 -0.998487
0.4304 -0.747928
0.4306 -0.0640674
0.4308 0.656879
0.431 0.99731
0.4312 0.76006
0.4314 0.0825469
0.4316 -0.642802
0.4318 -0.995788
0.432 -0.771829
0.4322 -0.100571
0.4324 0.629044
0.4326 0.994033
0.4328 0.782579
0.433 0.117088
0.4332 -0.616463
0.4334 -0.992225
0.4336 -0.791715
0.4338 -0.131062
0.434 0.605946
0.4342 0.990602
0.4344 0.79869
0.4346 0.141478
0.4348 -0.598392
0.435 -0.989426
0.4352 -0.80298
0.4354 -0.147334
0.4356 0.594693
0.4358 0.988951
0.436 0.804054
0.4362 0.147638
0.4364 -0.5957
0.4366 -0.989373
0.4368 -0.801334
0.437 -0.141398
0.4372 0.602198
0.4374 0.990776
0.4376 0.79415
0.4378 0.127618
0.438 -0.614861
0.4382 -0.993063
0.4384 -0.781685
0.4386 -0.105295
0.4388 0.634204
0.439 0.995886
0.4392 0.762929
0.4394 0.0734223
0.4396 -0.660518
0.4398 -0.998563
0.44 -0.736628
0.4402 -0.031021
0.4404 0.693784
0.4406 0.999984
0.4408 0.701258
0.441 -0.0228114
0.4412 -0.733566
0.4414 -0.998527
0.4416 -0.655013
0.4418 0.0888084
0.442 0.778876
0.4422 0.991964
0.4424 0.595837
0.4426 -0.167393
0.4428 -0.828012
0.443 -0.977399
0.4432 -0.521517
0.4434 0.258474
0.4436 0.878369
0.4438 0.951235
0.444 0.429851
0.4442 -0.361174
0.4444 -0.926257
0.4446 -0.909224
0.4448 -0.318926
0.445 0.473481
0.4452 0.966724
0.4454 0.846617
0.4456 0.187533
0.4458 -0.591855
0.446 -0.993468
0.4462 -0.758489
0.4464 -0.0357244
0.4466 0.710799
0.4468 0.998881
0.447 0.640281
0.4472 -0.134479
0.4474 -0.822498
0.4476 -0.974333
0.4478 -0.488619
0.448 0.318276
0.4482 0.916611
0.4484 0.910818
0.4486 0.302426
0.4488 -0.507266
0.449 -0.980402
0.4492 -0.800051
0.4494 -0.0843065
0.4496 0.688797
0.4498 0.999404
0.45 0.636129
0.4502 -0.157942
0.4504 -0.845756
0.4506 -0.958852
0.4508 -0.417719
0.451 0.409941
0.4512 0.957164
0.4514 0.84606
0.4516 0.150628
0.4518 -0.649937
0.452 -0.999995
0.4522 -0.653784
0.4524 0.149688
0.4526 0.8492
0.4528 0.952551
0.453 0.384341
0.4532 -0.456391
0.4534 -0.974343
0.4536 -0.799545
0.4538 -0.0538064
0.454 0.731359
0.4542 0.992184
0.4544 0.538494
0.4546 -0.304918
0.4548 -0.928301
0.455 -0.877363
0.4552 -0.186331
0.4554 0.641896
0.4556 0.999927
0.4558 0.622055
0.456 -0.215799
0.4562 -0.894758
0.4564 -0.909389
0.4566 -0.245864
0.4568 0.602405
0.457 0.999613
0.4572 0.644724
0.4574 -0.197537
0.4576 -0.891156
0.4578 -0.908266
0.458 -0.232834
0.4582 0.621525
0.4584 0.999975
0.4586 0.609069
0.4588 -0.252691
0.459 -0.919722
0.4592 -0.87272
0.4594 -0.145186
0.4596 0.696793
0.4598 0.993009
0.46 0.507874
0.4602 -0.378925
0.4604 -0.966587
0.4606 -0.786741
0.4608 0.020589
0.461 0.812414
0.4612 0.953315
0.4614 0.32703
0.4616 -0.56407
0.4618 -0.9993
0.462 -0.622999
0.4622 0.261601
0.4624 0.933313
0.4626 0.840179
0.4628 0.0555368
0.463 -0.775863
0.4632 -0.965736
0.4634 -0.353599
0.4636 0.553893
0.4638 0.999432
0.464 0.607463
0.4642 -0.295889
0.4644 -0.950622
0.4646 -0.801568
0.4648 0.0281286
0.465 0.834803
0.4652 0.929325
0.4654 0.227731
0.4656 -0.67035
0.4658 -0.991574
0.466 -0.455811
0.4662 0.475837
0.4664 0.994587
0.4666 0.646142
0.4668 -0.268115
0.467 -0.948026
0.4672 -0.794088
0.4674 0.0611473
0.4676 0.863137
0.4678 0.899362
0.468 0.134495
0.4682 -0.751323
0.4684 -0.964883
0.4686 -0.311632
0.4688 0.623126
0.469 0.995666
0.4692 0.46614
0.4694 -0.487622
0.4696 -0.997849
0.4698 -0.596424
0.47 0.35214
0.4702 0.977923
0.4704 0.702831
0.4706 -0.222224
0.4708 -0.942179
0.471 -0.787063
0.4712 0.101782
0.4714 0.896342
0.4716 0.851668
0.4718 0.00668746
0.472 -0.845376
0.4722 -0.899617
0.4724 -0.101809
0.4726 0.793407
0.4728 0.933973
0.473 0.183051
0.4732 -0.743738
0.4734 -0.957663
0.4736 -0.250465
0.4738 0.698915
0.474 0.973313
0.4742 0.30446
0.4744 -0.660824
0.4746 -0.983155
0.4748 -0.345624
0.475 0.630788
0.4752 0.988976
0.4754 0.374583
0.4756 -0.609669
0.4758 -0.992098
0.476 -0.391905
0.4762 0.597949
0.4764 0.993381
0.4766 0.398036
0.4768 -0.595788
0.477 -0.993235
0.4772 -0.393268
0.4774 0.603069
0.4776 0.991645
0.4778 0.377737
0.478 -0.61942
0.4782 -0.988193
0.4784 -0.351444
0.4786 0.644211
0.4788 0.982093
0.479 0.314289
0.4792 -0.676547
0.4794 -0.972224
0.4796 -0.266138
0.4798 0.715241
0.48 0.957179
0.4802 0.206894
0.4804 -0.758788
0.4806 -0.935314
0.4808 -0.136587
0.481 0.805336
0.4812 0.904829
0.4814 0.0554727
0.4816 -0.852668
0.4818 -0.863851
0.482 0.035858
0.4822 0.898201
0.4824 0.810547
0.4826 -0.136376
0.4828 -0.939004
0.483 -0.74326
0.4832 0.244516
0.4834 0.971852
0.4836 0.660653
0.4838 -0.358092
0.484 -0.993315
0.4842 -0.561884
0.4844 0.47425
0.4846 0.999887
0.4848 0.44677
0.485 -0.589452
0.4852 -0.988164
0.4854 -0.315963
0.4856 0.699513
0.4858 0.95505
0.486 0.171086
0.4862 -0.799705
0.4864 -0.898011
0.4866 -0.0148537
0.4868 0.88492
0.487 0.815333
0.4872 -0.148883
0.4874 -0.94991
0.4876 -0.706388
0.4878 0.315155
0.488 0.989586
0.4882 0.571878
0.4884 -0.477984
0.4886 -0.999373
0.4888 -0.414024
0.489 0.630594
0.4892 0.975599
0.4894 0.236682
0.4896 -0.765721
0.4898 -0.915883
0.49 -0.0453567
0.4902 0.876021
0.4904 0.819504
0.4906 -0.152917
0.4908 -0.954547
0.491 -0.687689
0.4912 0.349821
0.4914 0.995278
0.4916 0.523813
0.4918 -0.536145
0.492 -0.993653
0.4922 -0.33344
0.4924 0.702297
0.4926 0.947065
0.4928 0.124218
0.493 -0.838921
0.4932 -0.855264
0.4934 0.0944168
0.4936 0.93756
0.4938 0.720623
0.494 -0.311709
0.4942 -0.991329
0.4944 -0.548224
0.4946 0.516198
0.4948 0.995534
0.495 0.345745
0.4952 -0.696458
0.4954 -0.948164
0.4956 -0.123121
0.4958 0.841885
0.496 0.850224
0.4962 -0.107992
0.4964 -0.943489
0.4966 -0.705842
0.4968 0.334925
0.497 0.994598
0.4972 0.522143
0.4974 -0.544825
0.4976 -0.991427
0.4978 -0.308879
0.498 0.725538
0.4982 0.933437
0.4984 0.0778419
0.4986 -0.866466
0.4988 -0.823459
0.499 0.157905
0.4992 0.959332
0.4994 0.667555
0.4996 -0.384907
0.4998 -0.998765
0.5 -0.474629
0.5002 0.590233
0.5004 0.982683
0.5006 0.255816
0.5008 -0.762356
0.501 -0.912403
0.5012 -0.0237081
0.5014 0.891915
0.5016 0.792504
0.5018 -0.20852
0.502 -0.972295
0.5022 -0.630444
0.5024 0.428009
0.5026 0.999991
0.5028 0.435968
0.503 -0.623051
0.5032 -0.974717
0.5034 -0.220378
0.5036 0.78381
0.5038 0.899279
0.504 -0.00428488
0.5042 -0.902863
0.5044 -0.779226
0.5046 0.226051
0.5048 0.975533
0.505 0.622319
0.5052 -0.433787
0.5054 -0.999998
0.5056 -0.437893
0.5058 0.617828
0.506 0.977189
0.5062 0.236143
0.5064 -0.770466
0.5066 -0.910503
0.5068 -0.0274277
0.507 0.886242
0.5072 0.80537
0.5074 -0.178375
0.5076 -0.962064
0.5078 -0.668729
0.508 0.372412
0.5082 0.997142
0.5084 0.508449
0.5086 -0.547267
0.5088 -0.992783
0.509 -0.332772
0.5092 0.697223
0.5094 0.952064
0.5096 0.149789
0.5098 -0.818382
0.51 -0.879439
0.5102 0.0329964
0.5104 0.908652
0.5106 0.78031
0.5108 -0.20901
0.511 -0.967617
0.5112 -0.660595
0.5114 0.372838
0.5116 0.996325
0.5118 0.526339
0.512 -0.520345
0.5122 -0.997016
0.5124 -0.383373
0.5126 0.648707
0.5128 0.972825
0.513 0.237046
0.5132 -0.756348
0.5134 -0.927483
0.5136 -0.0920288
0.5138 0.842823
0.514 0.865037
0.5142 -0.0478024
0.5144 -0.908652
0.5146 -0.789601
0.5148 0.179418
0.515 0.955131
0.5152 0.705153
0.5154 -0.300628
0.5156 -0.984142
0.5158 -0.615386
0.516 0.410028
0.5162 0.997963
0.5164 0.523597
0.5166 -0.506912
0.5168 -0.999095
0.517 -0.432627
0.5172 0.591167
0.5174 0.99012
0.5176 0.344843
0.5178 -0.663153
0.518 -0.973582
0.5182 -0.262142
0.5184 0.723585
0.5186 0.951894
0.5188 0.18599
0.519 -0.773419
0.5192 -0.927274
0.5194 -0.117473
0.5196 0.813751
0.5198 0.901705
0.52 0.0573541
0.5202 -0.84572
0.5204 -0.876912
0.5206 -0.00614063
0.5208 0.870437
0.521 0.854352
0.5212 -0.0358512
0.5214 -0.888919
0.5216 -0.835222
0.5218 0.0684377
0.522 0.902037
0.5222 0.820458
0.5224 -0.0915157
0.5226 -0.910476
0.5228 -0.810753
0.523 0.105019
0.5232 0.914709
0.5234 0.80656
0.5236 -0.108889
0.5238 -0.91497
0.524 -0.808098
0.5242 0.103051
0.5244 0.911243
0.5246 0.815353
0.5248 -0.0874139
0.525 -0.903252
0.5252 -0.828063
0.5254 0.0618721
0.5256 0.890462
0.5258 0.845709
0.526 -0.0263327
0.5262 -0.872088
0.5264 -0.867492
0.5266 -0.0192488
0.5268 0.847109
0.527 0.892302
0.5272 0.0748141
0.5274 -0.814305
0.5276 -0.918697
0.5278 -0.140133
0.528 0.772301
0.5282 0.944874
0.5284 0.214719
0.5286 -0.719636
0.5288 -0.968655
0.529 -0.297737
0.5292 0.654855
0.5294 0.987484
0.5296 0.387895
0.5298 -0.576629
0.53 -0.998453
0.5302 -0.483346
0.5304 0.483901
0.5306 0.998363
0.5308 0.581591
0.531 -0.37606
0.5312 -0.983817
0.5314 -0.679405
0.5316 0.253143
0.5318 0.951383
0.532 0.7728
0.5322 -0.116044
0.5324 -0.8978
0.5326 -0.857046
0.5328 -0.0332694
0.533 0.820255
0.5332 0.926763
0.5334 0.19157
0.5336 -0.716717
0.5338 -0.976106
0.534 -0.354227
0.5342 0.586308
0.5344 0.999067
0.5346 0.515147
0.5348 -0.429705
0.535 -0.989884
0.5352 -0.666834
0.5354 0.24952
0.5356 0.943573
0.5358 0.800613
0.536 -0.0506212
0.5362 -0.856553
0.5364 -0.90703
0.5366 -0.159669
0.5368 0.727332
0.537 0.976466
0.5372 0.371572
0.5374 -0.557184
0.5376 -0.999958
0.5378 -0.573093
0.538 0.350747
0.5382 0.970188
0.5384 0.750587
0.5386 -0.116425
0.5388 -0.882587
0.539 -0.889657
0.5392 -0.133511
0.5394 0.736442
0.5396 0.976389
0.5398 0.383228
0.54 -0.53586
0.5402 -0.998876
0.5404 -0.614135
0.5406 0.290439
0.5408 0.948898
0.541 0.806232
0.5412 -0.0154341
0.5414 -0.823588
0.5416 -0.939962
0.5418 -0.268714
0.542 0.626853
0.5422 0.998466
0.5424 0.537623
0.5426 -0.370272
0.5428 -0.970029
0.543 -0.76501
0.5432 0.0732085
0.5434 0.850406
0.5436 0.925439
0.5438 0.238075
0.544 -0.644676
0.5442 -0.997553
0.5444 -0.532435
0.5446 0.368204
0.5448 0.967419
0.545 0.776943
0.5452 -0.0463753
0.5454 -0.831502
0.5456 -0.940852
0.5458 -0.287142
0.546 0.598721
0.5462 0.999994
0.5464 0.593668
0.5466 -0.291066
0.5468 -0.941001
0.547 -0.834094
0.5472 -0.0576261
0.5474 0.76464
0.5476 0.974313
0.5478 0.404896
0.548 -0.487529
0.5482 -0.990757
0.5484 -0.704733
0.5486 0.141659
0.5488 0.875124
0.549 0.913971
0.5492 0.2286
0.5494 -0.637373
0.5496 -0.999142
0.5498 -0.571908
0.55 0.306148
0.5502 0.942674
0.5504 0.837223
0.5506 0.07381
0.5508 -0.747237
0.551 -0.98194
0.5512 -0.447286
0.5514 0.437206
0.5516 0.979549
0.5518 0.756636
0.552 -0.0565679
0.5522 -0.825382
0.5524 -0.951135
0.5526 -0.336805
0.5528 0.539134
0.553 0.996052
0.5532 0.679885
0.5534 -0.163327
0.5536 -0.879746
0.5538 -0.914952
0.554 -0.242455
0.5542 0.617238
0.5544 0.999991
0.5546 0.610898
0.5548 -0.24922
0.555 -0.917047
0.5552 -0.878429
0.5554 -0.163719
0.5556 0.676754
0.5558 0.996797
0.556 0.550949
0.5562 -0.31785
0.5564 -0.942543
0.5566 -0.84415
0.5568 -0.0986049
0.557 0.722365
0.5572 0.989909
0.5574 0.499533
0.5576 -0.373051
0.5578 -0.960128
0.558 -0.812917
0.5582 -0.0443106
0.5584 0.758062
0.5586 0.981231
0.5588 0.454996
0.559 -0.418579
0.5592 -0.972564
0.5594 -0.784293
0.5596 0.00237184
0.5598 0.787174
0.56 0.971532
0.5602 0.414973
0.5604 -0.457988
0.5606 -0.981726
0.5608 -0.756993
0.561 0.0448243
0.5612 0.812462
0.5614 0.960755
0.5616 0.376658
0.5618 -0.494582
0.562 -0.98879
0.5622 -0.729144
0.5624 0.0864685
0.5626 0.83618
0.5628 0.948207
0.563 0.336971
0.5632 -0.531384
0.5634 -0.99433
0.5636 -0.698428
0.5638 0.130675
0.564 0.860079
0.5642 0.932639
0.5644 0.292655
0.5646 -0.57107
0.5648 -0.998318
0.565 -0.662131
0.5652 0.180678
0.5654 0.885331
0.5656 0.912214
0.5658 0.240334
0.566 -0.615845
0.5662 -1
0.5664 -0.617131
0.5666 0.239452
0.5668 0.912337
0.567 0.884402
0.5672 0.176578
0.5674 -0.66723
0.5676 -0.99769
0.5678 -0.559864
0.568 0.309522
0.5682 0.940442
0.5684 0.845815
0.5686 0.098018
0.5688 -0.725728
0.569 -0.988482
0.5692 -0.48632
0.5694 0.392643
0.5696 0.96753
0.5698 0.792053
0.57 0.00159907
0.5702 -0.790349
0.5704 -0.967919
0.5706 -0.392165
0.5708 0.489297
0.571 0.989535
0.5712 0.717651
0.5714 -0.114954
0.5716 -0.857974
0.5718 -0.929736
0.572 -0.27311
0.5722 0.59795
0.5724 0.999931
0.5726 0.616273
0.5728 -0.25234
0.573 -0.922583
0.5732 -0.865782
0.5734 -0.125677
0.5736 0.714031
0.5738 0.989325
0.574 0.481337
0.5742 -0.408455
0.5744 -0.974454
0.5746 -0.766396
0.5748 0.0514595
0.575 0.828697
0.5752 0.945432
0.5754 0.307349
0.5756 -0.576733
0.5758 -0.999599
0.576 -0.621552
0.5762 0.255442
0.5764 0.927615
0.5766 0.853826
0.5768 0.0921781
0.577 -0.7442
0.5772 -0.979896
0.5774 -0.423178
0.5776 0.476547
0.5778 0.990256
0.578 0.700042
0.5782 -0.15961
0.5784 -0.889729
0.5786 -0.894663
0.5788 -0.168981
0.579 0.695277
0.5792 0.990584
0.5794 0.473627
0.5796 -0.432612
0.5798 -0.983506
0.58 -0.724559
0.5802 0.132244
0.5804 0.880262
0.5806 0.900378
0.5808 0.174436
0.581 -0.696666
0.5812 -0.989246
0.5814 -0.458573
0.5816 0.454679
0.5818 0.988831
0.582 0.69644
0.5822 -0.179364
0.5824 -0.905221
0.5826 -0.871049
0.5828 -0.103984
0.583 0.751145
0.5832 0.972799
0.5834 0.372251
0.5836 -0.54381
0.5838 -0.999255
0.584 -0.606265
0.5842 0.302688
0.5844 0.954269
0.5846 0.791869
0.5848 -0.047474
0.585 -0.846662
0.5852 -0.920315
0.5854 -0.203588
0.5856 0.688692
0.5858 0.988099
0.586 0.434937
0.5862 -0.494509
0.5864 -0.996352
0.5866 -0.634453
0.5868 0.278744
0.587 0.949965
0.5872 0.793765
0.5874 -0.0553446
0.5876 -0.856565
0.5878 -0.908197
0.588 -0.163304
0.5882 0.725484
0.5884 0.976424
0.5886 0.366949
0.5888 -0.566809
0.589 -0.999939
0.5892 -0.547753
0.5894 0.390578
0.5896 0.982428
0.5898 0.700345
0.59 -0.206148
0.5902 -0.929115
0.5904 -0.821675
0.5906 0.021751
0.5908 0.846143
0.591 0.910741
0.5912 0.155768
0.5914 -0.740034
0.5916 -0.96824
0.5918 -0.321069
0.592 0.617239
0.5922 0.996186
0.5924 0.470306
0.5926 -0.483807
0.5928 -0.997529
0.593 -0.601023
0.5932 0.345143
0.5934 0.975812
0.5936 0.711995
0.5938 -0.205871
0.594 -0.934865
0.5942 -0.803027
0.5944 0.069774
0.5946 0.878563
0.5948 0.874744
0.595 0.0602082
0.5952 -0.810636
0.5954 -0.92839
0.5956 -0.181927
0.5958 0.734531
0.596 0.965638
0.5962 0.293948
0.5964 -0.653332
0.5966 -0.988423
0.5968 -0.395454
0.597 0.569708
0.5972 0.998807
0.5974 0.486137
0.5976 -0.485901
0.5978 -0.998869
0.598 -0.5661
0.5982 0.403738
0.5984 0.990621
0.5986 0.635753
0.5988 -0.324659
0.599 -0.975949
0.5992 -0.695729
0.5994 0.249756
0.5996 0.956577
0.5998 0.746807
0.6 -0.179814
0.6002 -0.93404
0.6004 -0.789846
0.6006 0.115366
0.6008 0.909677
0.601 0.825737
0.6012 -0.0567304
0.6014 -0.884637
0.6016 -0.855361
0.6018 0.00405745
0.602 0.859877
0.6022 0.879558
0.6024 0.0426321
0.6026 -0.836185
0.6028 -0.899107
0.603 -0.0834148
0.6032 0.814189
0.6034 0.914713
0.6036 0.118436
0.6038 -0.794374
0.604 -0.926996
0.6042 -0.147887
0.6044 0.777102
0.6046 0.93649
0.6048 0.171987
0.605 -0.762623
0.6052 -0.943643
0.6054 -0.19097
0.6056 0.751092
0.6058 0.948819
0.606 0.205074
0.6062 -0.742584
0.6064 -0.952304
0.6066 -0.214534
0.6068 0.737101
0.607 0.954311
0.6072 0.219579
0.6074 -0.734586
0.6076 -0.954991
0.6078 -0.220433
0.608 0.734931
0.6082 0.954435
0.6084 0.217309
0.6086 -0.737983
0.6088 -0.952689
0.609 -0.210416
0.6092 0.743552
0.6094 0.949759
0.6096 0.19996
0.6098 -0.751417
0.61 -0.945619
0.6102 -0.186146
0.6104 0.761333
0.6106 0.940221
0.6108 0.169181
0.611 -0.773032
0.6112 -0.933505
0.6114 -0.149278
0.6116 0.786232
0.6118 0.925401
0.612 0.126658
0.6122 -0.800641
0.6124 -0.915844
0.6126 -0.101554
0.6128 0.81596
0.613 0.904776
0.6132 0.0742101
0.6134 -0.831893
0.6136 -0.892153
0.6138 -0.0448836
0.614 0.848146
0.6142 0.877951
0.6144 0.0138458
0.6146 -0.864437
0.6148 -0.862171
0.615 0.0186197
0.6152 0.880497
0.6154 0.844845
0.6156 -0.0522181
0.6158 -0.89608
0.616 -0.826032
0.6162 0.0866459
0.6164 0.910961
0.6166 0.805826
0.6168 -0.121593
0.617 -0.924948
0.6172 -0.784357
0.6174 0.156747
0.6176 0.937878
0.6178 0.761785
0.618 -0.191797
0.6182 -0.949623
0.6184 -0.738305
0.6186 0.226435
0.6188 0.960093
0.619 0.714141
0.6192 -0.260361
0.6194 -0.969236
0.6196 -0.689544
0.6198 0.29329
0.62 0.977037
0.6202 0.664791
0.6204 -0.324946
0.6206 -0.983518
0.6208 -0.640177
0.621 0.355074
0.6212 0.988734
0.6214 0.616014
0.6216 -0.383435
0.6218 -0.992773
0.622 -0.592626
0.6222 0.409809
0.6224 0.995751
0.6226 0.570344
0.6228 -0.433994
0.623 -0.997804
0.6232 -0.5495
0.6234 0.455804
0.6236 0.999086
0.6238 0.530429
0.624 -0.47507
0.6242 -0.99976
0.6244 -0.513457
0.6246 0.491631
0.6248 0.999992
0.625 0.498907
0.6252 -0.505333
0.6254 -0.999943
0.6256 -0.487086
0.6258 0.516024
0.626 0.999759
0.6262 0.478289
0.6264 -0.523547
0.6266 -0.999565
0.6268 -0.472795
0.627 0.527735
0.6272 0.999453
0.6274 0.470859
0.6276 -0.528406
0.6278 -0.999474
0.628 -0.472715
0.6282 0.525352
0.6284 0.999627
0.6286 0.478565
0.6288 -0.51834
0.629 -0.999847
0.6292 -0.488577
0.6294 0.507104
0.6296 0.999996
0.6298 0.502876
0.63 -0.49134
0.6302 -0.999852
0.6304 -0.521536
0.6306 0.470711
0.6308 0.999094
0.631 0.544563
0.6312 -0.444842
0.6314 -0.997294
0.6316 -0.571886
0.6318 0.41333
0.632 0.993907
0.6322 0.603334
0.6324 -0.375752
0.6326 -0.988258
0.6328 -0.638618
0.633 0.33168
0.6332 0.979538
0.6334 0.677303
0.6336 -0.280704
0.6338 -0.966803
0.634 -0.718782
0.6342 0.222458
0.6344 0.948972
0.6346 0.762246
0.6348 -0.15666
0.635 -0.924839
0.6352 -0.806651
0.6354 0.0831614
0.6356 0.893095
0.6358 0.850693
0.636 -0.00199668
0.6362 -0.852356
0.6364 -0.892776
0.6366 -0.0865447
0.6368 0.801215
0.637 0.930999
0.6372 0.181847
0.6374 -0.738305
0.6376 -0.963152
0.6378 -0.282886
0.638 0.66239
0.6382 0.986723
0.6384 0.388152
0.6386 -0.572473
0.6388 -0.998944
0.639 -0.495565
0.6392 0.467931
0.6394 0.996855
0.6396 0.602417
0.6398 -0.348667
0.64 -0.977422
0.6402 -0.705328
0.6404 0.215289
0.6406 0.937689
0.6408 0.800238
0.641 -0.0692833
0.6412 -0.874989
0.6414 -0.88246
0.6416 -0.086808
0.6418 0.787204
0.642 0.946794
0.6422 0.249236
0.6424 -0.673075
0.6426 -0.987727
0.6428 -0.412946
0.643 0.532543
0.6432 0.999738
0.6434 0.571552
0.6436 -0.367111
0.6438 -0.977696
0.644 -0.717431
0.6442 0.180183
0.6444 0.917377
0.6446 0.841956
0.6448 0.0226578
0.645 -0.816059
0.6452 -0.935911
0.6454 -0.233486
0.6456 0.673171
0.6458 0.990102
0.646 0.442055
0.6462 -0.490945
0.6464 -0.996166
0.6466 -0.636067
0.6468 0.274982
0.647 0.947555
0.6472 0.801745
0.6474 -0.0346338
0.6476 -0.840633
0.6478 -0.924748
0.648 -0.216905
0.6482 0.675796
0.6484 0.991446
0.6486 0.462932
0.6488 -0.458459
0.649 -0.990491
0.6492 -0.684078
0.6494 0.199741
0.6496 0.914586
0.6498 0.85974
0.65 0.0833574
0.6502 -0.762269
0.6504 -0.970079
0.6506 -0.368478
0.6508 0.539443
0.651 0.998493
0.6512 0.629288
0.6514 -0.260365
0.6516 -0.93434
0.6518 -0.837788
0.652 -0.0522564
0.6522 0.775578
0.6524 0.967482
0.6526 0.368341
0.6528 -0.530856
0.653 -0.997161
0.6532 -0.652878
0.6534 0.22057
0.6536 0.91486
0.6538 0.869743
0.654 0.123622
0.6542 -0.721383
0.6544 -0.986626
0.6546 -0.461185
0.6548 0.432629
0.655 0.980531
0.6552 0.747102
0.6554 -0.0799897
0.6556 -0.843012
0.6558 -0.93804
0.656 -0.291793
0.6562 0.584089
0.6564 0.999604
0.6566 0.629584
0.6568 -0.233768
0.657 -0.913565
0.6572 -0.879382
0.6574 -0.159754
0.6576 0.68364
0.6578 0.995568
0.658 0.535666
0.6582 -0.338284
0.6584 -0.950413
0.6586 -0.829648
0.6588 -0.0707738
0.659 0.741905
0.6592 0.985423
0.6594 0.474937
0.6596 -0.39785
0.6598 -0.966789
0.66 -0.79978
0.6602 -0.0254861
0.6604 0.767601
0.6606 0.979261
0.6608 0.451019
0.661 -0.416983
0.6612 -0.970506
0.6614 -0.794332
0.6616 -0.0223618
0.6618 0.765852
0.662 0.980953
0.6622 0.463717
0.6624 -0.398738
0.6626 -0.964006
0.6628 -0.81292
0.663 -0.0591237
0.6632 0.737979
0.6634 0.989105
0.6636 0.51012
0.6638 -0.344458
0.664 -0.945105
0.6642 -0.851136
0.6644 -0.132933
0.6646 0.682211
0.6648 0.997991
0.665 0.584833
0.6652 -0.254537
0.6654 -0.908106
0.6656 -0.901033
0.6658 -0.239734
0.666 0.595041
0.6662 0.998504
0.6664 0.679703
0.6666 -0.129804
0.6668 -0.845282
0.667 -0.951532
0.6672 -0.37319
0.6674 0.473014
0.6676 0.979364
0.6678 0.783498
0.668 0.0267977
0.6682 -0.748723
0.6684 -0.989106
0.6686 -0.523683
0.6688 0.314763
0.669 0.928771
0.6692 0.882015
0.6694 0.208667
0.6696 -0.612508
0.6698 -0.999093
0.67 -0.677855
0.6702 0.122948
0.6704 0.83654
0.6706 0.958983
0.6708 0.404593
0.671 -0.434905
0.6712 -0.967719
0.6714 -0.81911
0.6716 -0.0943593
0.6718 0.696501
0.672 0.997928
0.6722 0.598846
0.6724 -0.220159
0.6726 -0.884635
0.6728 -0.929272
0.673 -0.323352
0.6732 0.508662
0.6734 0.98481
0.6736 0.772594
0.6738 0.0207446
0.674 -0.745447
0.6742 -0.99128
0.6744 -0.545591
0.6746 0.280459
0.6748 0.910903
0.675 0.906572
0.6752 0.270776
0.6754 -0.553496
0.6756 -0.992371
0.6758 -0.740543
0.676 0.0265468
0.6762 0.775112
0.6764 0.984488
0.6766 0.509168
0.6768 -0.320206
0.677 -0.926904
0.6772 -0.889114
0.6774 -0.233141
0.6776 0.584933
0.6778 0.996315
0.678 0.714931
0.6782 -0.0636233
0.6784 -0.797966
0.6786 -0.97731
0.6788 -0.476763
0.679 0.355568
0.6792 0.940507
0.6794 0.870766
0.6796 0.194658
0.6798 -0.617127
0.68 -0.999008
0.6802 -0.684579
0.6804 0.107279
0.6806 0.82443
0.6808 0.966308
0.681 0.433462
0.6812 -0.402322
0.6814 -0.957061
0.6816 -0.842554
0.6818 -0.138387
0.682 0.662861
0.6822 0.999845
0.6824 0.635845
0.6826 -0.174417
0.6828 -0.862441
0.683 -0.94461
0.6832 -0.36247
0.6834 0.47499
0.6836 0.978119
0.6838 0.791768
0.684 0.0465838
0.6842 -0.731782
0.6844 -0.993032
0.6846 -0.551558
0.6848 0.28086
0.685 0.914431
0.6852 0.899044
0.6854 0.244645
0.6856 -0.584125
0.6858 -0.997151
0.686 -0.699175
0.6862 0.0982179
0.6864 0.825776
0.6866 0.962541
0.6868 0.409423
0.687 -0.437844
0.6872 -0.970874
0.6874 -0.805454
0.6876 -0.0594475
0.6878 0.729881
0.688 0.992114
0.6882 0.536359
0.6884 -0.30849
0.6886 -0.929867
0.6888 -0.875446
0.689 -0.183383
0.6892 0.64289
0.6894 0.99994
0.6896 0.62537
0.6898 -0.207919
0.69 -0.889071
0.6902 -0.916639
0.6904 -0.268719
0.6906 0.578031
0.6908 0.997872
0.691 0.678654
0.6912 -0.144562
0.6914 -0.860866
0.6916 -0.936255
0.6918 -0.312747
0.692 0.545163
0.6922 0.995143
0.6924 0.698158
0.6926 -0.124401
0.6928 -0.853805
0.693 -0.938693
0.6932 -0.312942
0.6934 0.550747
0.6936 0.996393
0.6938 0.6832
0.694 -0.151946
0.6942 -0.871511
0.6944 -0.923269
0.6946 -0.265386
0.6948 0.597512
0.695 0.999794
0.6952 0.628684
0.6954 -0.230413
0.6956 -0.911126
0.6958 -0.882394
0.696 -0.164355
0.6962 0.683024
0.6964 0.995075
0.6966 0.524504
0.6968 -0.360176
0.697 -0.960908
0.6972 -0.8006
0.6974 -0.0040238
0.6976 0.796508
0.6978 0.961749
0.698 0.3572
0.6982 -0.53462
0.6984 -0.997104
0.6986 -0.655622
0.6988 0.216488
0.699 0.913885
0.6992 0.868899
0.6994 0.115513
0.6996 -0.733037
0.6998 -0.981647
0.7 -0.42381
0.7002 0.483801
0.7004 0.992594
0.7006 0.679562
0.7008 -0.198322
0.701 -0.91189
0.7012 -0.864467
0.7014 -0.0928926
0.7016 0.757496
0.7018 0.970714
0.702 0.364223
0.7022 -0.551405
0.7024 -0.999596
0.7026 -0.596753
0.7028 0.316292
0.703 0.959317
0.7032 0.77881
0.7034 -0.0729246
0.7036 -0.862534
0.7038 -0.905497
0.704 -0.161529
0.7042 0.724014
0.7044 0.977572
0.7046 0.374334
0.7048 -0.558687
0.705 -1
0.7052 -0.557313
0.7054 0.380217
0.7056 0.98046
0.7058 0.70645
0.706 -0.200097
0.7062 -0.927989
0.7064 -0.821187
0.7066 0.0272383
0.7068 0.85189
0.707 0.903578
0.7072 0.13208
0.7074 -0.760928
0.7076 -0.957443
0.7078 -0.273981
0.708 0.662829
0.7082 0.987613
0.7084 0.396606
0.7086 -0.564028
0.7088 -0.999308
0.709 -0.499663
0.7092 0.469613
0.7094 0.997675
0.7096 0.58396
0.7098 -0.383411
0.71 -0.987459
0.7102 -0.650989
0.7104 0.308156
0.7106 0.972813
0.7108 0.702557
0.711 -0.245695
0.7112 -0.957197
0.7114 -0.740501
0.7116 0.197209
0.7118 0.943335
0.712 0.766461
0.7122 -0.163399
0.7124 -0.933228
0.7126 -0.781723
0.7128 0.144655
0.713 0.928172
0.7132 0.787105
0.7134 -0.141166
0.7136 -0.928777
0.7138 -0.7829
0.714 0.152984
0.7142 0.934983
0.7144 0.768848
0.7146 -0.180042
0.7148 -0.946049
0.715 -0.744151
0.7152 0.222103
0.7154 0.960537
0.7156 0.707525
0.7158 -0.278669
0.716 -0.976273
0.7162 -0.657299
0.7164 0.348833
0.7166 0.990328
0.7168 0.59157
0.717 -0.431088
0.7172 -0.999002
0.7174 -0.508422
0.7176 0.523102
0.7178 0.997873
0.718 0.406219
0.7182 -0.621488
0.7184 -0.98191
0.7186 -0.283984
0.7188 0.721594
0.719 0.945703
0.7192 0.141841
0.7194 -0.81735
0.7196 -0.883835
0.7198 0.0184823
0.72 0.901248
0.7202 0.791416
0.7204 -0.193154
0.7206 -0.964499
0.7208 -0.664801
0.721 0.375795
0.7212 0.997452
0.7214 0.502441
0.7216 -0.557197
0.7218 -0.990317
0.722 -0.305842
0.7222 0.725324
0.7224 0.934245
0.7226 0.0804798
0.7228 -0.865734
0.723 -0.822725
0.7232 0.163467
0.7234 0.962532
0.7236 0.653217
0.7238 -0.410802
0.724 -0.999942
0.7242 -0.428844
0.7244 0.641659
0.7246 0.964489
0.7248 0.159833
0.725 -0.832721
0.7252 -0.847643
0.7254 0.135645
0.7256 0.959488
0.7258 0.648632
0.726 -0.431677
0.7262 -0.999574
0.7264 -0.376928
0.7266 0.696231
0.7268 0.936801
0.727 0.0537915
0.7272 -0.894448
0.7274 -0.765574
0.7276 0.287843
0.7278 0.993568
0.728 0.494723
0.7282 -0.605714
0.7284 -0.969048
0.7286 -0.149796
0.7288 0.853157
0.729 0.810987
0.7292 -0.227276
0.7294 -0.986412
0.7296 -0.529502
0.7298 0.581971
0.73 0.973473
0.7302 0.157481
0.7304 -0.854704
0.7306 -0.80293
0.7308 0.250803
0.731 0.991522
0.7312 0.490666
0.7314 -0.626183
0.7316 -0.956336
0.7318 -0.0821257
0.732 0.896135
0.7322 0.7421
0.7324 -0.351724
0.7326 -0.999894
0.7328 -0.377791
0.733 0.725477
0.7332 0.904231
0.7334 -0.0717914
0.7336 -0.956398
0.7338 -0.615885
0.734 0.515222
0.7342 0.984493
0.7344 0.186416
0.7346 -0.852369
0.7348 -0.790747
0.735 0.293683
0.7352 0.998104
0.7354 0.407975
0.7356 -0.712402
0.7358 -0.90634
0.736 0.0804846
0.7362 0.962656
0.7364 0.587466
0.7366 -0.556388
0.7368 -0.971784
0.737 -0.112657
0.7372 0.89471
0.7374 0.725838
0.7376 -0.398767
0.7378 -0.998038
0.738 -0.280228
0.7382 0.808091
0.7384 0.82767
0.7386 -0.248951
0.7388 -0.995782
0.739 -0.421039
0.7392 0.713335
0.7394 0.899128
0.7396 -0.112282
0.7398 -0.974284
0.74 -0.536581
0.7402 0.617837
0.7404 0.946617
0.7406 0.0088962
0.7408 -0.940945
0.741 -0.629769
0.7412 0.526322
0.7414 0.975988
0.7416 0.114281
0.7418 -0.901275
0.742 -0.704071
0.7422 0.441422
0.7424 0.992174
0.7426 0.204847
0.7428 -0.859078
0.743 -0.762969
0.7432 0.36421
0.7434 0.999072
0.7436 0.282292
0.7438 -0.816737
0.744 -0.809655
0.7442 0.294656
0.7444 0.999588
0.7446 0.348668
0.7448 -0.7755
0.745 -0.846902
0.7452 0.231973
0.7454 0.995754
0.7456 0.406143
0.7458 -0.73574
0.746 -0.877023
0.7462 0.174872
0.7464 0.988856
0.7466 0.456867
0.7468 -0.697167
0.747 -0.901884
0.7472 0.121745
0.7474 0.979569
0.7476 0.50289
0.7478 -0.658989
0.748 -0.922942
0.7482 0.0707823
0.7484 0.968055
0.7486 0.546117
0.7488 -0.620026
0.749 -0.941263
0.7492 0.0200613
0.7494 0.954031
0.7496 0.588271
0.7498 -0.57879
0.75 -0.957528
0.7502 -0.0323877
0.7504 0.936799
0.7506 0.630841
0.7508 -0.53353
0.751 -0.972006
0.7512 -0.0885213
0.7514 0.915243
0.7516 0.675017
0.7518 -0.482264
0.752 -0.984485
0.7522 -0.150212
0.7524 0.887795
0.7526 0.721582
0.7528 -0.422805
0.753 -0.994174
0.7532 -0.219147
0.7534 0.852379
0.7536 0.770762
0.7538 -0.3528
0.754 -0.999553
0.7542 -0.29668
0.7544 0.806359
0.7546 0.822017
0.7548 -0.269826
0.755 -0.998203
0.7552 -0.383607
0.7554 0.746504
0.7556 0.873768
0.7558 -0.171549
0.756 -0.986628
0.7562 -0.479841
0.7564 0.669037
0.7566 0.923062
0.7568 -0.0560334
0.757 -0.960108
0.7572 -0.58396
0.7574 0.569808
0.7576 0.965199
0.7578 0.0777718
0.758 -0.912648
0.7582 -0.692615
0.7584 0.444703
0.7586 0.993376
0.7588 0.2293
0.759 -0.837149
0.7592 -0.799831
0.7594 0.290376
0.7596 0.998463
0.7598 0.395353
0.76 -0.725942
0.7602 -0.896273
0.7604 0.105437
0.7606 0.969104
0.7608 0.568835
0.761 -0.571905
0.7612 -0.968686
0.7614 -0.107842
0.7616 0.892437
0.7618 0.737381
0.762 -0.370374
0.7622 -0.99987
0.7624 -0.341327
0.7626 0.755816
0.7628 0.882249
0.763 -0.121985
0.7632 -0.969704
0.7634 -0.578628
0.7636 0.549926
0.7638 0.978119
0.764 0.163622
0.7642 -0.85794
0.7644 -0.793176
0.7646 0.273524
0.7648 0.994805
0.765 0.463827
0.7652 -0.649426
0.7654 -0.948021
0.7656 -0.0604637
0.7658 0.902093
0.766 0.740137
0.7662 -0.342016
0.7664 -0.999168
0.7666 -0.418755
0.7668 0.678723
0.767 0.938725
0.7672 0.0436925
0.7674 -0.904428
0.7676 -0.744168
0.7678 0.325452
0.768 0.997549
0.7682 0.455611
0.7684 -0.638988
0.7686 -0.959072
0.7688 -0.120256
0.769 0.862935
0.7692 0.807863
0.7694 -0.216206
0.7696 -0.98085
0.7698 -0.574155
0.77 0.5159
0.7702 0.992413
0.7704 0.292815
0.7706 -0.7523
0.7708 -0.909878
0.771 0.00239574
0.7712 0.911165
0.7714 0.753569
0.7716 -0.282925
0.7718 -0.989456
0.772 -0.547403
0.7722 0.527706
0.7724 0.992985
0.7726 0.315146
0.7728 -0.723804
0.773 -0.933535
0.7732 -0.0777078
0.7734 0.865823
0.7736 0.826022
0.7738 -0.148419
0.774 -0.954548
0.7742 -0.68609
0.7744 0.351732
0.7746 0.995232
0.7748 0.52834
0.775 -0.525536
0.7752 -0.995892
0.7754 -0.365209
0.7756 0.667263
0.7758 0.965813
0.776 0.206453
0.7762 -0.777555
0.7764 -0.914395
0.7766 -0.0590758
0.7768 0.859287
0.777 0.850354
0.7772 -0.0724093
0.7774 -0.91667
0.7776 -0.781255
0.7778 0.185547
0.778 0.9545
0.7782 0.713321
0.7784 -0.279428
0.7786 -0.977581
0.7788 -0.651428
0.779 0.354175
0.7792 0.99032
0.7794 0.599224
0.7796 -0.410491
0.7798 -0.996451
0.78 -0.559312
0.7802 0.449277
0.7804 0.99888
0.7806 0.533433
0.7808 -0.47134
0.781 -0.999593
0.7812 -0.522628
0.7814 0.477188
0.7816 0.999608
0.7818 0.52735
0.782 -0.466912
0.7822 -0.998953
0.7824 -0.547503
0.7826 0.440148
0.7828 0.996645
0.783 0.582416
0.7832 -0.396123
0.7834 -0.990688
0.7836 -0.630729
0.7838 0.333795
0.784 0.978091
0.7842 0.69023
0.7844 -0.252083
0.7846 -0.954925
0.7848 -0.757628
0.785 0.150209
0.7852 0.91647
0.7854 0.828321
0.7856 -0.0281513
0.7858 -0.857479
0.786 -0.896192
0.7862 -0.112803
0.7864 0.772622
0.7866 0.953514
0.7868 0.269435
0.787 -0.657138
0.7872 -0.991038
0.7874 -0.435965
0.7876 0.507722
0.7878 0.998395
0.788 0.603529
0.7882 -0.323636
0.7884 -0.964886
0.7886 -0.759918
0.7888 0.107952
0.789 0.880763
0.7892 0.889776
0.7894 0.131241
0.7896 -0.738996
0.7898 -0.97547
0.79 -0.379913
0.7902 0.537455
0.7904 0.998835
0.7906 0.617842
0.7908 -0.28123
0.791 -0.943864
0.7912 -0.819419
0.7914 -0.0153372
0.7916 0.800258
0.7918 0.955925
0.792 0.327548
0.7922 -0.567444
0.7924 -0.999479
0.7926 -0.620911
0.7928 0.258326
0.793 0.928563
0.7932 0.854085
0.7934 0.0982977
0.7936 -0.734502
0.7938 -0.984624
0.794 -0.457946
0.7942 0.427673
0.7944 0.977359
0.7946 0.764472
0.7948 -0.041634
0.795 -0.814355
0.7952 -0.958557
0.7954 -0.366919
0.7956 0.50435
0.7958 0.990256
0.796 0.724226
0.7962 -0.0887158
0.7964 -0.833677
0.7966 -0.952334
0.7968 -0.359342
0.797 0.500219
0.7972 0.987647
0.7974 0.744868
0.7976 -0.0456543
0.7978 -0.801555
0.798 -0.970971
0.7982 -0.433686
0.7984 0.41718
0.7986 0.96554
0.7988 0.818417
0.799 0.0848466
0.7992 -0.708262
0.7994 -0.99626
0.7996 -0.577543
0.7998 0.248533
0.8 0.898512
0.8002 0.917478
0.8004 0.295347
0.8006 -0.53153
0.8008 -0.9885
0.801 -0.761509
0.8012 -0.0102928
0.8014 0.746939
0.8016 0.992223
0.8018 0.560869
0.802 -0.25085
0.8022 -0.891657
0.8024 -0.930111
0.8026 -0.343241
0.8028 0.472795
0.803 0.972041
0.8032 0.823757
0.8034 0.129318
0.8036 -0.649684
0.8038 -0.999601
0.804 -0.692611
0.8042 0.0673427
0.8044 0.782372
0.8046 0.98765
0.8048 0.552375
0.805 -0.239315
0.8052 -0.875832
0.8054 -0.949078
0.8056 -0.414604
0.8058 0.383836
0.806 0.937049
0.8062 0.895112
0.8064 0.287052
0.8066 -0.501306
0.8068 -0.973507
0.807 -0.834794
0.8072 -0.174363
0.8074 0.593996
0.8076 0.992233
0.8078 0.774952
0.808 0.0788672
0.8082 -0.66506
0.8084 -0.999284
0.8086 -0.720424
0.8088 -0.00130336
0.809 0.717843
0.8092 0.999525
0.8094 0.674401
0.8096 -0.0585799
0.8098 -0.755444
0.81 -0.996622
0.8102 -0.638778
0.8104 0.10158
0.8106 0.780479
0.8108 0.993124
0.811 0.614468
0.8112 -0.128736
0.8114 -0.794979
0.8116 -0.99061
0.8118 -0.601659
0.812 0.141146
0.8122 0.800393
0.8124 0.989844
0.8126 0.600003
0.8128 -0.139872
0.813 -0.797639
0.8132 -0.990925
0.8134 -0.608749
0.8136 0.125918
0.8138 0.787198
0.814 0.993425
0.8142 0.626833
0.8144 -0.100242
0.8146 -0.769228
0.8148 -0.996524
0.815 -0.652942
0.8152 0.0638032
0.8154 0.743676
0.8156 0.999123
0.8158 0.685564
0.816 -0.017612
0.8162 -0.7104
0.8164 -0.999961
0.8166 -0.723024
0.8168 -0.0372222
0.817 0.669278
0.8172 0.997719
0.8174 0.763535
0.8176 0.0994526
0.8178 -0.620305
0.818 -0.991128
0.8182 -0.805258
0.8184 -0.167678
0.8186 0.563673
0.8188 0.979063
0.819 0.846359
0.8192 0.240347
0.8194 -0.499825
0.8196 -0.960631
0.8198 -0.885095
0.82 -0.315786
0.8202 0.429488
0.8204 0.935245
0.8206 0.919884
0.8208 0.392252
0.821 -0.353672
0.8212 -0.902676
0.8214 -0.949391
0.8216 -0.467994
0.8218 0.273648
0.822 0.863081
0.8222 0.972593
0.8224 0.54134
0.8226 -0.190896
0.8228 -0.817005
0.823 -0.988837
0.8232 -0.610768
0.8234 0.10704
0.8236 0.765363
0.8238 0.997871
0.824 0.674986
0.8242 -0.0237654
0.8244 -0.70939
0.8246 -0.999853
0.8248 -0.732992
0.825 -0.0572602
0.8252 0.650577
0.8254 0.99534
0.8256 0.784109
0.8258 0.134463
0.826 -0.590597
0.8262 -0.98524
0.8264 -0.828004
0.8266 -0.206427
0.8268 0.531224
0.827 0.97076
0.8272 0.864677
0.8274 0.271931
0.8276 -0.474259
0.8278 -0.953328
0.828 -0.894418
0.8282 -0.329971
0.8284 0.421463
0.8286 0.934511
0.8288 0.917751
0.829 0.379749
0.8292 -0.374511
0.8294 -0.915929
0.8296 -0.935353
0.8298 -0.42064
0.83 0.334953
0.8302 0.899174
0.8304 0.947959
0.8306 0.452138
0.8308 -0.304203
0.831 -0.885719
0.8312 -0.956255
0.8314 -0.473783
0.8316 0.283536
0.8318 0.876853
0.832 0.960771
0.8322 0.485081
0.8324 -0.274086
0.8326 -0.873588
0.8328 -0.961763
0.833 -0.485422
0.8332 0.276849
0.8334 0.876587
0.8336 0.959096
0.8338 0.474006
0.834 -0.292668
0.8342 -0.886059
0.8344 -0.952133
0.8346 -0.449786
0.8348 0.322186
0.835 0.901647
0.8352 0.939624
0.8354 0.411448
0.8356 -0.365759
0.8358 -0.922286
0.836 -0.919618
0.8362 -0.357448
0.8364 0.423308
0.8366 0.946039
0.8368 0.889402
0.837 0.286116
0.8372 -0.494097
0.8374 -0.969914
0.8376 -0.845502
0.8378 -0.195878
0.838 0.576428
0.8382 0.989682
0.8384 0.783781
0.8386 0.0855953
0.8388 -0.667264
0.839 -0.99974
0.8392 -0.699687
0.8394 0.0449206
0.8396 0.761792
0.8398 0.993084
0.84 0.588709
0.8402 -0.194235
0.8404 -0.852998
0.8406 -0.961488
0.8408 -0.447111
0.841 0.35846
0.8412 0.931348
0.8414 0.895998
0.8416 0.272996
0.8418 -0.530357
0.842 -0.984748
0.8422 -0.787905
0.8424 -0.0676851
0.8426 0.698517
0.8428 0.998988
0.843 0.630286
0.8432 -0.162658
0.8434 -0.846898
0.8436 -0.958953
0.8438 -0.42019
0.844 0.405419
0.8442 0.9551
0.8444 0.850829
0.8446 0.161334
0.8448 -0.640361
0.845 -0.99985
0.8452 -0.665449
0.8454 0.133042
0.8456 0.839571
0.8458 0.958163
0.846 0.402633
0.8462 -0.437912
0.8464 -0.969331
0.8466 -0.81244
0.8468 -0.0759117
0.847 0.71591
0.8472 0.994739
0.8474 0.55728
0.8476 -0.283609
0.8478 -0.919895
0.848 -0.887513
0.8482 -0.206948
0.8484 0.626166
0.8486 0.999972
0.8488 0.636497
0.849 -0.198672
0.8492 -0.88736
0.8494 -0.915513
0.8496 -0.258931
0.8498 0.592855
0.85 0.999277
0.8502 0.651076
0.8504 -0.191298
0.8506 -0.889219
0.8508 -0.909108
0.851 -0.232497
0.8512 0.623746
0.8514 0.999921
0.8516 0.602543
0.8518 -0.263393
0.852 -0.925156
0.8522 -0.864192
0.8524 -0.124917
0.8526 0.713691
0.8528 0.989411
0.853 0.480953
0.8532 -0.41083
0.8534 -0.975762
0.8536 -0.759726
0.8538 0.0672926
0.854 0.841088
0.8542 0.935135
0.8544 0.269873
0.8546 -0.616141
0.8548 -0.999493
0.855 -0.563331
0.8552 0.337106
0.8554 0.960227
0.8556 0.788325
0.8558 -0.039325
0.856 -0.835188
0.8562 -0.932854
0.8564 -0.247086
0.8566 0.647755
0.8568 0.995965
0.857 0.499638
0.8572 -0.42258
0.8574 -0.985019
0.8576 -0.704133
0.8578 0.182401
0.858 0.912672
0.8582 0.854068
0.8584 0.0539525
0.8586 -0.794092
0.8588 -0.949261
0.859 -0.272477
0.8592 0.644717
0.8594 0.994154
0.8596 0.46407
0.8598 -0.478677
0.86 -0.996111
0.8602 -0.62403
0.8604 0.307847
0.8606 0.963942
0.8608 0.75125
0.861 -0.141452
0.8612 -0.906742
0.8614 -0.847288
0.8616 -0.0139407
0.8618 0.833077
0.862 0.915477
0.8622 0.154157
0.8624 -0.75049
0.8626 -0.960155
0.8628 -0.277005
0.863 0.665269
0.8632 0.98605
0.8634 0.381817
0.8636 -0.582401
0.8638 -0.997826
0.864 -0.468999
0.8642 0.505663
0.8644 0.999785
0.8646 0.539632
0.8648 -0.437779
0.865 -0.995683
0.8652 -0.595136
0.8654 0.380614
0.8656 0.988641
0.8658 0.637014
0.866 -0.335363
0.8662 -0.981118
0.8664 -0.666658
0.8666 0.302724
0.8668 0.974918
0.867 0.685218
0.8672 -0.283037
0.8674 -0.971229
0.8676 -0.693519
0.8678 0.276387
0.868 0.970651
0.8682 0.692024
0.8684 -0.282666
0.8686 -0.973234
0.8688 -0.680823
0.869 0.301602
0.8692 0.978505
0.8694 0.659657
0.8696 -0.332753
0.8698 -0.985489
0.87 -0.627967
0.8702 0.375462
0.8704 0.992728
0.8706 0.584969
0.8708 -0.428799
0.871 -0.998304
0.8712 -0.529754
0.8714 0.491478
0.8716 0.999865
0.8718 0.461412
0.872 -0.561766
0.8722 -0.994685
0.8724 -0.379191
0.8726 0.63739
0.8728 0.979742
0.873 0.282669
0.8732 -0.715464
0.8734 -0.95184
0.8736 -0.171955
0.8738 0.792437
0.874 0.907781
0.8742 0.0478917
0.8744 -0.864095
0.8746 -0.844583
0.8748 0.0877435
0.875 0.925621
0.8752 0.759755
0.8754 -0.232064
0.8756 -0.971736
0.8758 -0.65161
0.876 0.380952
0.8762 0.996934
0.8764 0.519604
0.8766 -0.529014
0.8768 -0.995813
0.877 -0.364678
0.8772 0.669646
0.8774 0.963505
0.8776 0.189556
0.8778 -0.795237
0.878 -0.896178
0.8782 0.00103051
0.8784 0.897524
0.8786 0.79159
0.8788 -0.200253
0.879 -0.968113
0.8792 -0.649634
0.8794 0.399274
0.8796 0.999146
0.8798 0.472824
0.88 -0.587552
0.8802 -0.984088
0.8804 -0.266642
0.8806 0.753389
0.8808 0.91857
0.881 0.0396682
0.8812 -0.884724
0.8814 -0.801208
0.8816 0.196568
0.8818 0.970137
0.882 0.634293
0.8822 -0.42807
0.8824 -0.999998
0.8826 -0.424256
0.8828 0.639217
0.883 0.967663
0.8832 0.181779
0.8834 -0.813926
0.8836 -0.870581
0.8838 0.0785139
0.884 0.937092
0.8842 0.711168
0.8844 -0.338835
0.8846 -0.996158
0.8848 -0.49729
0.885 0.579492
0.8852 0.98267
0.8854 0.242247
0.8856 -0.780535
0.8858 -0.893624
0.886 0.0358559
0.8862 0.923678
0.8864 0.7324
0.8866 -0.31533
0.8868 -0.994292
0.887 -0.509123
0.8872 0.572693
0.8874 0.983238
0.8876 0.240313
0.8878 -0.784849
0.888 -0.888301
0.8882 0.0522105
0.8884 0.931474
0.8886 0.714991
0.8888 -0.343128
0.889 -0.997308
0.8892 -0.476562
0.8894 0.605971
0.8896 0.97408
0.8898 0.193155
0.89 -0.815795
0.8902 -0.86179
0.8904 0.109902
0.8906 0.951856
0.8908 0.669147
0.891 -0.404478
0.8912 -0.999989
0.8914 -0.413036
0.8916 0.662476
0.8918 0.954342
0.892 0.117048
0.8922 -0.858793
0.8924 -0.818261
0.8926 0.190817
0.8928 0.974036
0.893 0.60415
0.8932 -0.481004
0.8934 -0.996679
0.8936 -0.332315
0.8938 0.725495
0.894 0.924359
0.8942 0.0288932
0.8944 -0.900757
0.8946 -0.764159
0.8948 0.276874
0.895 0.990207
0.8952 0.531839
0.8954 -0.555707
0.8956 -0.985875
0.8958 -0.250108
0.896 0.781326
0.8962 0.889104
0.8964 -0.0538404
0.8966 -0.933098
0.8968 -0.710204
0.897 0.351222
0.8972 0.997986
0.8974 0.467145
0.8976 -0.614625
0.8978 -0.971616
0.898 -0.183473
0.8982 0.820709
0.8984 0.858359
0.8986 -0.114265
0.8988 -0.952328
0.899 -0.670494
0.8992 0.399277
0.8994 0.99989
0.8996 0.426584
0.8998 -0.64713
0.9 -0.961836
0.9002 -0.14932
0.9004 0.837924
0.9006 0.844264
0.9008 -0.136889
0.901 -0.957842
0.9012 -0.659815
0.9014 0.408306
0.9016 0.999955
0.9018 0.426004
0.902 -0.643959
0.9022 -0.964276
0.9024 -0.163237
0.9026 0.827272
0.9028 0.857136
0.903 -0.107244
0.9032 -0.947087
0.9034 -0.690032
0.9036 0.365269
0.9038 0.998079
0.904 0.478117
0.9042 -0.593321
0.9044 -0.980568
0.9046 -0.238551
0.9048 0.777677
0.905 0.899853
0.9052 -0.0111217
0.9054 -0.90906
0.9056 -0.765189
0.9058 0.254402
0.906 0.98281
0.9062 0.588568
0.9064 -0.476975
0.9066 -0.998638
0.9068 -0.383441
0.907 0.66749
0.9072 0.960039
0.9074 0.163522
0.9076 -0.81797
0.9078 -0.873498
0.908 0.058238
0.9082 0.923886
0.9084 0.747582
0.9086 -0.270453
0.9088 -0.983942
0.909 -0.592018
0.9092 0.463831
0.9094 0.999647
0.9096 0.416852
0.9098 -0.631456
0.91 -0.974748
0.9102 -0.231735
0.9104 0.768837
0.9106 0.914612
0.9108 0.0453681
0.911 -0.873775
0.9112 -0.825598
0.9114 0.134866
0.9116 0.946086
0.9118 0.714495
0.912 -0.303115
0.9122 -0.987247
0.9124 -0.588034
0.9126 0.455121
0.9128 0.999998
0.913 0.452514
0.9132 -0.588154
0.9134 -0.98795
0.9136 -0.313535
0.9138 0.700875
0.914 0.955214
0.9142 0.175831
0.9144 -0.793126
0.9146 -0.906093
0.9148 -0.0431998
0.915 0.865706
0.9152 0.844824
0.9154 -0.0814913
0.9156 -0.920132
0.9158 -0.775387
0.916 0.196249
0.9162 0.958415
0.9164 0.701378
0.9166 -0.299854
0.9168 -0.982864
0.917 -0.625935
0.9172 0.391739
0.9174 0.995913
0.9176 0.551707
0.9178 -0.471859
0.918 -0.999989
0.9182 -0.480863
0.9184 0.540562
0.9186 0.997407
0.9188 0.415125
0.919 -0.598463
0.9192 -0.990297
0.9194 -0.355813
0.9196 0.646341
0.9198 0.980558
0.92 0.303909
0.9202 -0.685041
0.9204 -0.969826
0.9206 -0.260116
0.9208 0.715398
0.921 0.959467
0.9212 0.224913
0.9214 -0.738172
0.9216 -0.950571
0.9218 -0.198614
0.922 0.754005
0.9222 0.943955
0.9224 0.181408
0.9226 -0.763385
0.9228 -0.940175
0.923 -0.173391
0.9232 0.766619
0.9234 0.939526
0.9236 0.174594
0.9238 -0.763825
0.924 -0.942053
0.9242 -0.184988
0.9244 0.754927
0.9246 0.947549
0.9248 0.204489
0.925 -0.73966
0.9252 -0.955559
0.9254 -0.232938
0.9256 0.717584
0.9258 0.965371
0.926 0.270084
0.9262 -0.688111
0.9264 -0.976021
0.9266 -0.315546
0.9268 0.650535
0.927 0.986286
0.9272 0.36877
0.9274 -0.604085
0.9276 -0.994687
0.9278 -0.428983
0.928 0.547978
0.9282 0.999505
0.9284 0.495137
0.9286 -0.481494
0.9288 -0.998796
0.929 -0.565855
0.9292 0.40406
0.9294 0.990439
0.9296 0.639387
0.9298 -0.315351
0.93 -0.972188
0.9302 -0.713566
0.9304 0.215395
0.9306 0.94176
0.9308 0.785793
0.931 -0.104686
0.9312 -0.896943
0.9314 -0.853041
0.9316 -0.0157003
0.9318 0.835734
0.932 0.911889
0.9322 0.144004
0.9324 -0.756504
0.9326 -0.958609
0.9328 -0.277699
0.933 0.65818
0.9332 0.989285
0.9334 0.413436
0.9336 -0.540441
0.9338 -0.999994
0.934 -0.547045
0.9342 0.40392
0.9344 0.987034
0.9346 0.673588
0.9348 -0.250382
0.935 -0.947198
0.9352 -0.787487
0.9354 0.0828682
0.9356 0.878085
0.9358 0.882738
0.936 0.0942169
0.9362 -0.778432
0.9364 -0.95321
0.9366 -0.275107
0.9368 0.648431
0.937 0.993023
0.9372 0.452776
0.9374 -0.490019
0.9376 -0.997004
0.9378 -0.619171
0.938 0.30709
0.9382 0.96118
0.9384 0.765572
0.9386 -0.105597
0.9388 -0.88329
0.939 -0.883084
0.9392 -0.106495
0.9394 0.763257
0.9396 0.963255
0.9398 0.319428
0.94 -0.603578
0.9402 -0.998767
0.9404 -0.522065
0.9406 0.409569
0.9408 0.984171
0.941 0.7025
0.9412 -0.189418
0.9414 -0.91659
0.9416 -0.848845
0.9418 -0.0460095
0.942 0.796326
0.9422 0.95015
0.9424 0.28362
0.9426 -0.627283
0.9428 -0.997382
0.943 -0.508821
0.9432 0.417141
0.9434 0.984398
0.9436 0.706489
0.9438 -0.177213
0.944 -0.908789
0.9442 -0.862126
0.9444 -0.0780423
0.9446 0.772504
0.9448 0.963113
0.945 0.331864
0.9452 -0.582159
0.9454 -0.999951
0.9456 -0.566343
0.9458 0.348946
0.946 0.967358
0.9462 0.763823
0.9464 -0.088113
0.9466 -0.865092
0.9468 -0.908416
0.947 -0.181995
0.9472 0.698388
0.9474 0.987512
0.9476 0.441274
0.9478 -0.477913
0.948 -0.993106
0.9482 -0.669487
0.9484 0.219209
0.9486 0.922801
0.9488 0.848026
0.949 0.0583793
0.9492 -0.780344
0.9494 -0.961647
0.9496 -0.333208
0.9498 0.575618
0.95 0.99999
0.9502 0.583151
0.9504 -0.324029
0.9506 -0.958711
0.9508 -0.78756
0.951 0.0453466
0.9512 0.840093
0.9514 0.929164
0.9516 0.237936
0.9518 -0.653036
0.952 -0.995721
0.9522 -0.502555
0.9524 0.41241
0.9526 0.981224
0.9528 0.726561
0.953 -0.137818
0.9532 -0.88654
0.9534 -0.891311
0.9536 -0.148116
0.9538 0.719389
0.954 0.983167
0.9542 0.421773
0.9544 -0.493671
0.9546 -0.994729
0.9548 -0.66065
0.955 0.228203
0.9552 0.925456
0.9554 0.845367
0.9556 0.0550097
0.9558 -0.781642
0.956 -0.961343
0.9562 -0.332769
0.9564 0.575739
0.9566 0.99999
0.9568 0.582751
0.957 -0.325119
0.9572 -0.959317
0.9574 -0.785431
0.9576 0.0504205
0.9578 0.843889
0.958 0.92568
0.9582 0.226346
0.9584 -0.664201
0.9586 -0.993887
0.9588 -0.483726
0.959 0.435528
0.9592 0.986523
0.9594 0.702609
0.9596 -0.176412
0.9598 -0.90613
0.96 -0.867686
0.9602 -0.0930491
0.9604 0.760767
0.9606 0.968486
0.9608 0.352934
0.961 -0.563014
0.9612 -0.999907
0.9614 -0.585085
0.9616 0.328656
0.9618 0.962247
0.962 0.774415
0.9622 -0.0752139
0.9624 -0.86077
0.9626 -0.909836
0.9628 -0.179551
0.963 0.704895
0.9632 0.984772
0.9634 0.418997
0.9636 -0.507127
0.9638 -0.997242
0.964 -0.628737
0.9642 0.281845
0.9644 0.94957
0.9646 0.797462
0.9648 -0.044078
0.965 -0.84778
0.9652 -0.917433
0.9654 -0.191624
0.9656 0.700782
0.9658 0.984629
0.966 0.412147
0.9662 -0.51943
0.9664 -0.998593
0.9666 -0.606531
0.9668 0.315563
0.967 0.962041
0.9672 0.766432
0.9674 -0.101108
0.9676 -0.880277
0.9678 -0.88633
0.968 -0.1127
0.9682 0.76052
0.9684 0.9635
0.9686 0.315932
0.9688 -0.611188
0.969 -0.997795
0.9692 -0.500386
0.9694 0.441218
0.9696 0.991279
0.9698 0.659832
0.97 -0.259455
0.9702 -0.947782
0.9704 -0.790077
0.9706 0.0741552
0.9708 0.872401
0.971 0.888888
0.9712 0.107395
0.9714 -0.771016
0.9716 -0.955805
0.9718 -0.279121
0.972 0.649839
0.9722 0.991873
0.9724 0.436291
0.9726 -0.515023
0.9728 -0.999334
0.973 -0.575535
0.9732 0.372354
0.9734 0.981303
0.9736 0.694784
0.9738 -0.22702
0.974 -0.941461
0.9742 -0.793138
0.9744 0.0834626
0.9746 0.883771
0.9748 0.870703
0.975 0.0546981
0.9752 -0.812243
0.9754 -0.9284
0.9756 -0.184681
0.9758 0.73074
0.976 0.967769
0.9762 0.304507
0.9764 -0.642839
0.9766 -0.990787
0.9768 -0.41293
0.977 0.551733
0.9772 0.999698
0.9774 0.509346
0.9776 -0.460179
0.9778 -0.99687
0.978 -0.593682
0.9782 0.370479
0.9784 0.984679
0.9786 0.666291
0.9788 -0.284489
0.979 -0.965413
0.9792 -0.727843
0.9794 0.203649
0.9796 0.94121
0.9798 0.779228
0.98 -0.12903
0.9802 -0.914014
0.9804 -0.821469
0.9806 0.0613779
0.9808 0.885549
0.981 0.855647
0.9812 -0.00117886
0.9814 -0.857308
0.9816 -0.88284
0.9818 -0.0512923
0.982 0.830556
0.9822 0.904073
0.9824 0.0959174
0.9826 -0.806339
0.9828 -0.920281
0.983 -0.132688
0.9832 0.785494
0.9834 0.93228
0.9836 0.161666
0.9838 -0.768673
0.984 -0.940749
0.9842 -0.182949
0.9844 0.756349
0.9846 0.946215
0.9848 0.196644
0.985 -0.748839
0.9852 -0.949047
0.9854 -0.20285
0.9856 0.746311
0.9858 0.949451
0.986 0.201644
0.9862 -0.748796
0.9864 -0.947472
0.9866 -0.193078
0.9868 0.756189
0.987 0.943
0.9872 0.17718
0.9874 -0.768254
0.9876 -0.93577
0.9878 -0.153965
0.988 0.784623
0.9882 0.925378
0.9884 0.123441
0.9886 -0.804787
0.9888 -0.91129
0.989 -0.0856398
0.9892 0.828097
0.9894 0.892859
0.9896 0.0406306
0.9898 -0.853751
0.99 -0.869349
0.9902 0.0114451
0.9904 0.880795
0.9906 0.839957
0.9908 -0.0703439
0.991 -0.908114
0.9912 -0.803847
0.9914 0.135686
0.9916 0.93444
0.9918 0.760189
0.992 -0.206922
0.9922 -0.958353
0.9924 -0.708201
0.9926 0.283297
0.9928 0.978304
0.993 0.647198
0.9932 -0.363823
0.9934 -0.992632
0.9936 -0.576651
0.9938 0.447253
0.994 0.999605
0.9942 0.496242
0.9944 -0.532069
0.9946 -0.997466
0.9948 -0.405923
0.995 0.616472
0.9952 0.984494
0.9954 0.305977
0.9956 -0.698396
0.9958 -0.959072
0.996 -0.197072
0.9962 0.775537
0.9964 0.919772
0.9966 0.0803004
0.9968 -0.845394
0.997 -0.86544
0.9972 0.0427823
0.9974 0.905338
0.9976 0.795291
0.9978 -0.17015
0.998 -0.952696
0.9982 -0.708998
0.9984 0.299312
0.9986 0.984854
0.9988 0.606777
0.999 -0.427348
0.9992 -0.999381
0.9994 -0.489457
0.9996 0.550972
0.9998 0.994153
