0 -0.653644
0.0002 0.288678
0.0004 0.963003
0.0006 0.743791
0.0008 -0.165302
0.001 -0.921025
0.0012 -0.822845
0.0014 0.0379317
0.0016 0.863482
0.0018 0.889119
0.002 0.0913944
0.0022 -0.790867
0.0024 -0.941067
0.0026 -0.220496
0.0028 0.703975
0.003 0.97733
0.0032 0.347081
0.0034 -0.603912
0.0036 -0.996777
0.0038 -0.468791
0.004 0.492093
0.0042 0.99854
0.0044 0.58324
0.0046 -0.370235
0.0048 -0.98206
0.005 -0.688067
0.0052 0.240338
0.0054 0.947109
0.0056 0.780987
0.0058 -0.104663
0.006 -0.893828
0.0062 -0.859849
0.0064 -0.0343003
0.0066 0.82274
0.0068 0.92269
0.007 0.173876
0.0072 -0.734771
0.0074 -0.967794
0.0076 -0.311249
0.0078 0.631246
0.008 0.993747
0.0082 0.443522
0.0084 -0.513894
0.0086 -0.999489
0.0088 -0.567781
0.009 0.384823
0.0092 0.98436
0.0094 0.681159
0.0096 -0.246497
0.0098 -0.948141
0.01 -0.780911
0.0102 0.101699
0.0104 0.891088
0.0106 0.864487
0.0108 0.0465199
0.011 -0.813951
0.0112 -0.929608
0.0114 -0.194903
0.0116 0.717982
0.0118 0.97434
0.012 0.340054
0.0122 -0.604938
0.0124 -0.997157
0.0126 -0.478521
0.0128 0.477057
0.013 0.99701
0.0132 0.606879
0.0134 -0.337031
0.0136 -0.973376
0.0138 -0.721822
0.014 0.187955
0.0142 0.926298
0.0144 0.820259
0.0146 -0.0332687
0.0148 -0.856418
0.015 -0.899405
0.0152 -0.123319
0.0154 0.764986
0.0156 0.956873
0.0158 0.277918
0.016 -0.653856
0.0162 -0.990759
0.0164 -0.426558
0.0166 0.525465
0.0168 0.999719
0.017 0.56529
0.0172 -0.382792
0.0174 -0.98303
0.0176 -0.690305
0.0178 0.229297
0.018 0.94064
0.0182 0.798041
0.0184 -0.0688455
0.0186 -0.873199
0.0188 -0.885302
0.019 -0.0943864
0.0192 0.782071
0.0194 0.949364
0.0196 0.25602
0.0198 -0.669322
0.02 -0.988074
0.0202 -0.411595
0.0204 0.537687
0.0206 0.999936
0.0208 0.556698
0.021 -0.390519
0.0212 -0.984183
0.0214 -0.687096
0.0216 0.231705
0.0218 0.940823
0.022 0.79887
0.0222 -0.0655743
0.0224 -0.870672
0.0226 -0.888548
0.0228 -0.10322
0.023 0.775353
0.0232 0.953223
0.0234 0.269834
0.0236 -0.657277
0.0238 -0.990666
0.024 -0.429376
0.0242 0.519589
0.0244 0.999411
0.0246 0.577057
0.0248 -0.366097
0.025 -0.97883
0.0252 -0.708344
0.0254 0.20117
0.0256 0.929176
0.0258 0.819112
0.026 -0.0296148
0.0262 -0.851599
0.0264 -0.905784
0.0266 -0.143462
0.0268 0.748131
0.027 0.965464
0.0272 0.312813
0.0274 -0.62165
0.0276 -0.996043
0.0278 -0.473213
0.028 0.475803
0.0282 0.99629
0.0284 0.619633
0.0286 -0.314905
0.0288 -0.965909
0.029 -0.747403
0.0292 0.143817
0.0294 0.905571
0.0296 0.852377
0.0298 0.0322062
0.03 -0.816914
0.0302 -0.931077
0.0304 -0.207678
0.0306 0.7025
0.0308 0.980821
0.031 0.37706
0.0312 -0.565755
0.0314 -0.999829
0.0316 -0.534941
0.0318 0.410866
0.032 0.987292
0.0322 0.676224
0.0324 -0.242653
0.0326 -0.943417
0.0328 -0.796299
0.033 0.0664182
0.0332 0.869433
0.0334 0.891201
0.0336 0.112226
0.0338 -0.767563
0.034 -0.957757
0.0342 -0.287544
0.0344 0.640961
0.0346 0.993697
0.0348 0.453863
0.035 -0.493617
0.0352 -0.997741
0.0354 -0.605772
0.0356 0.330224
0.0358 0.969651
0.036 0.738303
0.0362 -0.156034
0.0364 -0.910249
0.0366 -0.847103
0.0368 -0.0233246
0.037 0.821391
0.0372 0.928586
0.0374 0.202031
0.0376 -0.705915
0.0378 -0.980056
0.038 -0.37427
0.0382 0.567543
0.0384 0.999803
0.0386 0.534427
0.0388 -0.410763
0.039 -0.987166
0.0392 -0.677282
0.0394 0.240675
0.0396 0.942551
0.0398 0.798185
0.04 -0.0628185
0.0402 -0.867424
0.0404 -0.893213
0.0406 -0.117015
0.0408 0.764255
0.041 0.959305
0.0412 0.292977
0.0414 -0.636433
0.0416 -0.994357
0.0418 -0.459361
0.042 0.488154
0.0422 0.997296
0.0424 0.610797
0.0426 -0.324269
0.0428 -0.968108
0.043 -0.742424
0.0432 0.15012
0.0434 0.907831
0.0436 0.850055
0.0438 0.0286415
0.044 -0.818518
0.0442 -0.930313
0.0444 -0.206246
0.0446 0.703153
0.0448 0.980733
0.045 0.377002
0.0452 -0.565549
0.0454 -0.999838
0.0456 -0.535482
0.0458 0.410209
0.046 0.987177
0.0462 0.676702
0.0464 -0.242171
0.0466 -0.943328
0.0468 -0.796276
0.047 0.066836
0.0472 0.869865
0.0474 0.89056
0.0476 0.110218
0.0478 -0.769295
0.048 -0.956754
0.0482 -0.283417
0.0484 0.644958
0.0486 0.992982
0.0488 0.447374
0.049 -0.500909
0.0492 -0.998341
0.0494 -0.597061
0.0496 0.341774
0.0498 0.972909
0.05 0.727964
0.0502 -0.17259
0.0504 -0.917728
0.0506 -0.836216
0.0508 -0.00136333
0.051 0.834751
0.0512 0.918712
0.0514 0.174737
0.0516 -0.72676
0.0518 -0.973187
0.052 -0.342281
0.0522 0.597262
0.0524 0.998273
0.0526 0.49901
0.0528 -0.450364
0.053 -0.993518
0.0532 -0.64035
0.0534 0.29063
0.0536 0.95938
0.0538 0.762272
0.054 -0.122928
0.0542 -0.897192
0.0544 -0.8614
0.0546 -0.0477232
0.0548 0.809097
0.055 0.935102
0.0552 0.216315
0.0554 -0.697962
0.0556 -0.981545
0.0558 -0.377998
0.056 0.567275
0.0562 0.999728
0.0564 0.528222
0.0566 -0.421017
0.0568 -0.989495
0.057 -0.662863
0.0572 0.263535
0.0574 0.951505
0.0576 0.778335
0.0578 -0.0994029
0.058 -0.887196
0.0582 -0.871675
0.0584 -0.0667202
0.0586 0.798716
0.0588 0.940608
0.059 0.230227
0.0592 -0.688839
0.0594 -0.983596
0.0596 -0.386691
0.0598 0.560865
0.06 0.999852
0.0602 0.531986
0.0604 -0.418511
0.0606 -0.989339
0.0608 -0.662392
0.061 0.265791
0.0612 0.952746
0.0614 0.774685
0.0616 -0.106897
0.0618 -0.891442
0.062 -0.866207
0.0622 -0.0539252
0.0624 0.807415
0.0626 0.934918
0.0628 0.212491
0.063 -0.703195
0.0632 -0.979428
0.0634 -0.364786
0.0636 0.581768
0.0638 0.99901
0.064 0.507069
0.0642 -0.446479
0.0644 -0.993593
0.0646 -0.635956
0.0648 0.300928
0.065 0.96374
0.0652 0.748497
0.0654 -0.148873
0.0656 -0.910608
0.0658 -0.842233
0.066 -0.00587928
0.0662 0.835893
0.0664 0.915237
0.0666 0.159564
0.0668 -0.741767
0.067 -0.966143
0.0672 -0.308558
0.0674 0.630804
0.0676 0.994156
0.0678 0.449454
0.068 -0.505903
0.0682 -0.999046
0.0684 -0.579145
0.0686 0.370198
0.0688 0.981132
0.069 0.694876
0.0692 -0.226979
0.0694 -0.941247
0.0696 -0.7943
0.0698 0.0796028
0.07 0.880699
0.0702 0.875515
0.0704 0.0685831
0.0706 -0.801221
0.0708 -0.937084
0.071 -0.214321
0.0712 0.704909
0.0714 0.978052
0.0716 0.354511
0.0718 -0.594161
0.072 -0.997943
0.0722 -0.486274
0.0724 0.471609
0.0726 0.99675
0.0728 0.607005
0.073 -0.340049
0.0732 -0.974914
0.0734 -0.714417
0.0736 0.202378
0.0738 0.93329
0.074 0.806575
0.0742 -0.0615224
0.0744 -0.873119
0.0746 -0.881921
0.0748 -0.0796233
0.075 0.795972
0.0752 0.93929
0.0754 0.218254
0.0756 -0.703713
0.0758 -0.977915
0.076 -0.351709
0.0762 0.598441
0.0764 0.997423
0.0766 0.477516
0.0768 -0.482439
0.077 -0.997823
0.0772 -0.593435
0.0774 0.358119
0.0776 0.979493
0.0778 0.697488
0.078 -0.227971
0.0782 -0.943147
0.0784 -0.787987
0.0786 0.0945116
0.0788 0.889815
0.079 0.863549
0.0792 0.0397682
0.0794 -0.820799
0.0796 -0.923112
0.0798 -0.172444
0.08 0.737645
0.0802 0.965935
0.0804 0.3012
0.0806 -0.642096
0.0808 -0.991599
0.081 -0.423868
0.0812 0.536057
0.0814 0.999999
0.0816 0.538456
0.0818 -0.421551
0.082 -0.991328
0.0822 -0.643175
0.0824 0.300678
0.0826 0.966066
0.0828 0.736463
0.083 -0.175578
0.0832 -0.92495
0.0834 -0.816997
0.0836 0.0483911
0.0838 0.868959
0.084 0.883706
0.0842 0.078777
0.0844 -0.799279
0.0846 -0.935777
0.0848 -0.203888
0.085 0.717279
0.0852 0.972655
0.0854 0.324999
0.0856 -0.624479
0.0858 -0.994041
0.086 -0.440293
0.0862 0.52252
0.0864 0.999885
0.0866 0.548094
0.0868 -0.413133
0.087 -0.990376
0.0872 -0.646895
0.0874 0.29811
0.0876 0.965929
0.0878 0.735366
0.088 -0.179274
0.0882 -0.927168
0.0884 -0.812369
0.0886 0.058449
0.0888 0.874907
0.089 0.876967
0.0892 0.0625628
0.0894 -0.810134
0.0896 -0.928427
0.0898 -0.182008
0.09 0.733986
0.0902 0.966224
0.0904 0.298202
0.0906 -0.64773
0.0908 -0.990036
0.091 -0.409555
0.0912 0.552739
0.0914 0.999746
0.0916 0.514581
0.0918 -0.450471
0.092 -0.995431
0.0922 -0.61192
0.0924 0.342442
0.0926 0.977355
0.0928 0.700351
0.093 -0.230212
0.0932 -0.945959
0.0934 -0.778799
0.0936 0.115355
0.0938 0.90185
0.094 0.846345
0.0942 0.000553673
0.0944 -0.845784
0.0946 -0.902233
0.0948 -0.115964
0.095 0.778656
0.0952 0.945873
0.0954 0.229363
0.0956 -0.701483
0.0958 -0.976842
0.096 -0.339297
0.0962 0.615387
0.0964 0.994886
0.0966 0.444383
0.0968 -0.521577
0.097 -0.999917
0.0972 -0.543326
0.0974 0.421339
0.0976 0.992007
0.0978 0.634929
0.098 -0.31601
0.0982 -0.971386
0.0984 -0.718106
0.0986 0.20697
0.0988 0.938434
0.099 0.79189
0.0992 -0.0956189
0.0994 -0.893672
0.0996 -0.85544
0.0998 -0.0166357
0.1 0.837755
0.1002 0.908051
0.1004 0.128396
0.1006 -0.771461
0.1008 -0.949156
0.101 -0.238287
0.1012 0.695681
0.1014 0.978329
0.1016 0.344974
0.1018 -0.611403
0.102 -0.995289
0.1022 -0.447174
0.1024 0.519707
0.1026 0.9999
0.1028 0.543667
0.103 -0.421746
0.1032 -0.992168
0.1034 -0.633312
0.1036 0.318737
0.1038 0.972244
0.104 0.715055
0.1042 -0.211945
0.1044 -0.940414
0.1046 -0.787939
0.1048 0.102669
0.105 0.897101
0.1052 0.851114
0.1054 0.00776994
0.1056 -0.842857
0.1058 -0.903845
0.106 -0.118042
0.1062 0.778356
0.1064 0.945519
0.1066 0.226825
0.1068 -0.704384
0.107 -0.97565
0.1072 -0.332817
0.1074 0.621837
0.1076 0.993883
0.1078 0.434747
0.108 -0.531706
0.1082 -1
0.1084 -0.531394
0.1086 0.43507
0.1088 0.99392
0.109 0.621591
0.1092 -0.333081
0.1094 -0.975702
0.1096 -0.704248
0.1098 0.226959
0.11 0.945543
0.1102 0.778353
0.1104 -0.117971
0.1106 -0.903778
0.1108 -0.84299
0.111 0.00742502
0.1112 0.850878
0.1114 0.897349
0.1116 0.103345
0.1118 -0.787442
0.112 -0.940732
0.1122 -0.212997
0.1124 0.714201
0.1126 0.972564
0.1128 0.320188
0.113 -0.632
0.1132 -0.992399
0.1134 -0.423595
0.1136 0.541801
0.1138 0.999931
0.114 0.521928
0.1142 -0.444667
0.1144 -0.994993
0.1146 -0.613943
0.1148 0.341755
0.115 0.977568
0.1152 0.698455
0.1154 -0.234305
0.1156 -0.947784
0.1158 -0.77436
0.116 0.123625
0.1162 0.905923
0.1164 0.840639
0.1166 -0.0110816
0.1168 -0.852416
0.117 -0.896379
0.1172 -0.101919
0.1174 0.787845
0.1176 0.940782
0.1178 0.213942
0.118 -0.712935
0.1182 -0.973181
0.1184 -0.323545
0.1186 0.628551
0.1188 0.993045
0.119 0.42929
0.1192 -0.535693
0.1194 -0.999994
0.1196 -0.529767
0.1198 0.435485
0.12 0.993806
0.1202 0.623605
0.1204 -0.329166
0.1206 -0.974423
0.1208 -0.709495
0.121 0.218076
0.1212 0.941959
0.1214 0.786208
0.1216 -0.103641
0.1218 -0.896699
0.122 -0.852611
0.1222 -0.0126369
0.1224 0.839105
0.1226 0.907685
0.1228 0.129204
0.123 -0.769814
0.1232 -0.950543
0.1234 -0.244469
0.1236 0.689633
0.1238 0.980445
0.124 0.356826
0.1242 -0.599535
0.1244 -0.996813
0.1246 -0.464673
0.1248 0.500653
0.125 0.999244
0.1252 0.566437
0.1254 -0.394265
0.1256 -0.987522
0.1258 -0.660596
0.126 0.281787
0.1262 0.961625
0.1264 0.745698
0.1266 -0.164751
0.1268 -0.921735
0.127 -0.820392
0.1272 0.0447924
0.1274 0.868243
0.1276 0.883445
0.1278 0.0763728
0.128 -0.801744
0.1282 -0.933766
0.1284 -0.19697
0.1286 0.723043
0.1288 0.970427
0.129 0.315192
0.1292 -0.633147
0.1294 -0.992686
0.1296 -0.429223
0.1298 0.533256
0.13 0.999997
0.1302 0.537265
0.1304 -0.424752
0.1306 -0.992035
0.1308 -0.637573
0.131 0.309186
0.1312 0.968703
0.1314 0.728476
0.1316 -0.188256
0.1318 -0.930142
0.132 -0.808411
0.1322 0.0637878
0.1324 0.87674
0.1326 0.875953
0.1328 0.0622921
0.133 -0.809133
0.1332 -0.92984
0.1334 -0.187983
0.1336 0.728202
0.1338 0.969003
0.134 0.31124
0.1342 -0.635071
0.1344 -0.992588
0.1346 -0.43001
0.1348 0.531091
0.135 0.999978
0.1352 0.542263
0.1354 -0.417832
0.1356 -0.990817
0.1358 -0.646029
0.136 0.297056
0.1362 0.96502
0.1364 0.739436
0.1366 -0.1707
0.1368 -0.922784
0.137 -0.820745
0.1372 0.0408414
0.1374 0.864598
0.1376 0.888384
0.1378 0.0903282
0.138 -0.791244
0.1382 -0.940984
0.1384 -0.220543
0.1386 0.703789
0.1388 0.977414
0.139 0.3475
0.1392 -0.603577
0.1394 -0.996802
0.1396 -0.468902
0.1398 0.492217
0.14 0.998567
0.1402 0.582496
0.1404 -0.371555
0.1406 -0.982436
0.1408 -0.686125
0.141 0.243655
0.1412 0.948462
0.1414 0.777762
0.1416 -0.110757
0.1418 -0.897029
0.142 -0.855564
0.1422 -0.0247504
0.1424 0.828861
0.1426 0.917905
0.1428 0.160379
0.143 -0.745012
0.1432 -0.963418
0.1434 -0.293584
0.1436 0.646863
0.1438 0.99103
0.144 0.421813
0.1442 -0.536095
0.1444 -0.999993
0.1446 -0.542555
0.1448 0.414676
0.145 0.989906
0.1452 0.653397
0.1454 -0.284819
0.1456 -0.960735
0.1458 -0.752068
0.146 0.14895
0.1462 0.912824
0.1464 0.836499
0.1466 -0.00966134
0.1468 -0.8469
0.147 -0.904863
0.1472 -0.130334
0.1474 0.764063
0.1476 0.955623
0.1478 0.268259
0.148 -0.665781
0.1482 -0.987573
0.1484 -0.401328
0.1486 0.553861
0.1488 0.99987
0.149 0.526805
0.1492 -0.430425
0.1494 -0.992062
0.1496 -0.642063
0.1498 0.297868
0.15 0.964105
0.1502 0.744643
0.1504 -0.158816
0.1506 -0.916377
0.1508 -0.832313
0.151 0.0160759
0.1512 0.849677
0.1514 0.903117
0.1516 0.127426
0.1518 -0.765218
0.152 -0.955428
0.1522 -0.268702
0.1524 0.66461
0.1526 0.987989
0.1528 0.404766
0.153 -0.549829
0.1532 -0.999948
0.1534 -0.532706
0.1536 0.423188
0.1538 0.990885
0.154 0.649741
0.1542 -0.287284
0.1544 -0.96083
0.1546 -0.753293
0.1548 0.144949
0.155 0.910271
0.1552 0.841046
0.1554 0.000809639
0.1556 -0.840149
0.1558 -0.911
0.156 -0.146873
0.1562 0.751845
0.1564 0.961527
0.1566 0.290082
0.1568 -0.647158
0.157 -0.991408
0.1572 -0.427306
0.1574 0.528267
0.1576 0.999869
0.1578 0.555518
0.158 -0.397687
0.1582 -0.986607
0.1584 -0.671863
0.1586 0.258218
0.1588 0.951799
0.159 0.773723
0.1592 -0.112883
0.1594 -0.896108
0.1596 -0.858787
0.1598 -0.0351405
0.16 0.820669
0.1602 0.925103
0.1604 0.18259
0.1606 -0.72707
0.1608 -0.971125
0.161 -0.326196
0.1612 0.61732
0.1614 0.995759
0.1616 0.462752
0.1618 -0.493805
0.162 -0.998388
0.1622 -0.589197
0.1624 0.359235
0.1626 0.978888
0.1628 0.702682
0.163 -0.216583
0.1632 -0.937639
0.1634 -0.800642
0.1636 0.0690195
0.1638 0.875518
0.164 0.880854
0.1642 0.0801635
0.1644 -0.793876
0.1646 -0.941494
0.1648 -0.227628
0.165 0.694517
0.1652 0.981176
0.1654 0.370066
0.1656 -0.579648
0.1658 -0.998993
0.166 -0.50428
0.1662 0.451836
0.1664 0.994534
0.1666 0.627259
0.1668 -0.313943
0.167 -0.967895
0.1672 -0.736242
0.1674 0.169062
0.1676 0.919678
0.1678 0.828792
0.168 -0.0204437
0.1682 -0.850977
0.1684 -0.902848
0.1686 -0.12858
0.1688 0.763349
0.169 0.95677
0.1692 0.274673
0.1694 -0.65878
0.1696 -0.989382
0.1698 -0.414573
0.17 0.539636
0.1702 0.999995
0.1704 0.54517
0.1706 -0.408606
0.1708 -0.988419
0.171 -0.663574
0.1712 0.268637
0.1714 0.95497
0.1716 0.767183
0.1718 -0.122866
0.172 -0.900453
0.1722 -0.853742
0.1724 -0.0254544
0.1726 0.826147
0.1728 0.92139
0.173 0.173032
0.1732 -0.733767
0.1734 -0.968705
0.1736 -0.316613
0.1738 0.625422
0.174 0.994728
0.1742 0.453053
0.1744 -0.503563
0.1746 -0.998981
0.1748 -0.579392
0.175 0.370925
0.1752 0.981476
0.1754 0.692916
0.1756 -0.23046
0.1758 -0.942708
0.176 -0.791219
0.1762 0.0852653
0.1764 0.883635
0.1766 0.872252
0.1768 0.0614828
0.177 -0.805655
0.1772 -0.934367
0.1774 -0.206607
0.1776 0.710565
0.1778 0.976343
0.178 0.346998
0.1782 -0.600518
0.1784 -0.997416
0.1786 -0.479683
0.1788 0.477968
0.179 0.997279
0.1792 0.601891
0.1794 -0.345608
0.1796 -0.97609
0.1798 -0.711109
0.18 0.206312
0.1802 0.934455
0.1804 0.805134
0.1806 -0.0630665
0.1808 -0.87341
0.181 -0.882114
0.1812 -0.0810998
0.1814 0.794389
0.1816 0.940588
0.1818 0.223178
0.182 -0.699184
0.1822 -0.979499
0.1824 -0.360248
0.1826 0.589905
0.1828 0.99822
0.183 0.489534
0.1832 -0.46892
0.1834 -0.996553
0.1836 -0.608467
0.1838 0.338806
0.184 0.974722
0.1842 0.714731
0.1844 -0.202287
0.1846 -0.933365
0.1848 -0.806304
0.185 0.0621742
0.1852 0.873507
0.1854 0.881501
0.1856 0.0786959
0.1858 -0.796529
0.186 -0.938994
0.1862 -0.217519
0.1864 0.704136
0.1866 0.977834
0.1868 0.351582
0.187 -0.598308
0.1872 -0.997459
0.1874 -0.478314
0.1876 0.481258
0.1878 0.997701
0.188 0.595335
0.1882 -0.355376
0.1884 -0.978771
0.1886 -0.700501
0.1888 0.223183
0.189 0.941252
0.1892 0.791938
0.1894 -0.0872728
0.1896 -0.886074
0.1898 -0.868072
0.19 -0.0497415
0.1902 0.814486
0.1904 0.927654
0.1906 0.185276
0.1908 -0.728027
0.191 -0.969773
0.1912 -0.316826
0.1914 0.628481
0.1916 0.993863
0.1918 0.442015
0.192 -0.517842
0.1922 -0.999706
0.1924 -0.558631
0.1926 0.398267
0.1928 0.987427
0.193 0.664668
0.1932 -0.272032
0.1934 -0.957476
0.1936 -0.758355
0.1938 0.141486
0.194 0.910617
0.1942 0.838181
0.1944 -0.00900386
0.1946 -0.8479
0.1948 -0.902916
0.195 -0.123056
0.1952 0.770634
0.1954 0.951627
0.1956 0.252395
0.1958 -0.680354
0.196 -0.98368
0.1962 -0.376811
0.1964 0.578791
0.1966 0.998745
0.1968 0.494238
0.197 -0.467831
0.1972 -0.996793
0.1974 -0.602776
0.1976 0.349478
0.1978 0.978088
0.198 0.700718
0.1982 -0.225818
0.1984 -0.943166
0.1986 -0.786575
0.1988 0.0989756
0.199 0.892827
0.1992 0.859094
0.1994 0.0289164
0.1996 -0.828106
0.1998 -0.917268
0.2 -0.155758
0.2002 0.75025
0.2004 0.960349
0.2006 0.279515
0.2008 -0.660691
0.201 -0.987851
0.2012 -0.398248
0.2014 0.561017
0.2016 0.999547
0.2018 0.510141
0.202 -0.452941
0.2022 -0.995466
0.2024 -0.61353
0.2026 0.338268
0.2028 0.975884
0.203 0.706919
0.2032 -0.218866
0.2034 -0.941313
0.2036 -0.789003
0.2038 0.0966336
0.204 0.892481
0.2042 0.858678
0.2044 0.0265296
0.2046 -0.830319
0.2048 -0.915053
0.205 -0.148753
0.2052 0.755938
0.2054 0.957457
0.2056 0.26822
0.2058 -0.670605
0.206 -0.98544
0.2062 -0.383197
0.2064 0.575723
0.2066 0.998776
0.2068 0.492053
0.207 -0.472803
0.2072 -0.997455
0.2074 -0.593279
0.2076 0.363439
0.2078 0.981682
0.208 0.68551
0.2082 -0.249287
0.2084 -0.951859
0.2086 -0.767538
0.2088 0.132032
0.209 0.908584
0.2092 0.838321
0.2094 -0.0133713
0.2096 -0.852626
0.2098 -0.896998
0.21 -0.105014
0.2102 0.784918
0.2104 0.942891
0.2106 0.221481
0.2108 -0.706535
0.211 -0.975511
0.2112 -0.334442
0.2114 0.618675
0.2116 0.994558
0.2118 0.44239
0.212 -0.522642
0.2122 -0.999921
0.2124 -0.543911
0.2126 0.419827
0.2128 0.991672
0.213 0.637704
0.2132 -0.311683
0.2134 -0.970062
0.2136 -0.722591
0.2138 0.19971
0.214 0.935513
0.2142 0.797533
0.2144 -0.08543
0.2146 -0.888609
0.2148 -0.861634
0.215 -0.0296289
0.2152 0.830081
0.2154 0.914154
0.2156 0.143953
0.2158 -0.760799
0.216 -0.954511
0.2162 -0.256062
0.2164 0.681755
0.2166 0.982286
0.2168 0.364524
0.217 -0.594051
0.2172 -0.997224
0.2174 -0.467974
0.2176 0.498881
0.2178 0.999234
0.218 0.565127
0.2182 -0.397515
0.2184 -0.988384
0.2186 -0.654794
0.2188 0.291286
0.219 0.964904
0.2192 0.73589
0.2194 -0.181567
0.2196 -0.929172
0.2198 -0.807449
0.22 0.0697631
0.2202 0.881712
0.2204 0.868631
0.2206 0.0427145
0.2208 -0.823185
0.221 -0.918728
0.2212 -0.154458
0.2214 0.75438
0.2216 0.957174
0.2218 0.264081
0.222 -0.6762
0.2222 -0.983546
0.2224 -0.370236
0.2226 0.589654
0.2228 0.997569
0.223 0.471623
0.2232 -0.495845
0.2234 -0.999117
0.2236 -0.56701
0.2238 0.395952
0.224 0.988211
0.2242 0.655243
0.2244 -0.291222
0.2246 -0.96502
0.2248 -0.735258
0.225 0.182951
0.2252 0.929859
0.2254 0.806091
0.2256 -0.0724737
0.2258 -0.883179
0.226 -0.866891
0.2262 -0.0388545
0.2264 0.825567
0.2266 0.916927
0.2268 0.149671
0.227 -0.757739
0.2272 -0.955595
0.2274 -0.258621
0.2276 0.680528
0.2278 0.982424
0.228 0.364374
0.2282 -0.594876
0.2284 -0.997084
0.2286 -0.465633
0.2288 0.501827
0.229 0.999386
0.2292 0.561156
0.2294 -0.402512
0.2296 -0.989288
0.2298 -0.649764
0.23 0.29814
0.2302 0.966891
0.2304 0.730357
0.2306 -0.189981
0.2308 -0.932444
0.231 -0.801925
0.2312 0.0793564
0.2314 0.886339
0.2316 0.863562
0.2318 0.0323774
0.232 -0.829108
0.2322 -0.914473
0.2324 -0.143843
0.2326 0.761419
0.2328 0.953988
0.233 0.253658
0.2332 -0.68407
0.2334 -0.981567
0.2336 -0.360449
0.2338 0.59798
0.234 0.996811
0.2342 0.462868
0.2344 -0.50418
0.2346 -0.999464
0.2348 -0.559608
0.235 0.403806
0.2352 0.989425
0.2354 0.649421
0.2356 -0.298085
0.2358 -0.966742
0.236 -0.731127
0.2362 0.188322
0.2364 0.931621
0.2366 0.803635
0.2368 -0.0758843
0.237 -0.884426
0.2372 -0.865955
0.2374 -0.0378073
0.2376 0.825672
0.2378 0.917212
0.238 0.1513
0.2382 -0.756028
0.2384 -0.956657
0.2386 -0.263125
0.2388 0.676309
0.239 0.983681
0.2392 0.371813
0.2394 -0.587469
0.2396 -0.997824
0.2398 -0.475913
0.24 0.490594
0.2402 0.998785
0.2404 0.574011
0.2406 -0.386889
0.2408 -0.98643
0.241 -0.664749
0.2412 0.27767
0.2414 0.960794
0.2416 0.746842
0.2418 -0.164346
0.242 -0.92209
0.2422 -0.8191
0.2424 0.048403
0.2426 0.870707
0.2428 0.880438
0.243 0.0686091
0.2432 -0.807211
0.2434 -0.929904
0.2436 -0.185099
0.2438 0.732344
0.244 0.966686
0.2442 0.299452
0.2444 -0.647016
0.2446 -0.990132
0.2448 -0.410054
0.245 0.552298
0.2452 0.99976
0.2454 0.515307
0.2456 -0.449414
0.2458 -0.995274
0.246 -0.613661
0.2462 0.339728
0.2464 0.976568
0.2466 0.703629
0.2468 -0.224726
0.247 -0.94374
0.2472 -0.783815
0.2474 0.106005
0.2476 0.89709
0.2478 0.852932
0.248 0.0147549
0.2482 -0.837127
0.2484 -0.909831
0.2486 -0.135805
0.2488 0.764566
0.249 0.953514
0.2492 0.255354
0.2494 -0.680324
0.2496 -0.983162
0.2498 -0.371596
0.25 0.585514
0.2502 0.998146
0.2504 0.482734
0.2506 -0.481433
0.2508 -0.998047
0.251 -0.587009
0.2512 0.369548
0.2514 0.982668
0.2516 0.682727
0.2518 -0.251481
0.252 -0.952044
0.2522 -0.768292
0.2524 0.128986
0.2526 0.906449
0.2528 0.842228
0.253 -0.00392639
0.2532 -0.846402
0.2534 -0.903212
0.2536 -0.12175
0.2538 0.772663
0.254 0.950098
0.2542 0.246043
0.2544 -0.686231
0.2546 -0.981942
0.2548 -0.366928
0.255 0.588334
0.2552 0.998026
0.2554 0.48239
0.2556 -0.480418
0.2558 -0.997874
0.256 -0.590458
0.2562 0.364128
0.2564 0.981271
0.2566 0.689242
0.2568 -0.241285
0.257 -0.948275
0.2572 -0.776964
0.2574 0.113866
0.2576 0.899224
0.2578 0.851996
0.258 0.0160323
0.2582 -0.834738
0.2584 -0.912891
0.2586 -0.146222
0.2588 0.755719
0.259 0.958418
0.2592 0.274462
0.2594 -0.663346
0.2596 -0.987586
0.2598 -0.398497
0.26 0.559056
0.2602 0.999675
0.2604 0.516095
0.2606 -0.444532
0.2608 -0.994252
0.261 -0.625094
0.2612 0.321677
0.2614 0.971194
0.2616 0.72344
0.2618 -0.192586
0.262 -0.930694
0.2622 -0.80923
0.2624 0.0595108
0.2626 0.873269
0.2628 0.880755
0.263 0.0751753
0.2632 -0.799764
0.2634 -0.936532
0.2636 -0.209021
0.2638 0.711336
0.264 0.975346
0.2642 0.339542
0.2644 -0.60945
0.2646 -0.996278
0.2648 -0.464266
0.265 0.495854
0.2652 0.99873
0.2654 0.580787
0.2656 -0.372554
0.2658 -0.982448
0.266 -0.686808
0.2662 0.241781
0.2664 0.947535
0.2666 0.780195
0.2668 -0.105951
0.267 -0.89446
0.2672 -0.859019
0.2674 -0.0323769
0.2676 0.824055
0.2678 0.921606
0.268 0.170548
0.2682 -0.737509
0.2684 -0.966573
0.2686 -0.305867
0.2688 0.636353
0.269 0.992865
0.2692 0.435649
0.2694 -0.522435
0.2696 -0.999786
0.2698 -0.557279
0.27 0.39789
0.2702 0.987018
0.2704 0.668265
0.2706 -0.265101
0.2708 -0.954639
0.271 -0.766294
0.2712 0.126656
0.2714 0.903129
0.2716 0.849283
0.2718 0.0147049
0.272 -0.833368
0.2722 -0.915432
0.2724 -0.156142
0.2726 0.746624
0.2728 0.963264
0.273 0.294778
0.2732 -0.644537
0.2734 -0.991662
0.2736 -0.427755
0.2738 0.529084
0.274 0.999905
0.2742 0.5523
0.2744 -0.402551
0.2746 -0.987684
0.2748 -0.665787
0.275 0.267478
0.2752 0.95512
0.2754 0.76579
0.2756 -0.126617
0.2758 -0.902765
0.276 -0.85015
0.2762 -0.0171303
0.2764 0.831598
0.2766 0.917015
0.2768 0.160774
0.277 -0.743009
0.2772 -0.964892
0.2774 -0.301298
0.2776 0.638773
0.2778 0.992684
0.278 0.43573
0.2782 -0.521013
0.2784 -0.999715
0.2786 -0.561207
0.2788 0.392164
0.279 0.985752
0.2792 0.675037
0.2794 -0.254911
0.2796 -0.951017
0.2798 -0.774766
0.28 0.11214
0.2802 0.89618
0.2804 0.858231
0.2806 0.0331269
0.2808 -0.822354
0.281 -0.923612
0.2812 -0.177803
0.2814 0.731066
0.2816 0.969475
0.2818 0.3188
0.282 -0.624233
0.2822 -0.994807
0.2824 -0.453101
0.2826 0.504112
0.2828 0.999039
0.283 0.577828
0.2832 -0.373258
0.2834 -0.982061
0.2836 -0.690308
0.2838 0.234462
0.284 0.944229
0.2842 0.788131
0.2844 -0.0906926
0.2846 -0.886351
0.2848 -0.869208
0.285 -0.054976
0.2852 0.809674
0.2854 0.931818
0.2856 0.199429
0.2858 -0.715854
0.286 -0.974642
0.2862 -0.339585
0.2864 0.606917
0.2866 0.996798
0.2868 0.47246
0.287 -0.485214
0.2872 -0.997856
0.2874 -0.595242
0.2876 0.353364
0.2878 0.977846
0.288 0.705348
0.2882 -0.214198
0.2884 -0.937256
0.2886 -0.80048
0.2888 0.0706894
0.289 0.877015
0.2892 0.87868
0.2894 0.074111
0.2896 -0.798474
0.2898 -0.938367
0.29 -0.217144
0.2902 0.703369
0.2904 0.978369
0.2906 0.355413
0.2908 -0.593776
0.291 -0.997948
0.2912 -0.486044
0.2914 0.472068
0.2916 0.996807
0.2918 0.606358
0.292 -0.340851
0.2922 -0.975096
0.2924 -0.713916
0.2926 0.20291
0.2928 0.933399
0.293 0.806579
0.2932 -0.0611397
0.2934 -0.872716
0.2936 -0.882547
0.2938 -0.0815167
0.294 0.794437
0.2942 0.940392
0.2944 0.222135
0.2946 -0.700301
0.2948 -0.979083
0.295 -0.357872
0.2952 0.592354
0.2954 0.998004
0.2956 0.486027
0.2958 -0.472898
0.296 -0.996955
0.2962 -0.604096
0.2964 0.344439
0.2966 0.976152
0.2968 0.709821
0.297 -0.209627
0.2972 -0.93621
0.2974 -0.801234
0.2976 0.0711949
0.2978 0.878122
0.298 0.876692
0.2982 0.0680992
0.2984 -0.80323
0.2986 -0.934902
0.2988 -0.205531
0.299 0.713187
0.2992 0.974941
0.2994 0.338465
0.2996 -0.609913
0.2998 -0.996265
0.3 -0.46441
0.3002 0.495553
0.3004 0.998709
0.3006 0.581063
0.3008 -0.37242
0.301 -0.982481
0.3012 -0.686354
0.3014 0.242947
0.3016 0.948144
0.3018 0.778476
0.302 -0.109635
0.3022 -0.896596
0.3024 -0.85592
0.3026 -0.0250046
0.3028 0.829042
0.303 0.91749
0.3032 0.158495
0.3034 -0.746955
0.3036 -0.962318
0.3038 -0.288445
0.304 0.652046
0.3042 0.989871
0.3044 0.412592
0.3046 -0.546213
0.3048 -0.999947
0.305 -0.52884
0.3052 0.431503
0.3054 0.992669
0.3056 0.635295
0.3058 -0.310067
0.306 -0.968468
0.3062 -0.730295
0.3064 0.184113
0.3066 0.928065
0.3068 0.812428
0.307 -0.0558627
0.3072 -0.872444
0.3074 -0.880553
0.3076 -0.0724885
0.3078 0.802825
0.308 0.933806
0.3082 0.198814
0.3084 -0.72063
0.3086 -0.971607
0.3088 -0.321088
0.309 0.627447
0.3092 0.993654
0.3094 0.437423
0.3096 -0.524999
0.3098 -0.999921
0.31 -0.54609
0.3102 0.415102
0.3104 0.990644
0.3106 0.64555
0.3108 -0.299632
0.311 -0.966303
0.3112 -0.734465
0.3114 0.180486
0.3116 0.927603
0.3118 0.811714
0.312 -0.0595556
0.3122 -0.875451
0.3124 -0.876403
0.3126 -0.0613141
0.3128 0.810932
0.313 0.927866
0.3132 0.180346
0.3134 -0.735279
0.3136 -0.965665
0.3138 -0.295861
0.314 0.649848
0.3142 0.989587
0.3144 0.406297
0.3146 -0.556088
0.3148 -0.999634
0.315 -0.51023
0.3152 0.455512
0.3154 0.996012
0.3156 0.60639
0.3158 -0.349671
0.316 -0.979116
0.3162 -0.69367
0.3164 0.240128
0.3166 0.949513
0.3168 0.771134
0.317 -0.12843
0.3172 -0.907924
0.3174 -0.838026
0.3176 0.0160894
0.3178 0.855207
0.318 0.893765
0.3182 0.0954377
0.3184 -0.79233
0.3186 -0.937946
0.3188 -0.204771
0.319 0.720355
0.3192 0.970337
0.3194 0.310621
0.3196 -0.640418
0.3198 -0.990868
0.32 -0.411801
0.3202 0.553702
0.3204 0.999626
0.3206 0.507238
0.3208 -0.461426
0.321 -0.996841
0.3212 -0.595982
0.3214 0.364818
0.3216 0.982877
0.3218 0.677207
0.322 -0.265103
0.3222 -0.958215
0.3224 -0.75022
0.3226 0.163485
0.3228 0.923442
0.323 0.814456
0.3232 -0.0611329
0.3234 -0.879232
0.3236 -0.869482
0.3238 -0.0408335
0.324 0.82634
0.3242 0.914988
0.3244 0.141353
0.3246 -0.765577
0.3248 -0.95079
0.325 -0.239432
0.3252 0.697804
0.3254 0.976816
0.3256 0.334155
0.3258 -0.623913
0.326 -0.993104
0.3262 -0.424686
0.3264 0.544819
0.3266 0.999794
0.3268 0.510276
0.327 -0.461442
0.3272 -0.997118
0.3274 -0.590265
0.3276 0.3747
0.3278 0.985389
0.328 0.664082
0.3282 -0.285499
0.3284 -0.964996
0.3286 -0.731248
0.3288 0.19472
0.329 0.936392
0.3292 0.791371
0.3294 -0.103217
0.3296 -0.900082
0.3298 -0.844145
0.33 0.0118035
0.3302 0.856621
0.3304 0.88935
0.3306 0.0787484
0.3308 -0.806595
0.331 -0.926845
0.3312 -0.167715
0.3314 0.750622
0.3316 0.956562
0.3318 0.254423
0.332 -0.689337
0.3322 -0.978507
0.3324 -0.338256
0.3326 0.623388
0.3328 0.992748
0.333 0.418651
0.3332 -0.553428
0.3334 -0.999415
0.3336 -0.495103
0.3338 0.480107
0.334 0.99869
0.3342 0.567167
0.3344 -0.40407
0.3346 -0.990805
0.3348 -0.63445
0.335 0.325947
0.3352 0.976033
0.3354 0.696621
0.3356 -0.246352
0.3358 -0.954685
0.336 -0.7534
0.3362 0.16588
0.3364 0.927103
0.3366 0.804561
0.3368 -0.0850985
0.337 -0.893656
0.3372 -0.849929
0.3374 0.00455111
0.3376 0.854735
0.3378 0.889376
0.338 0.0752489
0.3382 -0.810745
0.3384 -0.922822
0.3386 -0.153818
0.3388 0.762107
0.339 0.950225
0.3392 0.230706
0.3394 -0.709248
0.3396 -0.971587
0.3398 -0.305493
0.34 0.652602
0.3402 0.986945
0.3404 0.377792
0.3406 -0.592603
0.3408 -0.996367
0.341 -0.447251
0.3412 0.529685
0.3414 0.999956
0.3416 0.513547
0.3418 -0.464276
0.342 -0.997837
0.3422 -0.576393
0.3424 0.3968
0.3426 0.990165
0.3428 0.63553
0.343 -0.327672
0.3432 -0.977112
0.3434 -0.69073
0.3436 0.257297
0.3438 0.958874
0.344 0.741795
0.3442 -0.186069
0.3444 -0.935659
0.3446 -0.788554
0.3448 0.114371
0.345 0.907692
0.3452 0.830862
0.3454 -0.0425701
0.3456 -0.875212
0.3458 -0.868603
0.346 -0.0289777
0.3462 0.838466
0.3464 0.90168
0.3466 0.099932
0.3468 -0.79771
0.347 -0.930022
0.3472 -0.169967
0.3474 0.753207
0.3476 0.953579
0.3478 0.238771
0.348 -0.705229
0.3482 -0.97232
0.3484 -0.306047
0.3486 0.654048
0.3488 0.986233
0.349 0.371514
0.3492 -0.599942
0.3494 -0.995325
0.3496 -0.434903
0.3498 0.543191
0.35 0.999618
0.3502 0.495962
0.3504 -0.484078
0.3506 -0.999151
0.3508 -0.55445
0.351 0.422885
0.3512 0.993976
0.3514 0.610141
0.3516 -0.359897
0.3518 -0.98416
0.352 -0.662824
0.3522 0.295396
0.3524 0.969783
0.3526 0.712297
0.3528 -0.229668
0.353 -0.950937
0.3532 -0.758373
0.3534 0.162995
0.3536 0.927726
0.3538 0.800878
0.354 -0.0956605
0.3542 -0.900266
0.3544 -0.839647
0.3546 0.0279477
0.3548 0.868684
0.355 0.874529
0.3552 0.0398618
0.3554 -0.833117
0.3556 -0.905384
0.3558 -0.107487
0.356 0.793714
0.3562 0.932083
0.3564 0.174646
0.3566 -0.750634
0.3568 -0.954509
0.357 -0.241061
0.3572 0.704049
0.3574 0.972557
0.3576 0.306451
0.3578 -0.654138
0.358 -0.986132
0.3582 -0.370537
0.3584 0.601094
0.3586 0.995152
0.3588 0.433043
0.359 -0.545121
0.3592 -0.999547
0.3594 -0.49369
0.3596 0.486433
0.3598 0.999259
0.36 0.552203
0.3602 -0.425258
0.3604 -0.994246
0.3606 -0.608308
0.3608 0.361836
0.361 0.984477
0.3612 0.661732
0.3614 -0.296416
0.3616 -0.969936
0.3618 -0.712204
0.362 0.229266
0.3622 0.950624
0.3624 0.759456
0.3626 -0.160661
0.3628 -0.926557
0.363 -0.803224
0.3632 0.0908937
0.3634 0.89777
0.3636 0.843248
0.3638 -0.0202687
0.364 -0.864316
0.3642 -0.879274
0.3644 -0.0508953
0.3646 0.826267
0.3648 0.911053
0.365 0.122266
0.3652 -0.783719
0.3654 -0.938346
0.3656 -0.193497
0.3658 0.736787
0.366 0.960923
0.3662 0.26423
0.3664 -0.685612
0.3666 -0.978563
0.3668 -0.334091
0.367 0.630359
0.3672 0.991061
0.3674 0.402697
0.3676 -0.571223
0.3678 -0.998225
0.368 -0.46965
0.3682 0.508422
0.3684 0.999883
0.3686 0.534544
0.3688 -0.442207
0.369 -0.995882
0.3692 -0.596963
0.3694 0.372857
0.3696 0.986089
0.3698 0.656485
0.37 -0.300684
0.3702 -0.970401
0.3704 -0.71268
0.3706 0.226031
0.3708 0.948741
0.371 0.765116
0.3712 -0.149275
0.3714 -0.921064
0.3716 -0.813362
0.3718 0.0708256
0.372 0.88736
0.3722 0.856987
0.3724 0.00887435
0.3726 -0.847657
0.3728 -0.895568
0.373 -0.0893488
0.3732 0.802023
0.3734 0.928692
0.3736 0.17009
0.3738 -0.750575
0.374 -0.955959
0.3742 -0.250557
0.3744 0.693472
0.3746 0.976987
0.3748 0.330182
0.375 -0.630928
0.3752 -0.99142
0.3754 -0.408369
0.3756 0.563209
0.3758 0.998929
0.376 0.484496
0.3762 -0.490638
0.3764 -0.999221
0.3766 -0.557923
0.3768 0.413595
0.377 0.992044
0.3772 0.62799
0.3774 -0.332522
0.3776 -0.977191
0.3778 -0.694028
0.378 0.24792
0.3782 0.954512
0.3784 0.755361
0.3786 -0.160352
0.3788 -0.923912
0.379 -0.811313
0.3792 0.0704453
0.3794 0.885366
0.3796 0.861214
0.3798 0.0211165
0.38 -0.83892
0.3802 -0.904414
0.3804 -0.113589
0.3806 0.784699
0.3808 0.940283
0.381 0.206175
0.3812 -0.722912
0.3814 -0.968227
0.3816 -0.298024
0.3818 0.653856
0.382 0.987695
0.3822 0.388242
0.3824 -0.577925
0.3826 -0.998191
0.3828 -0.475897
0.383 0.495608
0.3832 0.999283
0.3834 0.560025
0.3836 -0.407493
0.3838 -0.990617
0.384 -0.639644
0.3842 0.314273
0.3844 0.971926
0.3846 0.71376
0.3848 -0.216738
0.385 -0.943042
0.3852 -0.781383
0.3854 0.115778
0.3856 0.903908
0.3858 0.84154
0.386 -0.0123803
0.3862 -0.854585
0.3864 -0.893288
0.3866 -0.0923797
0.3868 0.795266
0.387 0.935732
0.3872 0.197344
0.3874 -0.726279
0.3876 -0.968041
0.3878 -0.301281
0.388 0.6481
0.3882 0.989467
0.3884 0.4029
0.3886 -0.561351
0.3888 -0.99936
0.389 -0.500864
0.3892 0.46681
0.3894 0.99719
0.3896 0.593807
0.3898 -0.365407
0.39 -0.982563
0.3902 -0.680354
0.3904 0.258221
0.3906 0.955238
0.3908 0.759139
0.391 -0.146479
0.3912 -0.915143
0.3914 -0.828833
0.3916 0.0315448
0.3918 0.862392
0.392 0.888164
0.3922 0.0850931
0.3924 -0.797295
0.3926 -0.935948
0.3928 -0.201836
0.393 0.720369
0.3932 0.971109
0.3934 0.316993
0.3936 -0.632346
0.3938 -0.992716
0.394 -0.428809
0.3942 0.534176
0.3944 1
0.3946 0.535482
0.3948 -0.427023
0.395 -0.992388
0.3952 -0.635202
0.3954 0.312266
0.3956 0.969525
0.3958 0.726179
0.396 -0.191483
0.3962 -0.931295
0.3964 -0.806675
0.3966 0.0664406
0.3968 0.877844
0.397 0.87505
0.3972 0.0609314
0.3974 -0.809594
0.3976 -0.929791
0.3978 -0.188562
0.398 0.727252
0.3982 0.969557
0.3984 0.314272
0.3986 -0.631819
0.3988 -0.993216
0.399 -0.43581
0.3992 0.524589
0.3994 0.999879
0.3996 0.550893
0.3998 -0.407141
0.4 -0.988941
0.4002 -0.657255
0.4004 0.281325
0.4006 0.960106
0.4008 0.752689
0.401 -0.14924
0.4012 -0.913417
0.4014 -0.835106
0.4016 0.0132075
0.4018 0.849273
0.402 0.902578
0.4022 0.124267
0.4024 -0.768447
0.4026 -0.953401
0.4028 -0.260538
0.403 0.672088
0.4032 0.986137
0.4034 0.392869
0.4036 -0.561721
0.4038 -0.999668
0.404 -0.518493
0.4042 0.439229
0.4044 0.993238
0.4046 0.634667
0.4048 -0.306838
0.405 -0.966491
0.4052 -0.738745
0.4054 0.167078
0.4056 0.919502
0.4058 0.828238
0.406 -0.0227421
0.4062 -0.8528
0.4064 -0.900889
0.4066 -0.123163
0.4068 0.767376
0.407 0.954732
0.4072 0.267484
0.4074 -0.66469
0.4076 -0.988162
0.4078 -0.406983
0.408 0.546651
0.4082 0.999988
0.4084 0.538422
0.4086 -0.415598
0.4088 -0.989485
0.409 -0.658636
0.4092 0.274261
0.4094 0.956435
0.4096 0.764621
0.4098 -0.125708
0.41 -0.901155
0.4102 -0.853616
0.4104 -0.0267142
0.4106 0.824516
0.4108 0.923186
0.411 0.179457
0.4112 -0.727942
0.4114 -0.971299
0.4116 -0.328852
0.4118 0.613397
0.412 0.996398
0.4122 0.471203
0.4124 -0.48336
0.4126 -0.997462
0.4128 -0.602884
0.413 0.340774
0.4132 0.974052
0.4134 0.72044
0.4136 -0.188988
0.4138 -0.926351
0.414 -0.820682
0.4142 0.0316828
0.4144 0.855176
0.4146 0.900792
0.4148 0.12722
0.415 -0.761984
0.4152 -0.958408
0.4154 -0.283656
0.4156 0.648854
0.4158 0.991707
0.416 0.433526
0.4162 -0.518445
0.4164 -0.999475
0.4166 -0.572813
0.4168 0.373947
0.417 0.98116
0.4172 0.697693
0.4174 -0.219003
0.4176 -0.93691
0.4178 -0.804653
0.418 0.0576214
0.4182 0.867586
0.4184 0.8906
0.4186 0.105931
0.4188 -0.77476
0.419 -0.952961
0.4192 -0.267242
0.4194 0.660689
0.4196 0.989773
0.4198 0.421879
0.42 -0.528267
0.4202 -0.999753
0.4204 -0.565521
0.4206 0.380957
0.4208 0.982356
0.421 0.694082
0.4212 -0.222698
0.4214 -0.937805
0.4216 -0.803841
0.4218 0.0578069
0.422 0.8671
0.4222 0.891561
0.4224 0.109149
0.4226 -0.77201
0.4228 -0.954589
0.423 -0.273478
0.4232 0.655028
0.4234 0.990954
0.4236 0.430505
0.4238 -0.519312
0.424 -0.999432
0.4242 -0.57571
0.4244 0.368605
0.4246 0.979598
0.4248 0.704868
0.425 -0.207123
0.4252 -0.931847
0.4254 -0.814181
0.4256 0.0394446
0.4258 0.8574
0.426 0.900398
0.4262 0.129633
0.4264 -0.758272
0.4266 -0.960919
0.4268 -0.295232
0.427 0.637219
0.4272 0.993885
0.4274 0.45254
0.4276 -0.497666
0.4278 -0.998237
0.428 -0.596963
0.4282 0.343604
0.4284 0.973758
0.4286 0.724261
0.4288 -0.179477
0.429 -0.921086
0.4292 -0.830686
0.4294 0.0100438
0.4296 0.841697
0.4298 0.913094
0.43 0.159763
0.4302 -0.737865
0.4304 -0.969048
0.4306 -0.324989
0.4308 0.612597
0.431 0.99689
0.4312 0.480805
0.4314 -0.469538
0.4316 -0.9958
0.4318 -0.622661
0.432 0.312867
0.4322 0.965814
0.4324 0.746422
0.4326 -0.147162
0.4328 -0.907828
0.433 -0.848494
0.4332 -0.0227359
0.4334 0.823566
0.4336 0.925935
0.4338 0.191872
0.434 -0.715528
0.4342 -0.976538
0.4344 -0.35533
0.4346 0.586906
0.4348 0.998898
0.435 0.50838
0.4352 -0.44149
0.4354 -0.99245
0.4356 -0.646621
0.4358 0.283541
0.436 0.957481
0.4362 0.766112
0.4364 -0.117667
0.4366 -0.895111
0.4368 -0.863488
0.437 -0.0513235
0.4372 0.807254
0.4374 0.936055
0.4376 0.218569
0.4378 -0.696554
0.438 -0.981861
0.4382 -0.379298
0.4384 0.566296
0.4386 0.999752
0.4388 0.528971
0.439 -0.420298
0.4392 -0.989387
0.4394 -0.663413
0.4396 0.262795
0.4398 0.951246
0.44 0.778933
0.4402 -0.0983035
0.4404 -0.886597
0.4406 -0.872422
0.4408 -0.0685122
0.441 0.797449
0.4412 0.941437
0.4414 0.232981
0.4416 -0.686478
0.4418 -0.984258
0.442 -0.390562
0.4422 0.556942
0.4424 0.999929
0.4426 0.53697
0.4428 -0.412569
0.443 -0.988265
0.4432 -0.668295
0.4434 0.257447
0.4436 0.949843
0.4438 0.781109
0.444 -0.0958943
0.4442 -0.885973
0.4444 -0.872548
0.4446 -0.0676651
0.4448 0.798637
0.445 0.940383
0.4452 0.228829
0.4454 -0.690423
0.4456 -0.983065
0.4458 -0.38334
0.446 0.564437
0.4462 0.999754
0.4464 0.5272
0.4466 -0.424199
0.4468 -0.990318
0.447 -0.656772
0.4472 0.273543
0.4474 0.955325
0.4476 0.768872
0.4478 -0.116498
0.448 -0.896001
0.4482 -0.860839
0.4484 -0.0428273
0.4486 0.814181
0.4488 0.930596
0.449 0.200351
0.4492 -0.712243
0.4494 -0.976681
0.4496 -0.35213
0.4498 0.593024
0.45 0.998274
0.4502 0.49446
0.4504 -0.459738
0.4506 -0.995193
0.4508 -0.623962
0.451 0.315871
0.4512 0.967876
0.4514 0.737659
0.4516 -0.16509
0.4518 -0.917355
0.452 -0.83304
0.4522 0.0111379
0.4524 0.845205
0.4526 0.908107
0.4528 0.14226
0.453 -0.753485
0.4532 -0.961404
0.4534 -0.291489
0.4536 0.644669
0.4538 0.992039
0.454 0.433134
0.4542 -0.521574
0.4544 -0.999679
0.4546 -0.564052
0.4548 0.38727
0.455 0.984539
0.4552 0.681435
0.4554 -0.245007
0.4556 -0.947356
0.4558 -0.782873
0.456 0.0981184
0.4562 0.889351
0.4564 0.866387
0.4566 0.0500501
0.4568 -0.81218
0.457 -0.930458
0.4572 -0.196226
0.4574 0.717878
0.4576 0.97405
0.4578 0.337278
0.458 -0.608795
0.4582 -0.996606
0.4584 -0.470285
0.4586 0.487532
0.4588 0.998044
0.459 0.592589
0.4592 -0.356872
0.4594 -0.978737
0.4596 -0.701846
0.4598 0.219709
0.46 0.939485
0.4602 0.79606
0.4604 -0.0789778
0.4606 -0.881478
0.4608 -0.873614
0.461 -0.0624044
0.4612 0.806256
0.4614 0.933283
0.4616 0.201605
0.4618 -0.715656
0.462 -0.974248
0.4622 -0.335928
0.4624 0.611764
0.4626 0.996088
0.4628 0.462867
0.463 -0.496856
0.4632 -0.998774
0.4634 -0.580142
0.4636 0.373349
0.4638 0.982649
0.464 0.685739
0.4642 -0.24374
0.4644 -0.948405
0.4646 -0.777936
0.4648 0.110558
0.465 0.89705
0.4652 0.855322
0.4654 0.0236918
0.4656 -0.829879
0.4658 -0.916808
0.466 -0.156569
0.4662 0.748426
0.4664 0.961634
0.4666 0.285746
0.4668 -0.654435
0.467 -0.989366
0.4672 -0.409041
0.4674 0.549806
0.4676 0.999888
0.4678 0.524456
0.468 -0.436562
0.4682 -0.993387
0.4684 -0.630198
0.4686 0.3168
0.4688 0.970336
0.469 0.724704
0.4692 -0.192654
0.4694 -0.931473
0.4696 -0.806657
0.4698 0.0662574
0.47 0.87777
0.4702 0.874993
0.4704 0.0602989
0.4706 -0.81041
0.4708 -0.928908
0.471 -0.184994
0.4712 0.730752
0.4714 0.967861
0.4716 0.30591
0.4718 -0.640304
0.472 -0.991564
0.4722 -0.421255
0.4724 0.540687
0.4726 0.999978
0.4728 0.529389
0.473 -0.433609
0.4732 -0.993299
0.4734 -0.628839
0.4736 0.320828
0.4738 0.971945
0.474 0.718315
0.4742 -0.204125
0.4744 -0.936535
0.4746 -0.796719
0.4748 0.0852779
0.475 0.887873
0.4752 0.863152
0.4754 0.0339675
0.4756 -0.826927
0.4758 -0.916917
0.476 -0.15192
0.4762 0.754804
0.4764 0.957522
0.4766 0.266964
0.4768 -0.672727
0.477 -0.984672
0.4772 -0.37758
0.4774 0.582019
0.4776 0.998267
0.4778 0.482359
0.478 -0.48407
0.4782 -0.998389
0.4784 -0.580017
0.4786 0.380324
0.4788 0.985301
0.479 0.669405
0.4792 -0.272252
0.4794 -0.959424
0.4796 -0.749522
0.4798 0.161332
0.48 0.921334
0.4802 0.819513
0.4804 -0.0490328
0.4806 -0.871739
0.4808 -0.878678
0.481 -0.0632054
0.4812 0.811472
0.4814 0.926476
0.4816 0.173988
0.4818 -0.741467
0.482 -0.962517
0.4822 -0.281981
0.4824 0.662751
0.4826 0.986565
0.4828 0.385922
0.483 -0.576423
0.4832 -0.998533
0.4834 -0.484633
0.4836 0.483639
0.4838 0.998478
0.484 0.57703
0.4842 -0.385599
0.4844 -0.986593
0.4846 -0.662131
0.4848 0.283528
0.485 0.9632
0.4852 0.739064
0.4854 -0.178666
0.4856 -0.92874
0.4858 -0.807067
0.486 0.0722507
0.4862 0.883767
0.4864 0.8655
0.4866 0.0344938
0.4868 -0.828935
0.487 -0.913839
0.4872 -0.140369
0.4874 0.764988
0.4876 0.951681
0.4878 0.244213
0.488 -0.692751
0.4882 -0.978744
0.4884 -0.344912
0.4886 0.613117
0.4888 0.994864
0.489 0.441408
0.4892 -0.527038
0.4894 -0.999994
0.4896 -0.532708
0.4898 0.435512
0.49 0.994201
0.4902 0.617891
0.4904 -0.339575
0.4906 -0.97766
0.4908 -0.696114
0.491 0.240287
0.4912 0.950652
0.4914 0.76662
0.4916 -0.138726
0.4918 -0.913556
0.492 -0.828739
0.4922 0.035972
0.4924 0.866845
0.4926 0.881893
0.4928 0.0668957
0.493 -0.811082
0.4932 -0.925602
0.4934 -0.168813
0.4936 0.746906
0.4938 0.95948
0.494 0.268738
0.4942 -0.675032
0.4944 -0.983243
0.4946 -0.365659
0.4948 0.596241
0.495 0.996706
0.4952 0.458605
0.4954 -0.511372
0.4956 -0.999784
0.4958 -0.546648
0.496 0.421314
0.4962 0.992489
0.4964 0.628917
0.4966 -0.327001
0.4968 -0.974934
0.497 -0.704599
0.4972 0.229397
0.4974 0.947327
0.4976 0.772949
0.4978 -0.129497
0.498 -0.909968
0.4982 -0.833293
0.4984 0.0283118
0.4986 0.863249
0.4988 0.885032
0.499 0.0731392
0.4992 -0.807649
0.4994 -0.927653
0.4996 -0.173834
0.4998 0.743731
0.5 0.960726
0.5002 0.272758
0.5004 -0.672133
0.5006 -0.98391
0.5008 -0.368912
0.501 0.593569
0.5012 0.996959
0.5014 0.46132
0.5016 -0.508821
0.5018 -0.999719
0.502 -0.549041
0.5022 0.418731
0.5024 0.992135
0.5026 0.631169
0.5028 -0.324196
0.503 -0.974249
0.5032 -0.706851
0.5034 0.226163
0.5036 0.946202
0.5038 0.775285
0.504 -0.125617
0.5042 -0.908234
0.5044 -0.835737
0.5046 0.0235769
0.5048 0.860683
0.505 0.88754
0.5052 0.0789136
0.5054 -0.803982
0.5056 -0.930106
0.5058 -0.180796
0.506 0.73866
0.5062 0.96293
0.5064 0.281006
0.5066 -0.665339
0.5068 -0.9856
0.507 -0.378482
0.5072 0.584725
0.5074 0.997796
0.5076 0.472174
0.5078 -0.497611
0.508 -0.999301
0.5082 -0.561056
0.5084 0.404864
0.5086 0.990004
0.5088 0.644135
0.509 -0.307426
0.5092 -0.969902
0.5094 -0.720461
0.5096 0.206301
0.5098 0.939103
0.51 0.789138
0.5102 -0.102551
0.5104 -0.897833
0.5106 -0.849334
0.5108 -0.00271763
0.511 0.846428
0.5112 0.900291
0.5114 0.108357
0.5116 -0.785343
0.5118 -0.941336
0.512 -0.213195
0.5122 0.715146
0.5124 0.971891
0.5126 0.316042
0.5128 -0.636516
0.513 -0.991477
0.5132 -0.415706
0.5134 0.550242
0.5136 0.999731
0.5138 0.511004
0.514 -0.457215
0.5142 -0.996409
0.5144 -0.600774
0.5146 0.358424
0.5148 0.98139
0.515 0.683892
0.5152 -0.254949
0.5154 -0.95469
0.5156 -0.759284
0.5158 0.147948
0.516 0.916459
0.5162 0.82594
0.5164 -0.0386508
0.5166 -0.866989
0.5168 -0.882927
0.517 -0.0716534
0.5172 0.806713
0.5174 0.929407
0.5176 0.181632
0.5178 -0.736208
0.518 -0.96465
0.5182 -0.28992
0.5184 0.656192
0.5186 0.988042
0.5188 0.395138
0.519 -0.56752
0.5192 -0.999104
0.5194 -0.49591
0.5196 0.47118
0.5198 0.9975
0.52 0.590876
0.5202 -0.368286
0.5204 -0.983048
0.5206 -0.678717
0.5208 0.260066
0.521 0.955729
0.5212 0.758169
0.5214 -0.147853
0.5216 -0.915691
0.5218 -0.828045
0.522 0.0330704
0.5222 0.86326
0.5224 0.887252
0.5226 0.0827836
0.5228 -0.798937
0.523 -0.934814
0.5232 -0.198154
0.5234 0.7234
0.5236 0.969886
0.5238 0.311449
0.524 -0.637504
0.5242 -0.991774
0.5244 -0.421059
0.5246 0.542273
0.5248 0.99995
0.525 0.525384
0.5252 -0.438894
0.5254 -0.994069
0.5256 -0.62285
0.5258 0.328704
0.526 0.973978
0.5262 0.711943
0.5264 -0.21318
0.5266 -0.939731
0.5268 -0.791225
0.527 0.0939184
0.5272 0.891592
0.5274 0.859366
0.5276 0.0273823
0.5278 -0.830041
0.528 -0.915166
0.5282 -0.148945
0.5284 0.755778
0.5286 0.95758
0.5288 0.268938
0.529 -0.669717
0.5292 -0.985741
0.5294 -0.385504
0.5296 0.572982
0.5298 0.99898
0.53 0.496785
0.5302 -0.466897
0.5304 -0.996848
0.5306 -0.600959
0.5308 0.352971
0.531 0.979126
0.5312 0.696265
0.5314 -0.232883
0.5316 -0.945845
0.5318 -0.781041
0.532 0.108455
0.5322 0.897291
0.5324 0.853751
0.5326 0.0183674
0.5328 -0.83401
0.533 -0.913019
0.5332 -0.145549
0.5334 0.756809
0.5336 0.95766
0.5338 0.270992
0.534 -0.666753
0.5342 -0.986706
0.5344 -0.392578
0.5346 0.565152
0.5348 0.999429
0.535 0.508196
0.5352 -0.453552
0.5354 -0.995368
0.5356 -0.615789
0.5358 0.33371
0.536 0.974344
0.5362 0.713388
0.5364 -0.207572
0.5366 -0.936473
0.5368 -0.799151
0.537 0.0772467
0.5372 0.882175
0.5374 0.871407
0.5376 0.0550354
0.5378 -0.812174
0.538 -0.928687
0.5382 -0.186953
0.5384 0.7275
0.5386 0.969763
0.5388 0.316139
0.539 -0.629474
0.5392 -0.993673
0.5394 -0.440222
0.5396 0.519693
0.5398 0.999757
0.54 0.556873
0.5402 -0.400012
0.5404 -0.987672
0.5406 -0.663853
0.5408 0.272509
0.541 0.95741
0.5412 0.759056
0.5414 -0.139456
0.5416 -0.909311
0.5418 -0.840559
0.542 0.00327929
0.5422 0.844062
0.5424 0.906662
0.5426 0.133488
0.5428 -0.762696
0.543 -0.955932
0.5432 -0.268249
0.5434 0.666581
0.5436 0.987236
0.5438 0.3984
0.544 -0.557399
0.5442 -0.999771
0.5444 -0.521377
0.5446 0.437121
0.5448 0.993094
0.545 0.634714
0.5452 -0.307974
0.5454 -0.967136
0.5456 -0.736093
0.5458 0.172403
0.546 0.922214
0.5462 0.8234
0.5464 -0.0330183
0.5466 -0.859032
0.5468 -0.894768
0.547 -0.107446
0.5472 0.778679
0.5474 0.948628
0.5476 0.246193
0.5478 -0.682607
0.548 -0.983744
0.5482 -0.380421
0.5484 0.572615
0.5486 0.999247
0.5488 0.507378
0.549 -0.450815
0.5492 -0.994665
0.5494 -0.624429
0.5496 0.319591
0.5498 0.969933
0.55 0.729106
0.5502 -0.181555
0.5504 -0.925409
0.5506 -0.819174
0.5508 0.0394942
0.551 0.861869
0.5512 0.892675
0.5514 0.103689
0.5516 -0.780498
0.5518 -0.947979
0.552 -0.245033
0.5522 0.682872
0.5524 0.983826
0.5526 0.381589
0.5528 -0.570928
0.553 -0.999353
0.5532 -0.510478
0.5534 0.446927
0.5536 0.994127
0.5538 0.628958
0.554 -0.313405
0.5542 -0.968152
0.5544 -0.734488
0.5546 0.173127
0.5548 0.921877
0.555 0.824786
0.5552 -0.0290226
0.5554 -0.856193
0.5556 -0.897879
0.5558 -0.115877
0.556 0.772414
0.5562 0.952153
0.5564 0.258501
0.5566 -0.672254
0.5568 -0.986393
0.557 -0.395813
0.5572 0.55779
0.5574 0.999808
0.5576 0.524874
0.5578 -0.43142
0.558 -0.992059
0.5582 -0.642912
0.5584 0.295812
0.5586 0.963262
0.5588 0.747384
0.559 -0.153842
0.5592 -0.913993
0.5594 -0.836034
0.5596 0.0085356
0.5598 0.845276
0.56 0.906944
0.5602 0.137004
0.5604 -0.758557
0.5606 -0.958578
0.5608 -0.279661
0.561 0.655681
0.5612 0.98982
0.5614 0.416381
0.5616 -0.538843
0.5618 -0.999995
0.562 -0.544236
0.5622 0.410544
0.5624 0.988888
0.5626 0.660492
0.5628 -0.273535
0.563 -0.956748
0.5632 -0.762669
0.5634 0.130752
0.5636 0.904281
0.5638 0.848597
0.564 0.014747
0.5642 -0.832631
0.5644 -0.916464
0.5646 -0.159853
0.5648 0.74336
0.565 0.964852
0.5652 0.301472
0.5654 -0.638403
0.5656 -0.992773
0.5658 -0.436599
0.566 0.520029
0.5662 0.999683
0.5664 0.562379
0.5666 -0.390789
0.5668 -0.985493
0.567 -0.676172
0.5672 0.253453
0.5674 0.950571
0.5676 0.77561
0.5678 -0.110953
0.568 -0.895728
0.5682 -0.858646
0.5684 -0.0336894
0.5686 0.822194
0.5688 0.923599
0.569 0.177423
0.5692 -0.731593
0.5694 -0.969182
0.5696 -0.317239
0.5698 0.625898
0.57 0.994533
0.5702 0.450235
0.5704 -0.50739
0.5706 -0.999223
0.5708 -0.573677
0.571 0.378599
0.5712 0.983263
0.5714 0.685055
0.5716 -0.242249
0.5718 -0.947101
0.572 -0.782137
0.5722 0.101199
0.5724 0.8916
0.5726 0.86301
0.5728 0.0416245
0.573 -0.81802
0.5732 -0.926122
0.5734 -0.183288
0.5736 0.727983
0.5738 0.970302
0.574 0.320914
0.5742 -0.623432
0.5744 -0.994784
0.5746 -0.451741
0.5748 0.506585
0.575 0.999216
0.5752 0.573181
0.5754 -0.379887
0.5756 -0.98366
0.5758 -0.682868
0.576 0.245951
0.5762 0.948582
0.5764 0.778706
0.5766 -0.107502
0.5768 -0.894836
0.577 -0.858906
0.5772 -0.0326805
0.5774 0.823641
0.5776 0.922016
0.5778 0.17182
0.578 -0.736546
0.5782 -0.966947
0.5784 -0.307202
0.5786 0.635391
0.5788 0.992983
0.579 0.436227
0.5792 -0.522269
0.5794 -0.999793
0.5796 -0.556457
0.5798 0.399474
0.58 0.987426
0.5802 0.665665
0.5804 -0.269451
0.5806 -0.956302
0.5808 -0.761874
0.581 0.134747
0.5812 0.907196
0.5814 0.843388
0.5816 0.0020429
0.5818 -0.841214
0.582 -0.90882
0.5822 -0.138329
0.5824 0.759766
0.5826 0.957111
0.5828 0.271573
0.583 -0.664526
0.5832 -0.987543
0.5834 -0.399341
0.5836 0.557401
0.5838 0.999746
0.584 0.51934
0.5842 -0.440482
0.5844 -0.993691
0.5846 -0.629466
0.5848 0.316004
0.585 0.969688
0.5852 0.72783
0.5854 -0.186299
0.5856 -0.928368
0.5858 -0.812797
0.586 0.053752
0.5862 0.870663
0.5864 0.883
0.5866 0.0792472
0.5868 -0.797784
0.587 -0.937364
0.5872 -0.210345
0.5874 0.711186
0.5876 0.975115
0.5878 0.337268
0.588 -0.61254
0.5882 -0.995788
0.5884 -0.457857
0.5886 0.503696
0.5888 0.999223
0.589 0.570109
0.5892 -0.386643
0.5894 -0.985564
0.5896 -0.6722
0.5898 0.263475
0.59 0.955243
0.5902 0.76252
0.5904 -0.136346
0.5906 -0.908968
0.5908 -0.839686
0.591 0.00743748
0.5912 0.847702
0.5914 0.902568
0.5916 0.121085
0.5918 -0.772639
0.592 -0.950293
0.5922 -0.247105
0.5924 0.685179
0.5926 0.982258
0.5928 0.368588
0.593 -0.586897
0.5932 -0.998128
0.5934 -0.483616
0.5936 0.479511
0.5938 0.997838
0.594 0.590412
0.5942 -0.364855
0.5944 -0.981583
0.5946 -0.687367
0.5948 0.24484
0.595 0.949808
0.5952 0.77306
0.5954 -0.121424
0.5956 -0.903194
0.5958 -0.846275
0.596 -0.00341672
0.5962 0.842644
0.5964 0.906016
0.5966 0.127726
0.5968 -0.769255
0.597 -0.951512
0.5972 -0.249592
0.5974 0.684304
0.5976 0.982228
0.5978 0.367178
0.598 -0.589216
0.5982 -0.997862
0.5984 -0.478747
0.5986 0.485546
0.5988 0.998345
0.599 0.582682
0.5992 -0.374946
0.5994 -0.983836
0.5996 -0.677515
0.5998 0.25914
0.6 0.954712
0.6002 0.761935
0.6004 -0.139898
0.6006 -0.911559
0.6008 -0.834809
0.601 0.0190075
0.6012 0.855155
0.6014 0.89519
0.6016 0.10175
0.6018 -0.786456
0.602 -0.942329
0.6022 -0.220628
0.6024 0.706577
0.6026 0.975678
0.6028 0.335935
0.603 -0.616775
0.6032 -0.994892
0.6034 -0.446057
0.6036 0.518423
0.6038 0.999831
0.604 0.549481
0.6042 -0.412994
0.6044 -0.990557
0.6046 -0.644809
0.6048 0.302033
0.605 0.967326
0.6052 0.730776
0.6054 -0.187142
0.6056 -0.930582
0.6058 -0.806265
0.606 0.0699493
0.6062 0.880947
0.6064 0.870317
0.6066 0.0479063
0.6068 -0.819209
0.607 -0.92214
0.6072 -0.1648
0.6074 0.746307
0.6076 0.961115
0.6078 0.279141
0.608 -0.663318
0.6082 -0.986806
0.6084 -0.389393
0.6086 0.571439
0.6088 0.998955
0.609 0.49409
0.6092 -0.471971
0.6094 -0.997485
0.6096 -0.591858
0.6098 0.366299
0.61 0.982501
0.6102 0.681426
0.6104 -0.255875
0.6106 -0.954279
0.6108 -0.761644
0.611 0.142199
0.6112 0.913267
0.6114 0.831492
0.6116 -0.0267989
0.6118 -0.860073
0.612 -0.890094
0.6122 -0.0887885
0.6124 0.795455
0.6126 0.936725
0.6128 0.203035
0.613 -0.720315
0.6132 -0.970816
0.6134 -0.314441
0.6136 0.635679
0.6138 0.991964
0.614 0.421552
0.6142 -0.54269
0.6144 -0.999932
0.6146 -0.522976
0.6148 0.44259
0.615 0.994651
0.6152 0.6174
0.6154 -0.336706
0.6156 -0.976219
0.6158 -0.703604
0.616 0.226432
0.6162 0.9449
0.6164 0.780475
0.6166 -0.113215
0.6168 -0.901119
0.617 -0.847023
0.6172 -0.00146752
0.6174 0.84546
0.6176 0.902386
0.6178 0.116118
0.618 -0.77865
0.6182 -0.945845
0.6184 -0.229243
0.6186 0.701562
0.6188 0.976832
0.619 0.339365
0.6192 -0.615195
0.6194 -0.994933
0.6196 -0.445046
0.6198 0.520667
0.62 0.999898
0.6202 0.544899
0.6204 -0.419201
0.6206 -0.991639
0.6208 -0.637608
0.621 0.312112
0.6212 0.970237
0.6214 0.721942
0.6216 -0.200789
0.6218 -0.93594
0.622 -0.796772
0.6222 0.0866838
0.6224 0.889159
0.6226 0.861082
0.6228 0.0287111
0.623 -0.830468
0.6232 -0.913986
0.6234 -0.143876
0.6236 0.760595
0.6238 0.954738
0.624 0.257286
0.6242 -0.680417
0.6244 -0.982741
0.6246 -0.367424
0.6248 0.590953
0.625 0.997558
0.6252 0.472804
0.6254 -0.493348
0.6256 -0.99892
0.6258 -0.571988
0.626 0.388864
0.6262 0.986729
0.6264 0.663604
0.6266 -0.278868
0.6268 -0.961064
0.627 -0.746365
0.6272 0.164812
0.6274 0.922183
0.6276 0.819087
0.6278 -0.0482196
0.628 -0.870521
0.6282 -0.880702
0.6284 -0.0693327
0.6286 0.806691
0.6288 0.930281
0.629 0.186235
0.6292 -0.731475
0.6294 -0.96704
0.6296 -0.300865
0.6298 0.645822
0.63 0.99036
0.6302 0.411606
0.6304 -0.550835
0.6306 -0.999798
0.6308 -0.516871
0.631 0.447764
0.6312 0.995092
0.6314 0.615126
0.6316 -0.337991
0.6318 -0.976174
0.632 -0.704905
0.6322 0.223013
0.6324 0.943173
0.6326 0.784841
0.6328 -0.104426
0.633 -0.89642
0.6332 -0.853678
0.6334 -0.016095
0.6336 0.836447
0.6338 0.910301
0.634 0.136815
0.6342 -0.763986
0.6344 -0.953746
0.6346 -0.255966
0.6348 0.679965
0.635 0.983224
0.6352 0.371768
0.6354 -0.585496
0.6356 -0.998137
0.6358 -0.482454
0.636 0.48187
0.6362 0.99809
0.6364 0.586301
0.6366 -0.370541
0.6368 -0.982902
0.637 -0.68165
0.6372 0.253108
0.6374 0.952622
0.6376 0.766939
0.6378 -0.131296
0.638 -0.907525
0.6382 -0.840726
0.6384 0.00693526
0.6386 0.848124
0.6388 0.901715
0.639 0.118065
0.6392 -0.775165
0.6394 -0.948782
0.6396 -0.241745
0.6398 0.689624
0.64 0.981
0.6402 0.362119
0.6404 -0.5927
0.6406 -0.997655
0.6408 -0.477213
0.641 0.485799
0.6412 0.99827
0.6414 0.58509
0.6416 -0.370525
0.6418 -0.982618
0.642 -0.68389
0.6422 0.248653
0.6424 0.950734
0.6426 0.771857
0.6428 -0.122112
0.643 -0.902924
0.6432 -0.847377
0.6434 -0.00704938
0.6436 0.83977
0.6438 0.909005
0.644 0.136687
0.6442 -0.762127
0.6444 -0.955503
0.6446 -0.264599
0.6448 0.671118
0.645 0.985861
0.6452 0.388562
0.6454 -0.568129
0.6456 -0.999328
0.6458 -0.506367
0.646 0.454783
0.6462 0.99543
0.6464 0.615862
0.6466 -0.33293
0.6468 -0.973992
0.647 -0.714992
0.6472 0.204613
0.6474 0.93515
0.6476 0.80184
0.6478 -0.0720425
0.648 -0.879357
0.6482 -0.874667
0.6484 -0.0624426
0.6486 0.807389
0.6488 0.93195
0.649 0.196411
0.6492 -0.720339
0.6494 -0.972418
0.6496 -0.327386
0.6498 0.619608
0.65 0.995088
0.6502 0.452886
0.6504 -0.506888
0.6506 -0.999289
0.6508 -0.570479
0.651 0.384138
0.6512 0.984687
0.6514 0.677825
0.6516 -0.253557
0.6518 -0.951305
0.652 -0.77273
0.6522 0.117546
0.6524 0.899533
0.6526 0.853195
0.6528 0.0213341
0.653 -0.83013
0.6532 -0.917458
0.6534 -0.160407
0.6536 0.744223
0.6538 0.964042
0.654 0.296932
0.6542 -0.643294
0.6544 -0.991793
0.6546 -0.428161
0.6548 0.529164
0.655 0.999913
0.6552 0.551393
0.6554 -0.403958
0.6556 -0.987989
0.6558 -0.664035
0.656 0.270079
0.6562 0.956011
0.6564 0.763655
0.6566 -0.130158
0.6568 -0.90439
0.657 -0.848046
0.6572 -0.012994
0.6574 0.833955
0.6576 0.915275
0.6578 0.156439
0.658 -0.74595
0.6582 -0.963732
0.6584 -0.297174
0.6586 0.642018
0.6588 0.992181
0.659 0.432197
0.6592 -0.524179
0.6594 -0.999791
0.6596 -0.558572
0.6598 0.394789
0.66 0.986168
0.6602 0.673495
0.6604 -0.256502
0.6606 -0.951376
0.6608 -0.774363
0.661 0.112214
0.6612 0.895944
0.6614 0.858836
0.6616 0.0349941
0.6618 -0.820872
0.662 -0.9249
0.6622 -0.181923
0.6624 0.727613
0.6626 0.970917
0.6628 0.325329
0.663 -0.618052
0.6632 -0.995675
0.6634 -0.461991
0.6636 0.494476
0.6638 0.998424
0.664 0.588794
0.6642 -0.359524
0.6644 -0.978906
0.6646 -0.702802
0.6648 0.216136
0.665 0.937367
0.6652 0.801326
0.6654 -0.067487
0.6656 -0.874567
0.6658 -0.882001
0.666 -0.0830801
0.6662 0.791768
0.6664 0.942843
0.6666 0.232135
0.6668 -0.690716
0.667 -0.982307
0.6672 -0.376238
0.6674 0.573605
0.6676 0.999327
0.6678 0.512025
0.668 -0.443034
0.6682 -0.993357
0.6684 -0.636289
0.6686 0.301949
0.6688 0.964387
0.669 0.746062
0.6692 -0.153576
0.6694 -0.912956
0.6696 -0.838689
0.6698 0.00134993
0.67 0.84014
0.6702 0.911899
0.6704 0.151173
0.6706 -0.747541
0.6708 -0.963868
0.671 -0.300396
0.6712 0.637247
0.6714 0.993265
0.6716 0.442773
0.6718 -0.51179
0.672 -0.999293
0.6722 -0.574898
0.6724 0.374087
0.6726 0.981717
0.6728 0.693588
0.673 -0.22737
0.6732 -0.940871
0.6734 -0.795966
0.6736 0.0751094
0.6738 0.877655
0.674 0.879539
0.6742 0.0790718
0.6744 -0.79352
0.6746 -0.942257
0.6748 -0.231487
0.675 0.690432
0.6752 0.982572
0.6754 0.378479
0.6756 -0.570826
0.6758 -0.999476
0.676 -0.516512
0.6762 0.43755
0.6764 0.992533
0.6766 0.64226
0.6768 -0.293791
0.677 -0.961887
0.6772 -0.752692
0.6774 0.142995
0.6776 0.908264
0.6778 0.84515
0.678 0.0112136
0.6782 -0.832952
0.6784 -0.917414
0.6786 -0.165129
0.6788 0.737769
0.679 0.96776
0.6792 0.315056
0.6794 -0.625018
0.6796 -0.995
0.6798 -0.457401
0.68 0.497425
0.6802 0.998518
0.6804 0.588765
0.6806 -0.358075
0.6808 -0.978272
0.681 -0.706026
0.6812 0.210328
0.6814 0.934804
0.6816 0.806418
0.6818 -0.057733
0.682 -0.869218
0.6822 -0.887596
0.6824 -0.0960574
0.6826 0.783147
0.6828 0.947697
0.683 0.247383
0.6832 -0.678714
0.6834 -0.985376
0.6836 -0.392667
0.6838 0.558468
0.684 0.999841
0.6842 0.528502
0.6844 -0.425324
0.6846 -0.990862
0.6848 -0.651735
0.685 0.282481
0.6852 0.958776
0.6854 0.759544
0.6856 -0.133342
0.6858 -0.904467
0.686 -0.849501
0.6862 -0.0185732
0.6864 0.829341
0.6866 0.919624
0.6868 0.169715
0.687 -0.735282
0.6872 -0.968427
0.6874 -0.316592
0.6876 0.624599
0.6878 0.994942
0.688 0.455855
0.6882 -0.499964
0.6884 -0.998735
0.6886 -0.584378
0.6888 0.364337
0.689 0.979909
0.6892 0.699324
0.6894 -0.220898
0.6896 -0.939091
0.6898 -0.798215
0.69 0.072956
0.6902 0.877403
0.6904 0.878977
0.6906 0.0761248
0.6908 -0.796433
0.691 -0.939986
0.6912 -0.22301
0.6914 0.698177
0.6916 0.980094
0.6918 0.36447
0.692 -0.584991
0.6922 -0.998645
0.6924 -0.497458
0.6926 0.459524
0.6928 0.995477
0.693 0.61917
0.6932 -0.324648
0.6934 -0.970917
0.6936 -0.727108
0.6938 0.183386
0.694 0.925756
0.6942 0.819129
0.6944 -0.0388427
0.6946 -0.861221
0.6948 -0.89348
0.695 -0.105874
0.6952 0.778935
0.6954 0.948831
0.6956 0.247719
0.6958 -0.680864
0.696 -0.98429
0.6962 -0.383779
0.6964 0.569269
0.6966 0.999408
0.6968 0.511332
0.697 -0.446642
0.6972 -0.994178
0.6974 -0.6279
0.6976 0.315647
0.6978 0.969015
0.698 0.731297
0.6982 -0.179052
0.6984 -0.92474
0.6986 -0.819663
0.6988 0.03967
0.699 0.862542
0.6992 0.891498
0.6994 0.0997055
0.6996 -0.78394
0.6998 -0.945672
0.7 -0.236358
0.7002 0.690743
0.7004 0.981444
0.7006 0.367702
0.7008 -0.584994
0.701 -0.998456
0.7012 -0.491331
0.7014 0.468927
0.7016 0.996727
0.7018 0.605062
0.702 -0.344905
0.7022 -0.976638
0.7024 -0.706966
0.7026 0.215374
0.7028 0.93891
0.703 0.795402
0.7032 -0.0828062
0.7034 -0.884571
0.7036 -0.869033
0.7038 -0.0503493
0.704 0.814928
0.7042 0.92684
0.7044 0.181712
0.7046 -0.731526
0.7048 -0.968129
0.705 -0.309014
0.7052 0.636105
0.7054 0.992525
0.7056 0.430138
0.7058 -0.530564
0.706 -0.999972
0.7062 -0.543151
0.7064 0.416911
0.7066 0.99071
0.7068 0.64633
0.707 -0.297228
0.7072 -0.965263
0.7074 -0.738184
0.7076 0.17362
0.7078 0.924412
0.708 0.817469
0.7082 -0.0481845
0.7084 -0.869169
0.7086 -0.883202
0.7088 -0.0770312
0.709 0.800747
0.7092 0.934656
0.7094 0.200061
0.7096 -0.720527
0.7098 -0.971371
0.71 -0.319052
0.7102 0.630029
0.7104 0.993137
0.7106 0.432286
0.7108 -0.530874
0.711 -0.99999
0.7112 -0.538206
0.7114 0.424753
0.7116 0.992198
0.7118 0.635432
0.712 -0.313399
0.7122 -0.970241
0.7124 -0.722771
0.7126 0.198549
0.7128 0.934792
0.713 0.799229
0.7132 -0.0819202
0.7134 -0.886696
0.7136 -0.864014
0.7138 -0.0348145
0.714 0.82695
0.7142 0.916537
0.7144 0.150054
0.7146 -0.75667
0.7148 -0.956409
0.715 -0.262286
0.7152 0.677075
0.7154 0.983435
0.7156 0.370108
0.7158 -0.58946
0.716 -0.997605
0.7162 -0.472237
0.7164 0.495172
0.7166 0.999085
0.7168 0.567526
0.717 -0.395585
0.7172 -0.9882
0.7174 -0.654968
0.7176 0.292083
0.7178 0.965423
0.718 0.733704
0.7182 -0.186038
0.7184 -0.931359
0.7186 -0.803024
0.7188 0.0787911
0.719 0.886725
0.7192 0.862369
0.7194 0.0283632
0.7196 -0.832336
0.7198 -0.911327
0.72 -0.134191
0.7202 0.769089
0.7204 0.949631
0.7206 0.237531
0.7208 -0.697943
0.721 -0.977151
0.7212 -0.337305
0.7214 0.619905
0.7216 0.993889
0.7218 0.432527
0.722 -0.536015
0.7222 -0.999968
0.7224 -0.522307
0.7226 0.447326
0.7228 0.995624
0.723 0.605857
0.7232 -0.354898
0.7234 -0.981195
0.7236 -0.682496
0.7238 0.25978
0.724 0.957113
0.7242 0.751644
0.7244 -0.163
0.7246 -0.923886
0.7248 -0.812828
0.725 0.0655532
0.7252 0.882096
0.7254 0.865679
0.7256 0.0316023
0.7258 -0.832381
0.726 -0.909926
0.7262 -0.127558
0.7264 0.775427
0.7266 0.945395
0.7268 0.221459
0.727 -0.711958
0.7272 -0.972005
0.7274 -0.31251
0.7276 0.642724
0.7278 0.98976
0.728 0.399977
0.7282 -0.568495
0.7284 -0.998743
0.7286 -0.483196
0.7288 0.490049
0.729 0.999113
0.7292 0.561567
0.7294 -0.408165
0.7296 -0.991096
0.7298 -0.63456
0.73 0.323616
0.7302 0.974979
0.7304 0.701716
0.7306 -0.237165
0.7308 -0.951101
0.731 -0.762643
0.7312 0.149553
0.7314 0.919853
0.7316 0.817015
0.7318 -0.0615006
0.732 -0.881663
0.7322 -0.864574
0.7324 -0.0263017
0.7326 0.836996
0.7328 0.905123
0.733 0.113193
0.7332 -0.786346
0.7334 -0.938526
0.7336 -0.198549
0.7338 0.730229
0.734 0.964707
0.7342 0.281779
0.7344 -0.669179
0.7346 -0.983641
0.7348 -0.362335
0.735 0.603745
0.7352 0.995355
0.7354 0.439707
0.7356 -0.534481
0.7358 -0.999924
0.736 -0.513425
0.7362 0.461947
0.7364 0.997468
0.7366 0.583063
0.7368 -0.386703
0.737 -0.988145
0.7372 -0.648234
0.7374 0.309306
0.7376 0.972153
0.7378 0.708595
0.738 -0.230306
0.7382 -0.949721
0.7384 -0.763841
0.7386 0.150243
0.7388 0.921111
0.739 0.81371
0.7392 -0.0696485
0.7394 -0.886611
0.7396 -0.857977
0.7398 -0.0109627
0.74 0.846533
0.7402 0.896456
0.7404 0.0910894
0.7406 -0.801212
0.7408 -0.928999
0.741 -0.170247
0.7412 0.751001
0.7414 0.955491
0.7416 0.247971
0.7418 -0.696269
0.742 -0.975854
0.7422 -0.323813
0.7424 0.6374
0.7426 0.990043
0.7428 0.397347
0.743 -0.57479
0.7432 -0.998044
0.7434 -0.468167
0.7436 0.508844
0.7438 0.999874
0.744 0.535888
0.7442 -0.439978
0.7444 -0.995579
0.7446 -0.600146
0.7448 0.368612
0.745 0.985234
0.7452 0.660602
0.7454 -0.295172
0.7456 -0.96894
0.7458 -0.716935
0.746 0.22009
0.7462 0.946826
0.7464 0.768851
0.7466 -0.143798
0.7468 -0.919044
0.747 -0.816075
0.7472 0.06673
0.7474 0.885771
0.7476 0.858358
0.7478 0.0106779
0.748 -0.847208
0.7482 -0.895474
0.7484 -0.0879915
0.7486 0.803579
0.7488 0.92722
0.749 0.164778
0.7492 -0.755129
0.7494 -0.953416
0.7496 -0.240606
0.7498 0.702124
0.75 0.973908
0.7502 0.315048
0.7504 -0.644854
0.7506 -0.988566
0.7508 -0.387683
0.751 0.583625
0.7512 0.997287
0.7514 0.458091
0.7516 -0.518768
0.7518 -0.999991
0.752 -0.525862
0.7522 0.450629
0.7524 0.996628
0.7526 0.590592
0.7528 -0.379576
0.753 -0.987171
0.7532 -0.651886
0.7534 0.305996
0.7536 0.971626
0.7538 0.709359
0.754 -0.230292
0.7542 -0.950024
0.7544 -0.762637
0.7546 0.152885
0.7548 0.922428
0.755 0.81136
0.7552 -0.074216
0.7554 -0.888931
0.7556 -0.855183
0.7558 -0.0052617
0.756 0.849659
0.7562 0.893776
0.7564 0.0850775
0.7566 -0.804771
0.7568 -0.926829
0.757 -0.164747
0.7572 0.754458
0.7574 0.954053
0.7576 0.243773
0.7578 -0.698948
0.758 -0.975182
0.7582 -0.321646
0.7584 0.638503
0.7586 0.989975
0.7588 0.397848
0.759 -0.573424
0.7592 -0.99822
0.7594 -0.471853
0.7596 0.504048
0.7598 0.999738
0.76 0.543128
0.7602 -0.43075
0.7604 -0.994381
0.7606 -0.61114
0.7608 0.353944
0.761 0.982043
0.7612 0.675353
0.7614 -0.274081
0.7616 -0.962654
0.7618 -0.735237
0.762 0.191653
0.7622 0.936192
0.7624 0.790267
0.7626 -0.107186
0.7628 -0.902678
0.763 -0.839932
0.7632 0.0212455
0.7634 0.862187
0.7636 0.883732
0.7638 0.0655682
0.764 -0.814847
0.7642 -0.921192
0.7644 -0.152622
0.7646 0.76084
0.7648 0.95186
0.765 0.23925
0.7652 -0.70041
0.7654 -0.975315
0.7656 -0.324761
0.7658 0.633862
0.766 0.991176
0.7662 0.408437
0.7664 -0.561566
0.7666 -0.999101
0.7668 -0.489541
0.767 0.483956
0.7672 0.9988
0.7674 0.56732
0.7676 -0.401535
0.7678 -0.990039
0.768 -0.641014
0.7682 0.314871
0.7684 0.972645
0.7686 0.709858
0.7688 -0.224603
0.769 -0.946517
0.7692 -0.773094
0.7694 0.131433
0.7696 0.911628
0.7698 0.829974
0.77 -0.0361293
0.7702 -0.868033
0.7704 -0.879774
0.7706 -0.0604795
0.7708 0.815876
0.771 0.921801
0.7712 0.157507
0.7714 -0.755396
0.7716 -0.955404
0.7718 -0.254014
0.772 0.686928
0.7722 0.979983
0.7724 0.349019
0.7726 -0.61091
0.7728 -0.995001
0.773 -0.441498
0.7732 0.527888
0.7734 0.999999
0.7736 0.530405
0.7738 -0.438513
0.774 -0.994602
0.7742 -0.614672
0.7744 0.343543
0.7746 0.978534
0.7748 0.693229
0.775 -0.243846
0.7752 -0.951629
0.7754 -0.765012
0.7756 0.14039
0.7758 0.913841
0.776 0.828982
0.7762 -0.0342451
0.7764 -0.865256
0.7766 -0.884139
0.7768 -0.0734278
0.777 0.8061
0.7772 0.92954
0.7774 0.181384
0.7776 -0.736746
0.7778 -0.964314
0.778 -0.288308
0.7782 0.657721
0.7784 0.987684
0.7786 0.392824
0.7788 -0.569711
0.779 -0.998984
0.7792 -0.493516
0.7794 0.473561
0.7796 0.997679
0.7798 0.588941
0.78 -0.370278
0.7802 -0.983381
0.7804 -0.677657
0.7806 0.261024
0.7808 0.955869
0.781 0.758237
0.7812 -0.147109
0.7814 -0.915101
0.7816 -0.8293
0.7818 0.0299843
0.782 0.861236
0.7822 0.889535
0.7824 0.0887736
0.7826 -0.794636
0.7828 -0.937725
0.783 -0.20748
0.7832 0.715885
0.7834 0.972783
0.7836 0.324362
0.7838 -0.625787
0.784 -0.99377
0.7842 -0.437585
0.7844 0.525373
0.7846 0.999931
0.7848 0.545279
0.785 -0.415899
0.7852 -0.990719
0.7854 -0.64557
0.7856 0.298833
0.7858 0.965816
0.786 0.736618
0.7862 -0.175851
0.7864 -0.925161
0.7866 -0.816649
0.7868 0.0488141
0.787 0.868967
0.7872 0.883996
0.7874 0.0802531
0.7876 -0.797733
0.7878 -0.937139
0.788 -0.20919
0.7882 0.712257
0.7884 0.974743
0.7886 0.335733
0.7888 -0.61364
0.789 -0.995699
0.7892 -0.457558
0.7894 0.50328
0.7896 0.999164
0.7898 0.572321
0.79 -0.382868
0.7902 -0.984587
0.7904 -0.677703
0.7906 0.254367
0.7908 0.951749
0.791 0.771468
0.7912 -0.119991
0.7914 -0.900785
0.7916 -0.851511
0.7918 -0.0178314
0.792 0.832199
0.7922 0.915909
0.7924 0.156491
0.7926 -0.746884
0.7928 -0.962984
0.793 -0.293248
0.7932 0.646116
0.7934 0.991345
0.7936 0.425289
0.7938 -0.531557
0.794 -0.999942
0.7942 -0.549781
0.7944 0.405232
0.7946 0.988111
0.7948 0.663938
0.795 -0.269507
0.7952 -0.955606
0.7954 -0.765091
0.7956 0.127051
0.7958 0.902633
0.796 0.850753
0.7962 0.0192094
0.7964 -0.829868
0.7966 -0.918694
0.7968 -0.166149
0.797 0.738467
0.7972 0.967006
0.7974 0.310508
0.7976 -0.630059
0.7978 -0.994166
0.798 -0.448966
0.7982 0.506734
0.7984 0.999096
0.7986 0.578223
0.7988 -0.371015
0.799 -0.98121
0.7992 -0.695082
0.7994 0.225809
0.7996 0.940455
0.7998 0.796536
0.8 -0.0743558
0.8002 -0.877336
0.8004 -0.879858
0.8006 -0.0798406
0.8008 0.79293
0.801 0.942679
0.8012 0.233094
0.8014 -0.688883
0.8016 -0.983074
0.8018 -0.381625
0.802 0.567391
0.8022 0.999627
0.8024 0.521657
0.8026 -0.431168
0.8028 -0.991493
0.803 -0.649519
0.8032 0.283388
0.8034 0.958445
0.8036 0.761751
0.8038 -0.127621
0.804 -0.900907
0.8042 -0.855207
0.8044 -0.0322501
0.8046 0.819962
0.8048 0.927153
0.805 0.192127
0.8052 -0.717351
0.8054 -0.975365
0.8056 -0.347802
0.8058 0.595451
0.806 0.998201
0.8062 0.495077
0.8064 -0.457221
0.8066 -0.994677
0.8068 -0.629879
0.807 0.306145
0.8072 0.964514
0.8074 0.748384
0.8076 -0.146146
0.8078 -0.908167
0.808 -0.847136
0.8082 -0.0185147
0.8084 0.826839
0.8086 0.923161
0.8088 0.183351
0.809 -0.722466
0.8092 -0.974064
0.8094 -0.343777
0.8096 0.59768
0.8098 0.998123
0.81 0.495245
0.8102 -0.455751
0.8104 -0.994354
0.8106 -0.633377
0.8108 0.300509
0.811 0.962562
0.8112 0.754101
0.8114 -0.136238
0.8116 -0.903364
0.8118 -0.853786
0.812 -0.032441
0.8122 0.818195
0.8124 0.929359
0.8126 0.200702
0.8128 -0.709276
0.813 -0.978412
0.8132 -0.363658
0.8134 0.579567
0.8136 0.999288
0.8138 0.516509
0.814 -0.432688
0.8142 -0.991151
0.8144 -0.654694
0.8146 0.272823
0.8148 0.954024
0.815 0.774035
0.8152 -0.104596
0.8154 -0.888802
0.8156 -0.870871
0.8158 -0.0670633
0.816 0.797239
0.8162 0.942187
0.8164 0.237069
0.8166 -0.681909
0.8168 -0.98571
0.817 -0.400337
0.8172 0.546131
0.8174 0.999994
0.8176 0.551944
0.8178 -0.393876
0.818 -0.984475
0.8182 -0.687286
0.8184 0.22965
0.8186 0.939498
0.8188 0.802224
0.819 -0.0583564
0.8192 -0.866312
0.8194 -0.893221
0.8196 -0.114857
0.8198 0.767043
0.82 0.957457
0.8202 0.284757
0.8204 -0.644629
0.8206 -0.992925
0.8208 -0.446192
0.821 0.50273
0.8212 0.998499
0.8214 0.594255
0.8216 -0.345621
0.8218 -0.973971
0.822 -0.724441
0.8222 0.178052
0.8224 0.920061
0.8226 0.832789
0.8228 -0.00510344
0.823 -0.838397
0.8232 -0.916011
0.8234 -0.167979
0.8236 0.731464
0.8238 0.971593
0.824 0.335948
0.8242 -0.602523
0.8244 -0.997879
0.8246 -0.493721
0.8248 0.455506
0.825 0.994115
0.8252 0.63654
0.8254 -0.294892
0.8256 -0.960476
0.8258 -0.760124
0.826 0.125563
0.8262 0.89805
0.8264 0.860798
0.8266 0.047354
0.8268 -0.808804
0.827 -0.935604
0.8272 -0.218649
0.8274 0.695512
0.8276 0.982394
0.8278 0.383193
0.828 -0.561666
0.8282 -0.999883
0.8284 -0.536095
0.8286 0.411354
0.8288 0.987688
0.829 0.672856
0.8292 -0.249134
0.8294 -0.946326
0.8296 -0.789502
0.8298 0.0798799
0.83 0.877185
0.8302 0.882702
0.8304 0.0913674
0.8306 -0.782477
0.8308 -0.949859
0.831 -0.259561
0.8312 0.665152
0.8314 0.989184
0.8316 0.419799
0.8318 -0.528799
0.832 -0.999732
0.8322 -0.567478
0.8324 0.377526
0.8326 0.981422
0.8328 0.698419
0.833 -0.215826
0.8332 -0.935021
0.8334 -0.808994
0.8336 0.0484362
0.8338 0.862104
0.834 0.896219
0.8342 0.119811
0.8344 -0.764996
0.8346 -0.957833
0.8348 -0.284132
0.835 0.646679
0.8352 0.992345
0.8354 0.439935
0.8356 -0.510697
0.8358 -0.999067
0.836 -0.582946
0.8362 0.361035
0.8364 0.97811
0.8366 0.709331
0.8368 -0.201992
0.837 -0.930364
0.8372 -0.815794
0.8374 0.0380505
0.8376 0.857451
0.8378 0.899657
0.838 0.126257
0.8382 -0.761661
0.8384 -0.958921
0.8386 -0.28648
0.8388 0.645863
0.839 0.992304
0.8392 0.438373
0.8394 -0.513416
0.8396 -0.999255
0.8398 -0.578007
0.84 0.368054
0.8402 0.979948
0.8404 0.701872
0.8406 -0.213773
0.8408 -0.935255
0.841 -0.806956
0.8412 0.0547132
0.8414 0.866701
0.8416 0.890818
0.8418 0.104957
0.842 -0.776399
0.8422 -0.951627
0.8424 -0.261157
0.8426 0.666973
0.8428 0.988197
0.843 0.409999
0.8432 -0.541475
0.8434 -0.999993
0.8436 -0.547881
0.8438 0.403283
0.844 0.987121
0.8442 0.671578
0.8444 -0.256006
0.8446 -0.950304
0.8448 -0.778303
0.845 0.10338
0.8452 0.890839
0.8454 0.865766
0.8456 0.0508313
0.8458 -0.810541
0.846 -0.932216
0.8462 -0.202935
0.8464 0.711677
0.8466 0.976456
0.8468 0.349394
0.847 -0.596895
0.8472 -0.997857
0.8474 -0.486913
0.8476 0.469138
0.8478 0.996346
0.848 0.612505
0.8482 -0.331565
0.8484 -0.972388
0.8486 -0.723552
0.8488 0.18746
0.849 0.926948
0.8492 0.817853
0.8494 -0.0401565
0.8496 -0.861448
0.8498 -0.893654
0.85 -0.10705
0.8502 0.777715
0.8504 0.949671
0.8506 0.250971
0.8508 -0.677918
0.851 -0.985098
0.8512 -0.388598
0.8514 0.564507
0.8516 0.999605
0.8518 0.517159
0.852 -0.44014
0.8522 -0.99332
0.8524 -0.634169
0.8526 0.307618
0.8528 0.966807
0.853 0.737472
0.8532 -0.169816
0.8534 -0.921031
0.8536 -0.825271
0.8538 0.029618
0.854 0.85732
0.8542 0.896151
0.8544 0.110147
0.8546 -0.777318
0.8548 -0.949087
0.855 -0.246758
0.8552 0.682934
0.8554 0.983448
0.8556 0.377657
0.8558 -0.576293
0.856 -0.99899
0.8562 -0.500488
0.8564 0.459678
0.8566 0.995839
0.8568 0.613138
0.857 -0.335478
0.8572 -0.974474
0.8574 -0.713764
0.8576 0.206136
0.8578 0.935695
0.858 0.800817
0.8582 -0.0741005
0.8584 -0.880592
0.8586 -0.873053
0.8588 -0.0582262
0.859 0.810511
0.8592 0.929543
0.8594 0.188526
0.8596 -0.727014
0.8598 -0.969674
0.86 -0.314605
0.8602 0.631839
0.8604 0.993139
0.8606 0.434427
0.8608 -0.526858
0.861 -0.999934
0.8612 -0.546142
0.8614 0.414039
0.8616 0.990333
0.8618 0.648106
0.862 -0.295404
0.8622 -0.964874
0.8624 -0.7389
0.8626 0.172993
0.8628 0.924332
0.863 0.817344
0.8632 -0.0488282
0.8634 -0.869698
0.8636 -0.882499
0.8638 -0.0751195
0.864 0.802145
0.8642 0.933674
0.8644 0.196959
0.8646 -0.723
0.8648 -0.970419
0.865 -0.314904
0.8652 0.633721
0.8654 0.992522
0.8656 0.427299
0.8658 -0.535857
0.866 -0.999998
0.8662 -0.532632
0.8664 0.431026
0.8666 0.993078
0.8668 0.629555
0.867 -0.320886
0.8672 -0.972191
0.8674 -0.716892
0.8676 0.207104
0.8678 0.937947
0.868 0.793648
0.8682 -0.0913388
0.8684 -0.891122
0.8686 -0.859011
0.8688 -0.0247904
0.869 0.832634
0.8692 0.912359
0.8694 0.139719
0.8696 -0.763523
0.8698 -0.953251
0.87 -0.251957
0.8702 0.684931
0.8704 0.98143
0.8706 0.360106
0.8708 -0.598083
0.871 -0.99681
0.8712 -0.462872
0.8714 0.504264
0.8716 0.999475
0.8718 0.559075
0.872 -0.404799
0.8722 -0.989661
0.8724 -0.647662
0.8726 0.301036
0.8728 0.967754
0.873 0.727709
0.8732 -0.194327
0.8734 -0.934268
0.8736 -0.798426
0.8738 0.0860126
0.874 0.889841
0.8742 0.859165
0.8744 0.0225948
0.8746 -0.835215
0.8748 -0.909413
0.875 -0.130224
0.8752 0.771223
0.8754 0.948796
0.8756 0.235656
0.8758 -0.698779
0.876 -0.977072
0.8762 -0.337739
0.8764 0.61886
0.8766 0.994133
0.8768 0.435393
0.877 -0.532494
0.8772 -0.999996
0.8774 -0.527621
0.8776 0.440747
0.8778 0.994795
0.878 0.613514
0.8782 -0.344707
0.8784 -0.97878
0.8786 -0.692256
0.8788 0.245479
0.879 0.952304
0.8792 0.76313
0.8794 -0.144164
0.8796 -0.915818
0.8798 -0.825519
0.88 0.0418564
0.8802 0.86986
0.8804 0.878908
0.8806 0.0603694
0.8808 -0.815048
0.881 -0.922885
0.8812 -0.161469
0.8814 0.752073
0.8816 0.957139
0.8818 0.260434
0.882 -0.681685
0.8822 -0.981461
0.8824 -0.356303
0.8826 0.604688
0.8828 0.995743
0.883 0.448164
0.8832 -0.52193
0.8834 -0.999969
0.8836 -0.535165
0.8838 0.434291
0.884 0.994222
0.8842 0.616514
0.8844 -0.342683
0.8846 -0.978671
0.8848 -0.691489
0.885 0.24803
0.8852 0.953571
0.8854 0.759437
0.8856 -0.151272
0.8858 -0.919258
0.886 -0.819782
0.8862 0.0533466
0.8864 0.876145
0.8866 0.872023
0.8868 0.0448106
0.887 -0.824715
0.8872 -0.915738
0.8874 -0.142277
0.8876 0.765517
0.8878 0.950586
0.888 0.23815
0.8882 -0.699158
0.8884 -0.976305
0.8886 -0.331549
0.8888 0.626302
0.889 0.992716
0.8892 0.421628
0.8894 -0.547659
0.8896 -0.999722
0.8898 -0.507575
0.89 0.463983
0.8902 0.997304
0.8904 0.588623
0.8906 -0.376061
0.8908 -0.985526
0.891 -0.664049
0.8912 0.284715
0.8914 0.964528
0.8916 0.733185
0.8918 -0.190787
0.892 -0.934527
0.8922 -0.795416
0.8924 0.095138
0.8926 0.895815
0.8928 0.85019
0.893 0.00135872
0.8932 -0.848757
0.8934 -0.897016
0.8936 -0.0978253
0.8938 0.793785
0.894 0.935474
0.8942 0.193385
0.8944 -0.7314
0.8946 -0.965209
0.8948 -0.287167
0.895 0.662162
0.8952 0.985944
0.8954 0.378315
0.8956 -0.586694
0.8958 -0.997473
0.896 -0.465993
0.8962 0.505672
0.8964 0.999669
0.8966 0.549389
0.8968 -0.41982
0.897 -0.992484
0.8972 -0.627725
0.8974 0.329911
0.8976 0.975948
0.8978 0.700258
0.898 -0.236757
0.8982 -0.950174
0.8984 -0.766293
0.8986 0.141202
0.8988 0.915352
0.899 0.825183
0.8992 -0.0441227
0.8994 -0.871757
0.8996 -0.876335
0.8998 -0.0535844
0.9 0.819739
0.9002 0.919221
0.9004 0.151006
0.9006 -0.759731
0.9008 -0.953378
0.901 -0.24722
0.9012 0.692239
0.9014 0.978413
0.9016 0.341303
0.9018 -0.617847
0.902 -0.994013
0.9022 -0.432336
0.9024 0.537207
0.9026 0.999945
0.9028 0.519416
0.903 -0.45104
0.9032 -0.996059
0.9034 -0.601659
0.9036 0.360132
0.9038 0.982298
0.904 0.678213
0.9042 -0.265324
0.9044 -0.958692
0.9046 -0.748262
0.9048 0.167513
0.905 0.925369
0.9052 0.811038
0.9054 -0.0676388
0.9056 -0.882552
0.9058 -0.865829
0.906 -0.0333167
0.9062 0.83056
0.9064 0.911983
0.9066 0.134342
0.9068 -0.76981
0.907 -0.948922
0.9072 -0.234404
0.9074 0.700817
0.9076 0.976149
0.9078 0.332455
0.908 -0.624188
0.9082 -0.993252
0.9084 -0.427443
0.9086 0.540623
0.9088 0.999913
0.909 0.518326
0.9092 -0.450913
0.9094 -0.995918
0.9096 -0.604076
0.9098 0.355931
0.91 0.981159
0.9102 0.683698
0.9104 -0.256626
0.9106 -0.955639
0.9108 -0.756234
0.911 0.154021
0.9112 0.919479
0.9114 0.820783
0.9116 -0.0491985
0.9118 -0.872921
0.912 -0.876506
0.9122 -0.0567048
0.9124 0.816327
0.9126 0.92264
0.9128 0.162511
0.913 -0.750184
0.9132 -0.958513
0.9134 -0.26701
0.9136 0.675099
0.9138 0.983551
0.914 0.368976
0.9142 -0.5918
0.9144 -0.997291
0.9146 -0.46718
0.9148 0.501132
0.915 0.999389
0.9152 0.560401
0.9154 -0.40405
0.9156 -0.989634
0.9158 -0.647446
0.916 0.301613
0.9162 0.967949
0.9164 0.727164
0.9166 -0.194975
0.9168 -0.934403
0.917 -0.798461
0.9172 0.0853737
0.9174 0.889213
0.9176 0.860318
0.9178 0.0258803
0.918 -0.832751
0.9182 -0.911806
0.9184 -0.137419
0.9186 0.765541
0.9188 0.952103
0.919 0.247833
0.9192 -0.68826
0.9194 -0.98051
0.9196 -0.355687
0.9198 0.601738
0.92 0.996463
0.9202 0.45954
0.9204 -0.506947
0.9206 -0.999547
0.9208 -0.557962
0.921 0.405002
0.9212 0.989509
0.9214 0.649558
0.9216 -0.297141
0.9218 -0.96627
0.922 -0.732987
0.9222 0.184721
0.9224 0.929926
0.9226 0.806985
0.9228 -0.0691982
0.923 -0.880761
0.9232 -0.870384
0.9234 -0.0478876
0.9236 0.819249
0.9238 0.922132
0.924 0.164932
0.9242 -0.746049
0.9244 -0.96132
0.9246 -0.280288
0.9248 0.66201
0.925 0.987192
0.9252 0.392288
0.9254 -0.56816
0.9256 -0.999168
0.9258 -0.499272
0.926 0.465698
0.9262 0.996861
0.9264 0.599608
0.9266 -0.355984
0.9268 -0.980083
0.927 -0.691723
0.9272 0.240522
0.9274 0.948862
0.9276 0.774129
0.9278 -0.120942
0.928 -0.903449
0.9282 -0.845446
0.9284 -0.00102251
0.9286 0.844317
0.9288 0.904436
0.929 0.123557
0.9292 -0.772166
0.9294 -0.950019
0.9296 -0.244795
0.9298 0.687917
0.93 0.981303
0.9302 0.362846
0.9304 -0.592706
0.9306 -0.997601
0.9308 -0.475823
0.931 0.487869
0.9312 0.998451
0.9314 0.581881
0.9316 -0.374931
0.9318 -0.983633
0.932 -0.679243
0.9322 0.255581
0.9324 0.953176
0.9326 0.766237
0.9328 -0.131653
0.933 -0.907368
0.9332 -0.841325
0.9334 0.00509535
0.9336 0.846759
0.9338 0.903136
0.934 0.122059
0.9342 -0.77216
0.9344 -0.950493
0.9346 -0.247726
0.9348 0.684632
0.935 0.98244
0.9352 0.369802
0.9354 -0.58548
0.9356 -0.998266
0.9358 -0.486208
0.936 0.476232
0.9362 0.997525
0.9364 0.59492
0.9366 -0.35862
0.9368 -0.980046
0.937 -0.694012
0.9372 0.234552
0.9374 0.94595
0.9376 0.781692
0.9378 -0.106084
0.938 -0.895652
0.9382 -0.856337
0.9384 -0.0246158
0.9386 0.829858
0.9388 0.916529
0.939 0.155304
0.9392 -0.749562
0.9394 -0.961084
0.9396 -0.283703
0.9398 0.656034
0.94 0.98908
0.9402 0.407538
0.9404 -0.5508
0.9406 -0.999879
0.9408 -0.524588
0.941 0.435621
0.9412 0.993146
0.9414 0.632721
0.9416 -0.312461
0.9418 -0.968861
0.942 -0.729939
0.9422 0.183457
0.9424 0.927325
0.9426 0.81442
0.9428 -0.0508797
0.943 -0.869158
0.9432 -0.884552
0.9434 -0.0829058
0.9436 0.795297
0.9438 0.938971
0.944 0.215487
0.9442 -0.706978
0.9444 -0.976591
0.9446 -0.344447
0.9448 0.60572
0.945 0.996626
0.9452 0.467413
0.9454 -0.493299
0.9456 -0.998611
0.9458 -0.582101
0.946 0.371714
0.9462 0.982417
0.9464 0.686364
0.9466 -0.243156
0.9468 -0.948254
0.947 -0.778233
0.9472 0.109963
0.9474 0.896674
0.9476 0.855958
0.9478 0.0254218
0.948 -0.828561
0.9482 -0.918044
0.9484 -0.160498
0.9486 0.745118
0.9488 0.963287
0.949 0.292758
0.9492 -0.647847
0.9494 -0.990792
0.9496 -0.41973
0.9498 0.538519
0.95 1
0.9502 0.539038
0.9504 -0.419142
0.9506 -0.990697
0.9508 -0.648437
0.951 0.291926
0.9512 0.963022
0.9514 0.745867
0.9516 -0.159233
0.9518 -0.917464
0.952 -0.829491
0.9522 0.0235374
0.9524 0.854855
0.9526 0.897731
0.9528 0.112624
0.953 -0.776356
0.9532 -0.949301
0.9534 -0.246704
0.9536 0.683429
0.9538 0.983233
0.954 0.376195
0.9542 -0.577813
0.9544 -0.998896
0.9546 -0.498675
0.9548 0.461491
0.955 0.996009
0.9552 0.611861
0.9554 -0.336645
0.9556 -0.974643
0.9558 -0.713649
0.956 0.205616
0.9562 0.935223
0.9564 0.802157
0.9566 -0.0708577
0.9568 -0.878515
0.957 -0.875761
0.9572 -0.0651123
0.9574 0.805611
0.9576 0.933125
0.9578 0.199763
0.958 -0.717907
0.9582 -0.973228
0.9584 -0.330601
0.9586 0.617071
0.9588 0.995377
0.959 0.455215
0.9592 -0.505013
0.9594 -0.999225
0.9596 -0.571324
0.9598 0.38384
0.96 0.984769
0.9602 0.676824
0.9604 -0.255819
0.9606 -0.952351
0.9608 -0.769821
0.961 0.12333
0.9612 0.902644
0.9614 0.84867
0.9616 0.0111847
0.9618 -0.836641
0.962 -0.912002
0.9622 -0.145262
0.9624 0.755627
0.9626 0.958748
0.9628 0.276469
0.963 -0.661156
0.9632 -0.988155
0.9634 -0.40245
0.9636 0.555012
0.9638 0.999796
0.964 0.520967
0.9642 -0.439177
0.9644 -0.993575
0.9646 -0.629943
0.9648 0.315788
0.965 0.969722
0.9652 0.727496
0.9654 -0.187098
0.9656 -0.928784
0.9658 -0.811976
0.966 0.0554267
0.9662 0.87161
0.9664 0.881984
0.9666 0.0768804
0.9668 -0.799332
0.967 -0.936402
0.9672 -0.207496
0.9674 0.713334
0.9676 0.974403
0.9678 0.334153
0.968 -0.61523
0.9682 -0.995462
0.9684 -0.454687
0.9686 0.506819
0.9688 0.999361
0.969 0.567072
0.9692 -0.390061
0.9694 -0.986186
0.9696 -0.669453
0.9698 0.267029
0.97 0.956318
0.9702 0.760177
0.9704 -0.139873
0.9706 -0.91042
0.9708 -0.837821
0.971 0.0107815
0.9712 0.849423
0.9714 0.901206
0.9716 0.11806
0.9718 -0.774497
0.972 -0.949415
0.9722 -0.244507
0.9724 0.68703
0.9726 0.981805
0.9728 0.366491
0.973 -0.588597
0.9732 -0.998008
0.9734 -0.482056
0.9736 0.480928
0.9738 0.997932
0.974 0.589386
0.9742 -0.365874
0.9744 -0.981757
0.9746 -0.686833
0.9748 0.245375
0.975 0.949923
0.9752 0.772944
0.9754 -0.121423
0.9756 -0.903114
0.9758 -0.846473
0.976 -0.00397184
0.9762 0.842246
0.9764 0.906404
0.9766 0.128814
0.9768 -0.768441
0.977 -0.951956
0.9772 -0.251158
0.9774 0.683002
0.9776 0.982591
0.9778 0.369135
0.978 -0.587391
0.9782 -0.998016
0.9784 -0.480981
0.9786 0.483199
0.9788 0.998179
0.979 0.585065
0.9792 -0.372118
0.9794 -0.983266
0.9796 -0.679906
0.9798 0.255907
0.98 0.953687
0.9802 0.764197
0.9804 -0.13637
0.9806 -0.910067
0.9808 -0.836816
0.981 0.0153219
0.9812 0.853228
0.9814 0.896839
0.9816 0.105439
0.9818 -0.78417
0.982 -0.943548
0.9822 -0.224156
0.9824 0.704053
0.9826 0.976437
0.9828 0.33914
0.983 -0.61417
0.9832 -0.995208
0.9834 -0.448792
0.9836 0.515932
0.9838 0.999777
0.984 0.551624
0.9842 -0.410834
0.9844 -0.990259
0.9846 -0.646278
0.9848 0.300439
0.985 0.966969
0.9852 0.731537
0.9854 -0.186348
0.9856 -0.930406
0.9858 -0.806345
0.986 0.0701823
0.9862 0.881241
0.9864 0.869809
0.9866 0.0464468
0.9868 -0.820305
0.987 -0.921213
0.9872 -0.161955
0.9874 0.748568
0.9876 0.960018
0.9878 0.274806
0.988 -0.667127
0.9882 -0.985865
0.9884 -0.383533
0.9886 0.577183
0.9888 0.998573
0.989 0.486755
0.9892 -0.480023
0.9894 -0.998139
0.9896 -0.58319
0.9898 0.377003
0.99 0.98473
0.9902 0.671673
0.9904 -0.269523
0.9906 -0.958676
0.9908 -0.751161
0.991 0.159015
0.9912 0.92046
0.9914 0.820752
0.9916 -0.0469179
0.9918 -0.87071
0.992 -0.879681
0.9922 -0.0653379
0.9924 0.810186
0.9926 0.927333
0.9928 0.176348
0.993 -0.739764
0.9932 -0.963245
0.9934 -0.284751
0.9936 0.660425
0.9938 0.987105
0.994 0.389243
0.9942 -0.573241
0.9944 -0.998752
0.9946 -0.488591
0.9948 0.479357
0.995 0.998174
0.9952 0.581647
0.9954 -0.379976
0.9956 -0.985506
0.9958 -0.667357
0.996 0.276347
0.9962 0.961022
0.9964 0.744772
0.9966 -0.169744
0.9968 -0.925128
0.997 -0.813055
0.9972 0.0614573
0.9974 0.878355
0.9976 0.871489
0.9978 0.0472267
0.998 -0.821353
0.9982 -0.91948
0.9984 -0.155037
0.9986 0.754874
0.9988 0.956562
0.999 0.26073
0.9992 -0.679769
0.9994 -0.982397
0.9996 -0.363106
0.9998 0.596971
