-10 453
-9.9 443.55
-9.8 434.2
-9.7 424.95
-9.6 415.8
-9.5 406.75
-9.4 397.8
-9.3 388.95
-9.2 380.2
-9.1 371.55
-9 363
-8.9 354.55
-8.8 346.2
-8.7 337.95
-8.6 329.8
-8.5 321.75
-8.4 313.8
-8.3 305.95
-8.2 298.2
-8.1 290.55
-8 283
-7.9 275.55
-7.8 268.2
-7.7 260.95
-7.6 253.8
-7.5 246.75
-7.4 239.8
-7.3 232.95
-7.2 226.2
-7.1 219.55
-7 213
-6.9 206.55
-6.8 200.2
-6.7 193.95
-6.6 187.8
-6.5 181.75
-6.4 175.8
-6.3 169.95
-6.2 164.2
-6.1 158.55
-6 153
-5.9 147.55
-5.8 142.2
-5.7 136.95
-5.6 131.8
-5.5 126.75
-5.4 121.8
-5.3 116.95
-5.2 112.2
-5.1 107.55
-5 103
-4.9 98.55
-4.8 94.2
-4.7 89.95
-4.6 85.8
-4.5 81.75
-4.4 77.8
-4.3 73.95
-4.2 70.2
-4.1 66.55
-4 63
-3.9 59.55
-3.8 56.2
-3.7 52.95
-3.6 49.8
-3.5 46.75
-3.4 43.8
-3.3 40.95
-3.2 38.2
-3.1 35.55
-3 33
-2.9 30.55
-2.8 28.2
-2.7 25.95
-2.6 23.8
-2.5 21.75
-2.4 19.8
-2.3 17.95
-2.2 16.2
-2.1 14.55
-2 13
-1.9 11.55
-1.8 10.2
-1.7 8.95
-1.6 7.8
-1.5 6.75
-1.4 5.8
-1.3 4.95
-1.2 4.2
-1.1 3.55
-1 3
-0.9 2.55
-0.8 2.2
-0.7 1.95
-0.6 1.8
-0.5 1.75
-0.4 1.8
-0.3 1.95
-0.2 2.2
-0.1 2.55
0 3
0.1 3.55
0.2 4.2
0.3 4.95
0.4 5.8
0.5 6.75
0.6 7.8
0.7 8.95
0.8 10.2
0.9 11.55
1 13
1.1 14.55
1.2 16.2
1.3 17.95
1.4 19.8
1.5 21.75
1.6 23.8
1.7 25.95
1.8 28.2
1.9 30.55
2 33
2.1 35.55
2.2 38.2
2.3 40.95
2.4 43.8
2.5 46.75
2.6 49.8
2.7 52.95
2.8 56.2
2.9 59.55
3 63
3.1 66.55
3.2 70.2
3.3 73.95
3.4 77.8
3.5 81.75
3.6 85.8
3.7 89.95
3.8 94.2
3.9 98.55
4 103
4.1 107.55
4.2 112.2
4.3 116.95
4.4 121.8
4.5 126.75
4.6 131.8
4.7 136.95
4.8 142.2
4.9 147.55
5 153
5.1 158.55
5.2 164.2
5.3 169.95
5.4 175.8
5.5 181.75
5.6 187.8
5.7 193.95
5.8 200.2
5.9 206.55
6 213
6.1 219.55
6.2 226.2
6.3 232.95
6.4 239.8
6.5 246.75
6.6 253.8
6.7 260.95
6.8 268.2
6.9 275.55
7 283
7.1 290.55
7.2 298.2
7.3 305.95
7.4 313.8
7.5 321.75
7.6 329.8
7.7 337.95
7.8 346.2
7.9 354.55
8 363
8.1 371.55
8.2 380.2
8.3 388.95
8.4 397.8
8.5 406.75
8.6 415.8
8.7 424.95
8.8 434.2
8.9 443.55
9 453
9.1 462.55
9.2 472.2
9.3 481.95
9.4 491.8
9.5 501.75
9.6 511.8
9.7 521.95
9.8 532.2
9.9 542.55
10 553
